used_memory,heap_memory,free_blocks,external_fragmentation,internal_fragmentation
1936,1984,0,0.000000,0
5632,5728,0,0.000000,0
7168,7312,0,0.000000,0
8664,8856,0,0.000000,0
7128,8856,1,0.000000,0
5632,8856,1,0.000000,0
1936,8856,1,0.000000,0
0,8856,1,0.000000,0
4048,8856,1,0.000000,0
7648,8856,1,0.000000,0
7864,8856,1,0.000000,0
9544,10584,1,0.000000,0
9328,10584,1,0.000000,0
12736,14040,1,0.000000,0
9136,14040,1,0.000000,0
5728,14040,2,0.419704,0
8384,14040,2,0.129985,0
11592,14040,2,0.325926,0
8384,14040,2,0.129985,0
4336,14040,2,0.074012,0
5056,14040,2,0.080512,0
7496,14040,2,0.112532,0
7800,14040,2,0.059621,0
5144,14040,3,0.351402,0
7360,14040,3,0.118170,0
10208,14040,3,0.218824,0
8528,14040,3,0.145086,0
6312,14040,2,0.047312,0
8232,14040,2,0.064327,0
7928,14040,1,0.000000,0
7208,14040,2,0.109223,0
7584,14040,2,0.047990,0
7208,14040,2,0.109223,0
10728,14040,2,0.238095,0
14792,18152,2,0.238095,0
15192,18152,2,0.105590,0
17168,18152,2,0.492754,0
16768,18152,2,0.280000,0
13248,18152,3,0.221239,0
16600,18152,3,0.357143,0
18344,19944,3,0.357143,0
19600,21248,3,0.357143,0
21992,23688,3,0.357143,0
24288,26032,3,0.357143,0
25824,27616,3,0.357143,0
28392,30232,3,0.357143,0
26000,30232,4,0.318907,0
26104,30232,3,0.294811,16
29152,33328,3,0.294811,16
32904,37128,3,0.294811,16
35488,39760,3,0.294811,16
35520,39760,3,0.277778,16
39424,43712,3,0.277778,16
36840,43712,4,0.561737,16
38072,43712,4,0.440208,16
41256,46944,4,0.440208,16
39720,46944,5,0.579974,16
38464,46944,6,0.651188,16
35616,46944,7,0.722309,16
36512,46944,7,0.694158,16
35280,46944,7,0.731118,16
39352,51064,7,0.731118,16
39744,51064,7,0.719464,16
43128,54496,7,0.719464,16
43288,54496,6,0.714744,24
43256,54496,6,0.717011,24
41336,54496,6,0.599734,24
38288,54496,7,0.680637,24
34536,54496,6,0.499155,24
34816,54496,5,0.491634,24
37376,54496,5,0.408978,24
40928,54496,5,0.527331,24
44840,54496,5,0.700943,24
48432,58136,5,0.700943,24
46456,58136,5,0.758568,24
42544,58136,5,0.593473,24
43728,58136,5,0.555623,24
40376,58136,5,0.646465,24
40872,58136,5,0.634510,24
43976,58136,5,0.545455,24
47992,58136,5,0.714157,24
47096,58136,5,0.645477,24
49264,58136,5,0.542105,24
46160,58136,6,0.674888,24
46200,58136,6,0.672193,24
46216,58136,6,0.670205,24
42832,58136,7,0.750287,24
41088,58136,7,0.664802,24
38528,58136,7,0.688482,24
42160,58136,7,0.610262,24
39720,58136,7,0.521699,24
43360,58136,7,0.664685,24
43792,58136,7,0.652281,24
41624,58136,7,0.557135,24
39056,58136,7,0.622192,24
39928,58136,7,0.601611,24
43920,58136,7,0.736613,24
40328,58136,7,0.573993,24
40968,58136,7,0.555443,24
41680,58136,7,0.532979,24
38040,58136,8,0.623983,24
37648,58136,9,0.631711,24
39192,58136,9,0.598169,24
41456,58136,9,0.536920,24
40272,58136,9,0.571707,24
38728,58136,9,0.609604,24
42128,58136,9,0.517052,24
43128,58136,9,0.479549,24
42416,58136,9,0.507295,24
46296,58136,9,0.319907,24
48656,58136,9,0.417172,24
48616,58136,9,0.423576,24
44736,58136,9,0.613271,24
44912,58136,8,0.606948,40
44896,58136,7,0.610661,40
45760,58136,7,0.578216,40
46712,58136,7,0.535800,40
46280,58136,8,0.555127,40
48136,58136,8,0.455146,40
44144,58136,9,0.629653,40
45680,58136,9,0.575735,40
42280,58136,10,0.676751,40
39984,58136,11,0.721525,40
43496,58136,11,0.738783,40
45616,58136,11,0.686578,40
43760,58136,11,0.733375,40
45536,58136,11,0.688873,40
47872,58136,11,0.602060,40
47376,58136,12,0.623894,40
49488,58136,12,0.819767,40
50760,59456,12,0.819767,40
53984,62728,12,0.819767,40
54056,62728,12,0.816568,40
50832,62728,13,0.677083,40
49960,62728,12,0.705625,40
45896,62728,12,0.716410,40
42384,62728,12,0.752148,40
43816,62728,12,0.730751,40
46616,62728,12,0.677112,40
49968,62728,12,0.576358,40
53888,62728,12,0.821016,40
56856,65744,12,0.821016,40
54744,65744,12,0.625880,40
55832,65744,12,0.715292,40
55552,65744,12,0.726570,40
55376,65744,12,0.706103,24
56712,65744,12,0.843049,24
54936,65744,12,0.731250,24
51304,65744,12,0.639873,24
54208,65744,12,0.751445,24
55632,65744,12,0.706913,24
54360,65744,12,0.747483,24
57784,69216,12,0.747483,24
58440,69216,11,0.728584,32
61704,72528,11,0.728584,32
61768,72528,10,0.725114,80
58416,72528,11,0.723250,80
61488,72528,11,0.732206,80
57416,72528,12,0.688304,80
57520,72528,11,0.685220,104
60448,72528,11,0.758233,104
60600,72528,11,0.753279,104
63232,75208,11,0.753279,104
65200,75208,10,0.690965,104
61936,75208,11,0.704776,104
65832,79152,11,0.704776,104
68144,79152,11,0.624655,104
67056,79152,11,0.668023,104
63152,79152,11,0.657574,104
60816,79152,11,0.708065,104
63584,79152,11,0.646495,104
66672,79152,11,0.537980,104
65336,79152,10,0.594780,104
62432,79152,10,0.676712,104
62584,79152,10,0.672222,104
59816,79152,11,0.725070,104
62400,79152,11,0.675289,104
59432,79152,11,0.731085,104
59280,79152,10,0.734831,104
59752,79152,9,0.727231,128
61152,79152,9,0.702321,128
62424,79152,9,0.675289,128
60888,79152,9,0.628288,128
60728,79152,10,0.632122,120
58368,79152,10,0.679504,120
61600,79152,10,0.611313,120
63616,79152,10,0.551228,120
66352,79152,10,0.433005,120
65400,79152,10,0.482019,120
68304,79152,10,0.647168,120
71080,79152,10,0.665746,120
72400,79152,10,0.562387,120
73704,79152,10,0.671875,120
74800,80296,10,0.671875,120
75776,80296,9,0.717054,152
74912,80296,10,0.704918,152
71984,80296,11,0.500000,152
75992,84352,11,0.500000,152
78632,84352,11,0.727273,152
80440,86208,11,0.727273,152
84512,90328,11,0.727273,152
84624,90328,10,0.717277,152
81536,90328,10,0.472868,152
82128,90328,10,0.412104,152
85208,90328,10,0.759076,152
82568,90328,10,0.427230,152
83040,90328,9,0.362369,200
85064,90328,9,0.660317,200
86672,91984,9,0.660317,200
88240,93600,9,0.660317,200
84320,93600,9,0.377312,200
82896,93600,9,0.492462,200
85800,93600,9,0.662939,200
87456,93600,8,0.672289,232
89920,96112,8,0.672289,232
91080,97320,8,0.672289,232
89424,97320,9,0.662939,200
90472,97320,8,0.569388,240
93400,100296,8,0.569388,240
89504,100296,9,0.501535,240
87192,100296,8,0.618936,240
87088,100296,9,0.623357,224
90216,100296,9,0.627232,224
88200,100296,9,0.683709,224
89080,100296,9,0.648362,224
92664,103928,9,0.648362,224
95856,107168,9,0.648362,224
99312,110672,9,0.648362,224
98040,110672,10,0.695071,224
94032,110672,11,0.704947,224
89960,110672,12,0.769370,224
89488,110672,12,0.776264,200
86752,110672,13,0.805502,200
85352,110672,13,0.818084,200
87576,110672,13,0.797534,200
86528,110672,14,0.807925,160
87416,110672,14,0.799053,160
89520,110672,14,0.775177,160
86448,110672,14,0.808214,160
89136,110672,13,0.779844,208
91936,110672,13,0.739775,208
89912,110672,14,0.769579,208
92464,110672,14,0.729830,208
88448,110672,15,0.786672,208
91928,110672,15,0.738303,208
95832,110672,15,0.649207,208
97568,110672,15,0.585505,208
94016,110672,16,0.695574,208
95888,110672,16,0.644553,208
96768,110672,16,0.613222,208
99240,110672,16,0.806194,208
100488,110672,16,0.886770,208
103656,113888,16,0.886770,208
102352,113888,16,0.759921,208
98896,113888,17,0.700000,208
102280,113888,17,0.760633,208
104488,116144,17,0.760633,208
101584,116144,18,0.735808,208
100696,116144,17,0.662659,208
100624,116144,18,0.664675,208
102472,116144,18,0.602049,208
106552,120272,18,0.602049,208
108752,120272,18,0.773279,208
109256,120272,18,0.756257,208
111224,122288,18,0.756257,208
111160,122288,18,0.761448,160
112264,122288,18,0.880503,160
112152,122288,19,0.882571,160
112048,122288,19,0.859206,136
116136,126424,19,0.859206,136
114816,126424,19,0.820359,136
114664,126424,19,0.824732,136
112928,126424,19,0.797600,136
110960,126424,20,0.830882,136
110488,126424,21,0.837924,88
113168,129152,21,0.837924,88
116960,132992,21,0.837924,88
117064,132992,20,0.836458,96
119632,135608,20,0.836458,96
123328,139352,20,0.836458,96
124928,139352,20,0.811335,96
123080,139352,20,0.839670,96
123520,139352,19,0.833333,136
125824,141704,19,0.833333,136
123192,141704,19,0.810038,136
121760,141704,18,0.827789,136
123744,141704,17,0.803462,176
119840,141704,16,0.739852,176
122488,141704,16,0.694985,176
123968,141704,16,0.661940,176
125288,141704,16,0.625628,176
128896,141704,16,0.689868,176
130584,141704,16,0.848584,176
130744,141704,16,0.844170,176
134576,145584,16,0.844170,176
138224,149280,16,0.844170,176
134840,149280,16,0.672975,176
136312,149280,16,0.786030,176
134712,149280,16,0.816006,176
136312,149280,16,0.782493,176
132664,149280,17,0.712665,176
136352,153016,17,0.712665,176
133272,153016,18,0.768763,176
134848,153016,18,0.742227,176
138472,153016,17,0.706778,200
137368,153016,17,0.735758,200
136488,153016,18,0.754308,200
137960,153016,18,0.720407,200
138568,153016,18,0.702703,200
140296,153016,18,0.848089,200
138816,153016,18,0.808544,200
135648,153016,18,0.737095,200
137192,153016,18,0.701431,200
136600,153016,19,0.715769,200
135024,153016,19,0.748853,200
137552,153016,19,0.827004,200
140696,156208,19,0.827004,200
140920,156208,18,0.822767,248
142160,156208,18,0.799511,248
142408,156208,18,0.793277,248
143000,156208,17,0.779570,248
144112,156208,16,0.748209,248
141312,156208,17,0.736247,248
138728,156208,17,0.762077,248
140176,156208,17,0.731790,248
141080,156208,16,0.708795,272
142552,156208,16,0.661221,272
138968,156208,17,0.721912,272
137728,156208,17,0.747178,272
136280,156208,17,0.771312,272
138720,156208,17,0.728155,272
137624,156208,17,0.749860,272
138056,156208,17,0.741190,272
139928,156208,17,0.699531,272
139320,156208,17,0.715194,272
139800,156208,17,0.702721,272
137328,156208,18,0.753304,272
135856,156208,19,0.776000,272
132376,156208,19,0.723884,272
133176,156208,19,0.711349,272
133880,156208,19,0.699241,272
134720,156208,19,0.683568,272
132256,156208,20,0.723544,272
136280,156208,20,0.767755,272
140160,160136,20,0.767755,272
141616,160136,19,0.743266,288
142736,160136,19,0.719825,288
144408,160136,19,0.676301,288
145984,160136,19,0.620660,288
145144,160136,19,0.653251,288
145208,160136,18,0.650818,296
146976,160136,18,0.790720,296
149680,162888,18,0.790720,296
153008,166264,18,0.790720,296
156000,169304,18,0.790720,296
159208,172560,18,0.790720,296
162672,176072,18,0.790720,296
160368,176072,19,0.785714,296
164384,180136,19,0.785714,296
167472,183272,19,0.785714,296
166472,183272,20,0.803948,296
165592,183272,20,0.818297,296
167576,183272,20,0.833959,296
164488,183272,21,0.775189,296
168488,187320,21,0.775189,296
166880,187320,21,0.799376,296
169912,187320,21,0.856400,296
167472,187320,22,0.834599,296
164440,187320,22,0.826828,296
161016,187320,23,0.838916,296
158240,187320,24,0.857523,296
157808,187320,23,0.860586,296
154616,187320,23,0.819856,296
155288,187320,23,0.815066,296
158840,187320,23,0.854174,296
155848,187320,24,0.870656,296
152616,187320,24,0.884915,296
150408,187320,25,0.892866,296
148840,187320,25,0.898022,296
148984,187320,24,0.897436,344
146456,187320,25,0.904656,344
145208,187320,25,0.907977,344
146520,187320,24,0.904592,352
146848,187320,24,0.903582,352
149280,187320,24,0.896343,352
151648,187320,24,0.888163,352
149920,187320,23,0.798027,352
152344,187320,23,0.781367,352
152544,187320,23,0.779542,352
149840,187320,24,0.797927,352
151496,187320,24,0.786719,352
154096,187320,24,0.766600,352
157248,187320,23,0.737079,352
158632,187320,22,0.721334,376
159480,187320,22,0.710294,376
161976,187320,22,0.673575,376
162200,187320,22,0.669091,376
162400,187320,22,0.664894,376
163960,187320,22,0.634864,376
165224,187320,22,0.606061,376
169056,187320,22,0.734003,376
169352,187320,22,0.726628,376
171096,187320,22,0.680482,376
169112,187320,23,0.731646,336
170696,187320,23,0.691860,336
172480,187320,23,0.630340,336
169792,187320,23,0.683612,288
169848,187320,22,0.682124,288
171832,187320,22,0.616694,288
168208,187320,23,0.720118,264
171320,187320,23,0.634749,264
175160,191208,23,0.634749,264
174312,191208,23,0.663824,264
177872,191208,23,0.822176,264
180056,193440,23,0.822176,264
177872,193440,24,0.777868,264
178024,193440,23,0.773819,288
176440,193440,23,0.806520,288
175640,193440,23,0.820040,288
175160,193440,23,0.827543,288
178400,196728,23,0.827543,288
181760,200136,23,0.827543,288
178064,200136,24,0.774083,288
178240,200136,23,0.771626,288
179672,200136,23,0.748640,288
180520,200136,22,0.732639,320
179672,200136,23,0.748640,288
179472,200136,23,0.752809,288
175920,200136,24,0.800259,288
176840,200136,23,0.789522,312
172840,200136,23,0.787486,312
169600,200136,23,0.780206,312
172192,200136,23,0.754134,312
174192,200136,23,0.729216,312
175824,200136,22,0.705172,328
176936,200136,22,0.685517,328
178448,200136,22,0.654545,328
181632,200136,22,0.759518,328
183136,200136,22,0.725760,328
187008,204056,22,0.725760,328
189072,204056,22,0.879249,328
192968,208000,22,0.879249,328
192808,208000,22,0.881993,328
196088,211328,22,0.881993,328
199336,214624,22,0.881993,328
195440,214624,23,0.701410,328
195216,214624,23,0.707508,328
196904,214624,23,0.813536,328
197112,214624,22,0.809993,336
196472,214624,22,0.820836,336
193880,214624,22,0.758302,336
195048,214624,22,0.736499,336
196800,214624,22,0.695890,336
198032,214624,22,0.781538,336
195928,214624,23,0.818298,336
193376,214624,24,0.830499,336
192872,214624,24,0.829831,336
194032,214624,24,0.815556,336
197072,217712,24,0.815556,336
193464,217712,24,0.748782,336
192808,217712,25,0.757692,328
195480,217712,25,0.834000,328
191400,217712,25,0.765103,328
192368,217712,25,0.752616,328
190384,217712,26,0.775882,328
188616,217712,27,0.793212,328
189336,217712,27,0.786025,328
189416,217712,26,0.785091,344
190504,217712,26,0.773390,344
188520,217712,27,0.793067,344
190240,217712,27,0.775712,344
190784,217712,26,0.769770,344
191376,217712,25,0.762460,384
193560,217712,25,0.732458,384
192840,217712,25,0.743601,384
190168,217712,26,0.776052,384
188664,217712,26,0.791387,384
190976,217712,26,0.767139,384
193048,217712,26,0.739991,384
192720,217712,26,0.745259,384
193040,217712,25,0.740789,384
193216,217712,24,0.737916,408
194368,217712,24,0.719240,408
194144,217712,25,0.723703,360
197832,217712,25,0.800239,360
194648,217712,25,0.802505,360
196464,217712,25,0.777537,360
194032,217712,25,0.809568,360
197472,221200,25,0.809568,360
194904,221200,26,0.834276,360
193816,221200,27,0.842912,360
190912,221200,28,0.862092,360
187704,221200,29,0.878483,360
187032,221200,29,0.881640,360
183008,221200,30,0.873204,360
182952,221200,31,0.873427,360
179824,221200,30,0.762166,360
179280,221200,31,0.765804,360
177408,221200,30,0.778086,360
180648,221200,29,0.756833,400
180864,221200,29,0.754944,400
179352,221200,30,0.765382,400
183232,221200,30,0.860618,400
185032,221200,30,0.851952,400
183432,221200,31,0.859515,400
179744,221200,31,0.874487,400
176056,221200,31,0.826150,400
172616,221200,32,0.840311,400
174680,221200,32,0.831904,400
174736,221200,31,0.831669,400
177936,221200,30,0.817018,408
174696,221200,31,0.831971,368
178120,221200,30,0.816220,384
179632,221200,29,0.808322,384
178160,221200,30,0.816019,384
176776,221200,30,0.823048,360
178968,221200,30,0.811998,360
181664,221200,30,0.796426,360
181456,221200,31,0.797745,352
180336,221200,31,0.804590,352
182968,221200,30,0.788404,360
181736,221200,31,0.796278,360
183792,221200,31,0.782452,360
187240,221200,31,0.754799,360
186088,221200,31,0.765050,360
182664,221200,32,0.790194,344
185048,221200,32,0.773021,344
188288,221200,32,0.744777,344
189760,221200,31,0.729374,376
193384,221200,31,0.855422,376
193064,221200,32,0.857567,376
191488,221200,33,0.867266,376
189672,221200,33,0.877159,376
192616,221200,33,0.909884,376
191912,221200,33,0.912860,376
192360,221200,32,0.911079,384
191392,221200,33,0.914777,384
192392,221200,32,0.910920,392
193296,221200,31,0.907081,408
193216,221200,32,0.907497,392
191152,221200,33,0.912215,392
190712,221200,34,0.913971,352
189600,221200,34,0.917939,352
189616,221200,33,0.917861,360
193480,225112,33,0.917861,360
193376,225112,34,0.918225,352
193832,225112,33,0.916640,376
196096,227424,33,0.916640,376
196552,227424,33,0.914908,376
192672,227424,34,0.862098,376
191000,227424,33,0.870251,376
193048,227424,32,0.860632,392
193424,227424,31,0.858601,416
195368,227424,30,0.847580,456
191576,227424,31,0.867341,456
190984,227424,30,0.870563,416
189184,227424,29,0.868976,416
190568,227424,29,0.862812,416
191472,227424,29,0.858383,416
191856,227424,28,0.856278,464
190384,227424,29,0.863208,464
190168,227424,28,0.864591,464
186288,227424,29,0.879724,464
188488,227424,29,0.871397,464
191368,227424,29,0.858652,464
193088,227424,29,0.849654,464
194864,227424,29,0.839088,464
197800,227424,29,0.818182,464
196168,227424,30,0.830354,448
197704,227424,30,0.818687,448
196320,227424,30,0.829300,448
194848,227424,30,0.839483,416
196512,227424,30,0.828176,416
200504,227424,30,0.808527,416
204424,231392,30,0.808527,416
204280,231392,30,0.810769,368
205544,231392,29,0.797832,416
208152,231392,29,0.868892,416
210008,231392,29,0.892291,416
210440,231392,28,0.888638,464
213528,234528,28,0.888638,464
217424,238472,28,0.888638,464
221456,242552,28,0.888638,464
220000,242552,28,0.802961,448
219984,242552,29,0.803262,440
218720,242552,30,0.818438,392
216456,242552,30,0.840166,392
214792,242552,31,0.852840,392
218344,246152,31,0.852840,392
216472,246152,32,0.864893,392
216576,246152,31,0.864228,400
218864,246152,31,0.848687,400
220040,246152,30,0.839434,400
222696,246152,30,0.886738,400
222936,246152,29,0.884899,424
226152,249416,29,0.884899,424
223552,249416,29,0.795262,424
223304,249416,30,0.797912,424
224384,249416,29,0.785461,456
226832,249416,29,0.879630,456
230896,253528,29,0.879630,456
233176,255856,29,0.879630,456
235960,258688,29,0.879630,456
233648,258688,28,0.776392,456
234744,258688,28,0.761180,456
232248,258688,29,0.792046,456
234888,258688,29,0.849856,456
235200,258688,28,0.846532,504
237008,258688,28,0.826763,504
238712,258688,28,0.868521,504
242168,262192,28,0.868521,504
240120,262192,29,0.859783,488
242432,264552,29,0.859783,488
245952,268120,29,0.859783,488
243312,268120,29,0.769301,488
244120,268120,28,0.758072,488
240872,268120,29,0.797662,488
241904,268120,29,0.786019,488
240152,268120,29,0.804745,488
243872,268120,29,0.806667,488
247504,271800,29,0.806667,488
245216,271800,29,0.830268,488
244832,271800,30,0.834015,440
242152,271800,31,0.854009,440
243456,271800,31,0.844564,440
245832,271800,31,0.824166,440
246888,271800,31,0.812989,440
250776,275736,31,0.812989,440
247256,275736,32,0.831482,440
249968,275736,32,0.805825,440
248280,275736,32,0.803866,440
252280,279784,32,0.803866,440
254048,279784,32,0.784131,440
254784,279784,31,0.774850,448
253880,279784,32,0.786028,448
257816,283768,32,0.786028,448
255616,283768,33,0.809094,448
257816,283768,32,0.786028,448
255536,283768,33,0.809840,448
257136,283768,33,0.793206,448
260704,283768,33,0.768786,448
262432,283768,33,0.738251,448
266112,287496,33,0.738251,448
264168,287496,34,0.771903,408
267488,287496,34,0.835544,408
270544,290600,34,0.835544,408
268120,290600,35,0.832689,408
270616,293144,35,0.832689,408
270760,293144,34,0.830915,416
271672,293144,34,0.818780,416
269024,293144,34,0.826282,416
272624,296792,34,0.826282,416
275976,300192,34,0.826282,416
276504,300192,33,0.820010,448
274960,300192,33,0.836763,448
271608,300192,34,0.836136,448
275336,303968,34,0.836136,448
277288,303968,33,0.818536,480
278456,303968,33,0.805749,480
281816,307376,33,0.805749,480
280648,307376,32,0.819006,480
284680,311456,32,0.819006,480
286520,311456,32,0.798461,480
284072,311456,33,0.824319,480
282472,311456,33,0.838286,480
284448,311456,33,0.820787,480
286368,311456,33,0.799713,480
282808,311456,33,0.819505,480
282872,311456,32,0.818935,480
280376,311456,33,0.838778,480
283032,311456,33,0.817059,480
280848,311456,34,0.835011,480
277912,311456,34,0.854517,480
281720,315312,34,0.854517,480
282032,315312,34,0.852412,480
285016,315312,34,0.831930,480
288624,315312,34,0.815743,480
289344,315312,33,0.808062,488
287376,315312,33,0.827926,488
286920,315312,33,0.832266,488
287424,315312,32,0.827855,496
290040,315312,32,0.851499,496
291904,315312,32,0.832438,496
295984,319440,32,0.832438,496
292416,319440,32,0.789542,496
290648,319440,32,0.808343,496
293984,319440,32,0.852691,496
293248,319440,33,0.858887,488
289968,319440,33,0.817282,488
293984,323504,33,0.817282,488
294768,323504,33,0.809750,488
295000,323504,32,0.807384,504
292880,323504,32,0.826276,504
295944,323504,32,0.868576,504
293744,323504,33,0.882220,504
294776,323504,33,0.875895,504
294712,323504,33,0.876631,496
295320,323504,32,0.872705,512
299248,327480,32,0.872705,512
298168,327480,33,0.879537,480
301248,330608,33,0.879537,480
303344,330608,33,0.865633,480
299344,330608,34,0.822821,480
299688,330608,34,0.819690,480
297072,330608,34,0.839021,480
298704,330608,34,0.827348,480
296976,330608,34,0.839641,480
295816,330608,35,0.846767,480
297712,330608,35,0.834437,480
295616,330608,35,0.847932,480
297968,330608,34,0.832832,504
294104,330608,35,0.856074,504
294040,330608,36,0.856404,504
296968,330608,36,0.839228,504
295968,330608,36,0.810302,496
299448,330608,36,0.780436,496
301928,330608,35,0.752913,512
298096,330608,36,0.792790,512
300168,330608,36,0.772475,512
302888,330608,36,0.739075,512
300696,330608,36,0.766780,512
302656,330608,36,0.742246,512
298576,330608,37,0.787638,512
294968,330608,37,0.816582,512
292248,330608,37,0.833739,512
294480,330608,37,0.819859,512
295552,330608,36,0.812214,552
296064,330608,35,0.808292,576
298392,330608,35,0.788732,576
297584,330608,35,0.796223,576
298240,330608,35,0.790102,576
301304,330608,35,0.757969,576
300992,330608,35,0.762181,576
303776,330608,35,0.724462,576
303328,330608,36,0.731324,568
303920,330608,36,0.721593,568
307480,330608,36,0.906712,568
311096,334272,36,0.906712,568
313824,337048,36,0.906712,568
315080,337048,35,0.897243,608
314104,337048,36,0.904762,576
317672,340664,36,0.904762,576
313656,340664,37,0.774281,576
314688,340664,36,0.759923,608
312944,340664,37,0.782590,608
315480,340664,37,0.890232,608
315280,340664,36,0.892239,608
315896,340664,36,0.887629,608
315752,340664,37,0.888719,600
318112,343072,37,0.888719,600
321352,346360,37,0.888719,600
323752,348808,37,0.888719,600
326392,351496,37,0.888719,600
323152,351496,38,0.828680,600
319160,351496,37,0.799652,600
322384,351496,36,0.766802,616
320056,351496,37,0.791380,616
316376,351496,38,0.821174,616
314688,351496,38,0.832461,616
316128,351496,38,0.822878,616
319160,351496,38,0.799093,616
321312,351496,38,0.777778,616
323528,351496,38,0.873105,616
324792,351496,37,0.863403,664
325568,351496,37,0.856513,664
326136,351496,36,0.851042,696
329992,355400,36,0.851042,696
332976,358432,36,0.851042,696
334288,358432,36,0.836950,696
331680,358432,37,0.846444,696
329704,358432,37,0.862795,696
327336,358432,37,0.878267,696
328120,358432,37,0.873349,696
330352,358432,36,0.857580,744
327112,358432,37,0.849666,744
325456,358432,37,0.860681,744
327424,358432,37,0.847458,744
329528,358432,37,0.830260,744
330528,358432,37,0.820399,744
332040,358432,37,0.803398,744
335176,358432,37,0.803851,744
332040,358432,37,0.803398,744
332216,358432,36,0.801276,744
329232,358432,37,0.832020,744
331856,358432,37,0.805007,744
333480,358432,37,0.783191,744
336528,358432,37,0.779878,744
339440,361392,37,0.779878,744
335824,361392,38,0.766167,744
335392,361392,38,0.773887,696
339392,365440,38,0.773887,696
341600,365440,38,0.736750,696
345048,365440,38,0.878125,696
346664,367104,38,0.878125,696
343208,367104,39,0.747664,696
344240,367104,39,0.726062,696
346368,367104,39,0.877395,696
345776,367104,38,0.884975,696
348424,369800,38,0.884975,696
350800,372224,38,0.884975,696
354168,375640,38,0.884975,696
350952,375640,39,0.775795,696
351440,375640,38,0.767092,744
348960,375640,39,0.802748,728
348176,375640,40,0.811798,728
345824,375640,40,0.835178,704
342376,375640,40,0.842837,704
340568,375640,41,0.854288,704
343192,375640,41,0.836705,704
346952,379448,41,0.836705,704
349120,379448,41,0.818547,704
347944,379448,42,0.828658,704
345736,379448,42,0.845205,704
344304,379448,41,0.854709,704
344464,379448,40,0.853722,712
344720,379448,39,0.852191,712
342336,379448,40,0.865316,712
338976,379448,40,0.880487,712
342744,383264,40,0.880487,712
346672,387240,40,0.880487,712
343792,387240,40,0.891032,712
346904,387240,40,0.879563,712
349992,387240,40,0.865516,712
352560,387240,39,0.851071,752
350392,387240,39,0.863527,752
351008,387240,39,0.860019,752
352160,387240,39,0.853199,752
348960,387240,40,0.870115,744
347240,387240,41,0.877673,744
348336,387240,41,0.872748,744
345712,387240,41,0.883685,744
343336,387240,42,0.891944,744
343360,387240,41,0.891814,760
344736,387240,41,0.887000,760
342880,387240,42,0.893195,760
346768,391176,42,0.893195,760
345672,391176,43,0.896544,760
345512,391176,44,0.897039,752
347432,391176,44,0.890927,752
348912,391176,44,0.885656,752
349896,391176,44,0.881799,752
350424,391176,43,0.879531,800
354352,395152,43,0.879531,800
353320,395152,43,0.883715,800
357064,398944,43,0.883715,800
354280,398944,43,0.879745,800
355344,398944,43,0.875670,800
355952,398944,43,0.873134,800
353720,398944,43,0.881533,800
353544,398944,43,0.882299,800
351768,398944,42,0.888329,800
351808,398944,41,0.888207,800
348744,398944,41,0.858210,800
347432,398944,41,0.862917,800
346320,398944,42,0.866540,800
347576,398944,41,0.862380,816
346312,398944,41,0.866667,816
347072,398944,41,0.864059,816
345440,398944,41,0.869371,816
345704,398944,40,0.868465,848
343632,398944,40,0.873974,848
344480,398944,40,0.871403,848
345504,398944,40,0.868185,848
345464,398944,41,0.868308,848
346584,398944,41,0.864621,848
349096,398944,41,0.855771,848
348112,398944,41,0.859475,848
352072,398944,41,0.843909,848
351456,398944,41,0.846722,848
349832,398944,42,0.853192,848
346744,398944,42,0.864257,848
344592,398944,41,0.871215,848
341504,398944,42,0.879686,848
343720,398944,42,0.873590,848
341800,398944,42,0.878923,848
341312,398944,43,0.880298,800
344488,398944,42,0.871566,832
340560,398944,43,0.882098,832
337000,398944,44,0.890253,832
336224,398944,44,0.891983,832
339264,398944,43,0.885203,880
343288,398944,43,0.874845,880
345112,398944,43,0.869429,880
343848,398944,43,0.873409,832
341488,398944,44,0.879768,832
338560,398944,44,0.886931,832
342648,398944,44,0.876724,832
338688,398944,44,0.886641,832
335744,398944,44,0.893063,832
336104,398944,43,0.892280,856
338840,398944,43,0.886239,856
341160,398944,42,0.880562,896
345224,398944,41,0.869283,912
348336,398944,41,0.858969,912
348040,398944,41,0.860170,912
344856,398944,41,0.796442,912
345128,398944,40,0.795090,928
346648,398944,39,0.787519,952
346992,398944,39,0.785507,952
349936,398944,39,0.768798,952
353456,398944,39,0.745121,952
356784,398944,39,0.717773,952
353416,398944,39,0.745413,952
353832,398944,38,0.742040,992
356000,398944,38,0.724292,992
354000,398944,39,0.740412,992
352464,398944,39,0.751900,992
355656,398944,39,0.727206,992
358376,398944,39,0.701853,992
357864,398944,40,0.707124,968
361456,398944,40,0.667166,968
364456,398944,40,0.624238,968
364304,398944,41,0.627016,944
364552,398944,40,0.623090,944
367136,398944,40,0.701453,944
366136,398944,39,0.716309,944
368704,398944,39,0.812861,944
367672,398944,39,0.823002,912
370176,398944,39,0.889136,912
366240,398944,39,0.797012,912
364760,398944,39,0.810221,912
361136,398944,40,0.835596,912
362176,398944,39,0.828773,952
363464,398944,39,0.819507,952
362304,398944,38,0.828245,952
366248,398944,38,0.834913,952
363616,398944,38,0.852922,944
362584,398944,38,0.859098,944
362560,398944,39,0.859317,928
366424,402856,39,0.859317,928
366656,402856,38,0.858038,928
368664,402856,38,0.845603,928
372144,402856,38,0.858805,928
372864,402856,38,0.853150,928
375536,402856,38,0.878950,928
371472,402856,38,0.797355,928
372024,402856,37,0.791350,968
372720,402856,37,0.783278,968
372488,402856,38,0.786037,952
375840,402856,38,0.876119,952
377560,402856,38,0.860816,952
378520,402856,38,0.850271,952
380448,402856,38,0.856638,952
377128,402856,38,0.760479,952
378448,402856,38,0.735894,952
374384,402856,39,0.765625,936
377944,402856,39,0.744928,936
381192,402856,39,0.914699,936
384488,406200,39,0.914699,936
383960,406200,40,0.919134,888
382240,406200,40,0.855542,888
381992,406200,41,0.858277,888
384824,409080,41,0.858277,888
388248,412552,41,0.858277,888
390696,415048,41,0.858277,888
393536,417936,41,0.858277,888
396216,420664,41,0.858277,888
392288,420664,42,0.769267,888
394040,420664,42,0.741986,888
390168,420664,43,0.794302,888
389896,420664,44,0.797359,872
391576,420664,44,0.777526,872
393184,420664,44,0.754500,872
394736,420664,44,0.838333,872
391936,420664,44,0.829777,872
388488,420664,45,0.833398,872
391696,420664,45,0.831651,872
392048,420664,44,0.828103,880
392672,420664,44,0.821063,880
395880,423920,44,0.821063,880
396448,423920,43,0.814553,888
397608,423920,43,0.799234,888
398328,423920,43,0.788106,888
396224,423920,44,0.816040,888
397720,423920,44,0.796337,888
394680,423920,45,0.823583,840
393168,423920,45,0.838019,840
394736,423920,44,0.823179,872
394472,423920,45,0.826126,840
396432,423920,45,0.803961,840
392664,423920,46,0.806967,840
393472,423920,46,0.798114,840
396800,423920,46,0.798012,840
397576,423920,46,0.786504,840
393544,423920,47,0.782007,840
396624,423920,46,0.738318,848
393560,423920,47,0.781724,848
396904,423920,47,0.796817,848
394264,423920,48,0.827088,848
390376,423920,49,0.820067,848
387264,423920,50,0.842718,848
385312,423920,50,0.854665,816
388848,423920,50,0.865677,816
385936,423920,51,0.880675,816
389216,427248,51,0.880675,816
385376,427248,52,0.871658,816
388344,427248,52,0.857270,816
388592,427248,51,0.855942,816
389160,427248,50,0.852580,856
388744,427248,51,0.855116,816
391528,427248,51,0.837783,816
390464,427248,52,0.844761,816
391976,427248,52,0.834311,816
388944,427248,52,0.853748,816
387160,427248,52,0.863287,816
387744,427248,52,0.860140,816
386424,427248,51,0.866999,816
383312,427248,52,0.879940,816
382280,427248,51,0.884030,816
379496,427248,51,0.893167,816
382432,427248,51,0.883495,816
384128,427248,51,0.876986,816
381160,427248,51,0.887824,816
380120,427248,52,0.891255,776
379216,427248,51,0.864347,760
376544,427248,52,0.873641,760
378288,427248,52,0.867555,760
379488,427248,52,0.862959,760
383480,427248,52,0.888972,760
381520,427248,52,0.895544,760
379008,427248,53,0.902744,760
380312,427248,53,0.898997,760
376296,427248,53,0.884144,760
376048,427248,54,0.884873,760
379640,427248,54,0.900895,760
379264,427248,55,0.901991,736
382096,427248,55,0.893510,736
385976,431176,55,0.893510,736
387864,431176,55,0.886932,736
391912,435272,55,0.886932,736
391968,435272,54,0.886730,736
392504,435272,53,0.884755,736
393376,435272,52,0.881329,752
392920,435272,53,0.883206,728
395000,435272,53,0.874398,728
392872,435272,54,0.883206,728
390984,435272,54,0.890211,728
393936,435272,54,0.878962,728
397848,439232,54,0.878962,728
394736,439232,55,0.890590,728
397640,439232,55,0.879620,728
394736,439232,55,0.890590,728
394112,439232,55,0.892814,728
393800,439232,55,0.894120,680
390744,439232,56,0.902979,680
391184,439232,55,0.901796,680
395032,443128,55,0.901796,680
398480,443128,55,0.904516,680
399224,443128,54,0.902212,704
401072,443128,54,0.896017,704
401968,443128,53,0.892808,704
398376,443128,53,0.880020,704
401224,443128,53,0.868350,704
402432,443128,53,0.862553,704
398968,443128,54,0.877439,704
396312,443128,55,0.886836,704
398472,443128,55,0.879132,704
401800,443128,55,0.865088,704
397912,443128,56,0.881010,704
401848,447112,56,0.881010,704
401592,447112,57,0.881928,704
403992,447112,57,0.872529,704
406776,447112,57,0.859599,704
409992,447112,57,0.841012,704
412992,447112,57,0.818586,704
410152,447112,58,0.839660,704
406904,447112,58,0.858708,704
408680,447112,58,0.848765,704
409288,447112,57,0.845035,720
406888,447112,57,0.858708,720
409984,447112,57,0.840650,720
412816,447112,57,0.876980,720
413760,447112,57,0.871092,720
414696,447112,57,0.864668,720
418088,450552,57,0.864668,720
418600,450552,56,0.861065,720
418664,450552,55,0.860601,720
418056,450552,55,0.865214,720
415056,450552,55,0.863938,720
415440,450552,54,0.861566,728
417032,450552,54,0.850672,728
417576,450552,53,0.846548,744
415896,450552,53,0.858597,744
415328,450552,54,0.862398,704
418912,454184,54,0.862398,704
419760,454184,54,0.856722,704
416168,454184,55,0.858091,704
414656,454184,54,0.866568,704
411328,454184,55,0.881248,704
408032,454184,56,0.892917,704
405320,454184,56,0.901058,704
405496,454184,55,0.900576,704
406976,454184,55,0.896185,704
410736,457992,55,0.896185,704
413376,457992,55,0.887440,704
414624,457992,54,0.882829,712
417552,457992,54,0.870231,712
417000,457992,55,0.872949,672
417816,457992,55,0.868943,672
415648,457992,54,0.878943,672
413576,457992,55,0.886845,672
417416,461880,55,0.886845,672
417928,461880,54,0.884901,696
420968,461880,54,0.872262,696
420456,461880,55,0.874651,672
422296,461880,55,0.865810,672
421040,461880,56,0.872007,632
418456,461880,57,0.882798,632
422472,465944,57,0.882798,632
418840,465944,57,0.881846,632
420736,465944,57,0.874753,632
418768,465944,57,0.882093,632
422040,465944,56,0.869599,656
423704,465944,56,0.862003,656
426928,465944,56,0.844717,656
427304,465944,55,0.842154,704
427896,465944,54,0.838432,704
430344,465944,54,0.820594,704
431112,465944,54,0.813877,704
429632,465944,54,0.826072,704
432920,465944,54,0.797038,704
432328,465944,54,0.803336,704
428760,465944,55,0.832341,704
429312,465944,55,0.828077,704
432824,465944,55,0.797524,704
434744,465944,55,0.775465,704
435160,465944,54,0.769755,736
431880,465944,55,0.805896,736
431064,465944,55,0.813603,736
431832,465944,55,0.806341,736
427808,465944,56,0.837552,736
431544,465944,56,0.808535,736
428024,465944,56,0.836134,736
424984,465944,57,0.854059,736
426824,465944,57,0.843422,736
429952,465944,57,0.821542,736
426760,465944,58,0.843519,736
424536,465944,59,0.855884,736
422480,465944,60,0.865695,736
422816,465944,60,0.863966,736
425320,465944,60,0.851232,736
421560,465944,61,0.869263,736
421216,465944,62,0.870696,736
421592,465944,62,0.868925,736
421928,465944,61,0.867451,744
422784,465944,61,0.863416,744
423848,465944,61,0.858102,744
420632,465944,61,0.770158,744
419464,465944,62,0.778289,744
419232,465944,61,0.780470,744
418816,465944,62,0.783381,712
419048,465944,61,0.781883,712
420496,465944,61,0.771707,712
417816,465944,61,0.789607,712
418544,465944,61,0.784807,712
422472,465944,61,0.874834,712
424232,465944,61,0.866818,712
426616,465944,61,0.854264,712
429512,465944,61,0.835492,712
426576,465944,61,0.854489,712
428856,465944,61,0.840082,712
431336,465944,61,0.820816,712
430976,465944,62,0.824036,688
428240,465944,61,0.844628,688
426232,465944,62,0.856532,688
428592,465944,62,0.842017,688
424504,465944,63,0.853414,688
426832,465944,63,0.839762,688
429432,465944,63,0.900980,688
427472,465944,63,0.908009,688
424968,465944,64,0.908533,688
427272,465944,64,0.908568,688
428832,465944,64,0.902289,688
427080,465944,64,0.909264,688
427872,465944,63,0.906260,704
427696,465944,63,0.907203,680
427640,465944,63,0.907593,680
426480,465944,64,0.911728,680
429384,468896,64,0.911728,680
428688,468896,64,0.914191,680
428344,468896,63,0.915584,680
430016,468896,63,0.909864,680
429160,468896,63,0.912964,680
432448,472232,63,0.912964,680
435304,475136,63,0.912964,680
436752,475136,63,0.907712,680
438192,475136,62,0.902021,680
440000,475136,62,0.935616,680
441168,475136,61,0.931917,680
442552,475136,60,0.934122,680
442904,475136,59,0.932788,704
442336,475136,60,0.934810,696
442408,475136,59,0.934564,696
442832,475136,58,0.933047,704
443528,475136,58,0.930264,704
445008,476664,58,0.930264,704
442792,476664,59,0.889817,704
443224,476664,58,0.887307,720
443344,476664,57,0.886615,720
444752,476664,57,0.931004,720
448032,479992,57,0.931004,720
448464,479992,57,0.929123,720
446912,479992,57,0.856310,720
447816,479992,56,0.849147,728
448872,479992,55,0.839609,760
451296,479992,55,0.915309,760
447968,479992,55,0.801678,760
450656,479992,55,0.918835,760
447072,479992,56,0.810970,760
448056,479992,56,0.800089,760
445680,479992,57,0.823483,760
449096,479992,57,0.858907,760
447808,479992,57,0.869278,760
450976,483208,57,0.869278,760
450744,483208,58,0.870926,760
447000,483208,58,0.828108,760
447488,483208,57,0.824245,760
445648,483208,56,0.838633,760
445216,483208,57,0.841633,744
445040,483208,57,0.843092,744
441096,483208,58,0.860459,744
442584,483208,58,0.852439,744
444536,483208,58,0.840505,744
446592,483208,58,0.825672,744
442544,483208,59,0.848230,744
445344,483208,59,0.830087,744
445664,483208,58,0.827774,744
445488,483208,58,0.829400,744
444880,483208,58,0.834098,728
447480,483208,58,0.921295,728
443640,483208,59,0.849953,728
444320,483208,59,0.845560,728
443576,483208,60,0.850187,704
445280,483208,59,0.839465,712
443384,483208,59,0.851531,712
442600,483208,59,0.856158,712
442776,483208,58,0.855160,720
444656,483208,58,0.843801,720
441808,483208,59,0.860017,720
440640,483208,59,0.865959,720
440784,483208,58,0.865282,720
444672,487144,58,0.865282,720
446136,487144,57,0.857988,720
443688,487144,56,0.810708,720
445648,487144,56,0.796925,720
448152,487144,56,0.878197,720
450848,487144,56,0.917774,720
451768,487144,56,0.914039,720
452272,487144,55,0.911821,752
452400,487144,54,0.911240,760
456432,491224,54,0.911240,760
454200,491224,54,0.865204,712
458040,495112,54,0.865204,712
455840,495112,55,0.876987,712
455880,495112,54,0.876752,720
456104,495112,53,0.875603,728
459640,498696,53,0.875603,728
463280,502384,53,0.875603,728
464424,502384,53,0.869345,728
468024,506032,53,0.869345,728
464696,506032,53,0.872045,728
462000,506032,54,0.883633,728
462184,506032,53,0.882910,728
458256,506032,54,0.882788,728
457528,506032,55,0.885280,728
457808,506032,54,0.884307,736
461496,506032,54,0.885359,736
462424,506032,54,0.881532,736
458616,506032,55,0.884774,736
462520,509984,55,0.884774,736
462392,509984,55,0.885412,728
461464,509984,55,0.888681,728
462720,509984,55,0.884269,728
458688,509984,56,0.890838,728
460656,509984,56,0.884536,728
459216,509984,55,0.889401,728
455488,509984,56,0.899662,728
451472,509984,56,0.866751,728
454320,509984,56,0.857419,728
456376,509984,56,0.849776,728
456848,509984,56,0.847759,728
452848,509984,56,0.862166,728
449496,509984,57,0.872182,728
446664,509984,58,0.879575,728
448616,509984,58,0.874446,728
450824,509984,58,0.868110,728
447600,509984,58,0.877105,728
451184,509984,58,0.867040,728
451800,509984,57,0.865043,768
450816,509984,58,0.868016,768
449616,509984,58,0.871603,768
447920,509984,59,0.876176,768
448208,509984,58,0.875380,784
448832,509984,58,0.873585,784
452504,509984,58,0.862628,784
451784,509984,58,0.865068,776
455432,509984,58,0.852600,776
453712,509984,58,0.858839,776
457696,509984,58,0.843757,776
455728,509984,57,0.851859,776
452520,509984,56,0.863215,776
450200,509984,56,0.870452,736
451280,509984,55,0.867255,752
451000,509984,56,0.868110,744
450568,509984,56,0.869511,744
450904,509984,55,0.868534,744
454080,509984,55,0.858351,744
452936,509984,55,0.862294,744
449936,509984,55,0.871446,744
450696,509984,55,0.869141,744
454296,509984,55,0.857612,744
458136,509984,55,0.842857,744
461536,509984,55,0.826955,744
462664,509984,54,0.820812,784
458728,509984,55,0.839957,784
457024,509984,56,0.847064,776
459040,509984,56,0.838413,776
460312,509984,56,0.832348,776
460192,509984,57,0.832918,776
464176,509984,57,0.874072,776
467640,509984,57,0.879181,776
467496,509984,58,0.879805,776
466048,509984,58,0.885924,776
465424,509984,58,0.888475,776
461944,509984,58,0.863030,776
458552,509984,58,0.875756,776
455824,509984,59,0.884283,776
456528,509984,58,0.882124,800
454464,509984,58,0.888176,800
455744,509984,58,0.884445,800
457392,509984,58,0.879303,800
456880,509984,59,0.880903,800
458224,509984,59,0.876450,800
458432,509984,58,0.875649,832
454784,509984,58,0.886945,832
453840,509984,59,0.889508,832
449984,509984,59,0.898981,832
450472,509984,59,0.897778,832
449400,509984,59,0.900347,792
448608,509984,60,0.902061,776
451720,509984,60,0.894996,776
452776,509984,59,0.892302,816
452096,509984,59,0.894107,816
451328,509984,59,0.896059,816
455048,509984,59,0.886386,816
458864,509984,59,0.874399,816
457960,509984,60,0.877451,808
460120,509984,60,0.869792,808
462008,509984,60,0.862242,808
463168,509984,60,0.857072,808
466416,509984,60,0.840764,808
470104,509984,60,0.817112,808
473696,509984,60,0.873187,808
472848,509984,61,0.877996,808
471104,509984,62,0.886824,808
471320,509984,61,0.885686,832
470264,509984,62,0.890705,792
472008,509984,61,0.882495,792
468960,509984,62,0.883948,792
468784,509984,63,0.884755,784
471864,513112,63,0.884755,784
475096,516392,63,0.884755,784
472264,516392,64,0.895902,784
474080,516392,63,0.888824,832
475176,516392,62,0.884195,832
474272,516392,62,0.888335,808
474328,516392,61,0.888106,808
473008,516392,61,0.893456,808
473616,516392,61,0.890956,808
471808,516392,62,0.897581,808
473160,516392,62,0.892525,808
473904,516392,61,0.889565,824
474568,516392,61,0.886641,824
475744,516392,61,0.881234,824
477008,516392,61,0.874836,824
480312,519744,61,0.874836,824
476416,519744,62,0.862079,824
475392,519744,62,0.867121,824
476624,519744,62,0.861056,824
478312,519744,62,0.851886,824
480024,519744,62,0.841265,824
482888,519744,62,0.819896,824
480104,519744,62,0.840746,824
483608,519744,62,0.855011,824
483232,519744,63,0.857572,824
487128,523688,63,0.857572,824
489792,523688,63,0.942291,824
489728,523688,63,0.942637,824
490880,524888,63,0.942637,824
490176,524888,64,0.944788,800
492872,527632,64,0.944788,800
489928,527632,65,0.868336,800
492576,527632,65,0.945484,800
493512,527632,64,0.942735,808
496240,530408,64,0.942735,808
496728,530408,64,0.941047,808
500432,534160,64,0.941047,808
496696,534160,65,0.829562,808
498704,534160,65,0.915425,808
502568,538072,65,0.915425,808
504824,540376,65,0.915425,808
501536,540376,65,0.845172,808
501960,540376,64,0.842124,832
501408,540376,64,0.846180,832
500056,540376,64,0.854880,832
502360,540376,64,0.919286,832
499792,540376,65,0.895713,792
499456,540376,66,0.897096,792
499984,540376,66,0.894703,792
501304,540376,66,0.888547,792
504288,543408,66,0.888547,792
503936,543408,66,0.890457,784
503320,543408,66,0.893429,784
503784,543408,66,0.891152,784
507056,546728,66,0.891152,784
506392,546728,66,0.894293,784
504112,546728,67,0.903235,784
504360,546728,66,0.902337,784
508144,550560,66,0.902337,784
504720,550560,66,0.857370,784
507912,550560,66,0.903178,784
505896,550560,66,0.910069,784
505680,550560,67,0.910807,760
509296,554224,67,0.910807,760
513032,558008,67,0.910807,760
513352,558008,66,0.909820,760
514040,558008,65,0.907491,800
515792,558008,65,0.901182,800
518320,558008,65,0.904266,800
515872,558008,65,0.864701,800
515344,558008,65,0.867599,800
516208,558008,65,0.862950,800
516672,558008,65,0.860195,800
517424,558008,65,0.855660,800
516488,558008,65,0.861198,800
517840,558008,65,0.853184,800
518520,558008,65,0.848639,800
517056,558008,66,0.857509,800
514336,558008,67,0.871499,800
511240,558008,68,0.884416,800
511376,558008,67,0.883903,800
511456,558008,66,0.883599,800
508128,558008,67,0.895022,800
508520,558008,66,0.893795,800
511168,558008,66,0.884506,800
508568,558008,67,0.893490,800
505120,558008,68,0.903450,800
503304,558008,69,0.908096,752
504872,558008,69,0.904095,752
505304,558008,69,0.902838,752
507632,558008,69,0.896101,752
508968,558008,69,0.891727,752
510200,558008,68,0.887484,760
512200,558008,68,0.879697,760
514120,558008,68,0.871127,760
517504,558008,68,0.852844,760
520848,558008,68,0.840000,760
520944,558008,67,0.839258,760
521400,558008,67,0.835248,760
522560,558008,67,0.824768,760
525880,558008,66,0.879469,768
528640,560816,66,0.879469,768
527144,560816,66,0.890284,768
525824,560816,66,0.898363,768
528184,563224,66,0.898363,768
529080,563224,66,0.892922,768
526248,563224,66,0.808892,768
525552,563224,67,0.815164,768
525064,563224,68,0.819322,768
523832,563224,68,0.829387,768
525544,563224,68,0.815234,768
524192,563224,68,0.826671,768
521208,563224,69,0.846875,768
521672,563224,68,0.843899,792
522672,563224,68,0.837101,792
526208,563224,68,0.854297,792
530296,567360,68,0.854297,792
528240,567360,69,0.867590,792
528104,567360,70,0.868384,792
531072,567360,69,0.895571,808
532880,567360,69,0.905787,808
534240,567360,69,0.897711,808
536672,569840,69,0.897711,808
534368,569840,70,0.876976,808
537216,572736,70,0.876976,808
537408,572736,69,0.875701,808
538448,572736,69,0.867950,808
539024,572736,69,0.863053,808
542064,575824,69,0.863053,808
543024,575824,69,0.854325,808
539336,575824,69,0.802373,808
536104,575824,70,0.830407,808
538088,575824,70,0.813801,808
540256,575824,70,0.791541,808
542768,575824,70,0.894842,808
543184,575824,69,0.892031,808
545880,578568,69,0.892031,808
545504,578568,70,0.894895,760
543424,578568,71,0.884854,760
546128,581320,71,0.884854,760
548448,583688,71,0.884854,760
551456,586744,71,0.884854,760
547592,586744,72,0.823787,760
551312,586744,72,0.885463,760
550216,586744,72,0.892250,760
551784,586744,72,0.882406,760
549280,586744,72,0.863636,760
546624,586744,73,0.879455,760
544360,586744,73,0.890511,760
547768,590200,73,0.890511,760
551144,593624,73,0.890511,760
552288,593624,73,0.885077,760
552640,593624,72,0.883328,768
555376,593624,71,0.872894,792
552200,593624,71,0.862023,792
553560,593624,71,0.853470,792
554984,593624,71,0.843315,792
558376,597064,71,0.843315,792
560720,597064,71,0.823430,792
559912,597064,71,0.831100,792
562232,597064,71,0.924781,792
562672,597064,71,0.922602,792
558744,597064,72,0.810936,792
560648,597064,72,0.895028,792
561264,597064,72,0.891189,792
563728,599576,72,0.891189,792
561824,599576,72,0.804694,792
561912,599576,71,0.803835,792
560472,599576,71,0.817404,792
562928,599576,71,0.909933,792
564176,599576,71,0.903342,792
566032,601480,71,0.903342,792
563272,601480,72,0.865182,792
567344,605600,72,0.865182,792
563808,605600,72,0.837047,792
564264,605600,72,0.833560,792
562008,605600,72,0.848391,792
563200,605600,72,0.840754,792
566896,605600,72,0.867765,792
562912,605600,73,0.839717,792
561632,605600,73,0.847846,792
563096,605600,73,0.838521,792
564536,605600,73,0.828157,792
565328,605600,73,0.821697,792
568960,605600,73,0.852122,792
570272,605600,73,0.840499,792
572272,605600,73,0.931306,792
569968,605600,73,0.857792,792
570656,605600,72,0.851799,816
566736,605600,72,0.768788,816
564680,605600,73,0.789529,816
565104,605600,72,0.785562,816
568640,605600,72,0.867597,816
572072,609080,72,0.867597,816
574656,611712,72,0.867597,816
576848,611712,72,0.876679,816
573488,611712,72,0.825498,816
574680,611712,71,0.814013,864
575824,611712,71,0.801451,864
579200,611712,71,0.926322,864
579344,611712,70,0.925568,864
576616,611712,71,0.837696,864
579920,615064,71,0.837696,864
583472,618664,71,0.837696,864
586208,621448,71,0.837696,864
582816,621448,72,0.832079,864
580504,621448,73,0.849325,864
582968,621448,73,0.830400,864
584560,621448,73,0.815251,864
587248,621448,73,0.932924,864
589752,624000,73,0.932924,864
592928,627224,73,0.932924,864
593104,627224,72,0.932160,864
595720,629888,72,0.932160,864
598568,632784,72,0.932160,864
600592,634856,72,0.932160,864
601776,636088,72,0.932160,864
604408,638768,72,0.932160,864
601136,638768,73,0.824157,840
601496,638768,72,0.820557,856
604024,638768,72,0.933637,856
603936,638768,73,0.934005,856
601136,638768,73,0.845365,856
600272,638768,73,0.806110,856
600216,638768,74,0.806661,856
599968,638768,75,0.809065,856
602560,638768,75,0.932501,856
606488,642744,75,0.932501,856
606264,642744,76,0.933394,848
602416,642744,77,0.820052,848
606008,642744,77,0.934175,848
605320,642744,78,0.936714,824
603832,642744,79,0.925391,824
605360,644320,79,0.925391,824
608736,647744,79,0.925391,824
605656,647744,80,0.866227,824
609576,651712,80,0.866227,824
606192,651712,80,0.869670,824
608872,651712,80,0.854686,824
611224,651712,80,0.930233,824
613384,653920,80,0.930233,824
611632,653920,80,0.921826,824
612808,653920,80,0.917458,824
612376,653920,81,0.919054,824
611600,653920,82,0.921772,824
613416,655784,82,0.921772,824
616504,658920,82,0.921772,824
618504,660968,82,0.921772,824
620344,662856,82,0.921772,824
621704,662856,82,0.946185,824
620608,662856,82,0.898810,824
620512,662856,83,0.899233,824
623592,665984,83,0.899233,824
624096,665984,83,0.896749,824
623248,665984,84,0.900516,824
621400,665984,84,0.908020,824
619448,665984,84,0.899764,824
621040,665984,84,0.893317,824
621416,665984,83,0.891685,832
625096,669712,83,0.891685,832
621720,669712,84,0.881494,832
625008,669712,84,0.891858,832
622544,669712,84,0.901677,832
622104,669712,84,0.903382,832
618424,669712,85,0.884393,832
620536,669712,85,0.875977,832
623032,669712,85,0.864347,832
620576,669712,86,0.875608,832
616816,669712,87,0.887236,832
615040,669712,87,0.893085,832
616560,669712,87,0.888095,832
618304,669712,87,0.881791,832
621816,669712,87,0.866893,832
623632,669712,87,0.857489,832
624640,669712,86,0.851782,840
625360,669712,86,0.847154,840
626304,669712,85,0.840948,856
629144,669712,85,0.949499,856
628064,669712,86,0.949835,840
630624,672320,86,0.949835,840
633192,674936,86,0.949835,840
630000,674936,86,0.836735,840
630224,674936,85,0.835264,840
630728,674936,84,0.831800,848
628408,674936,84,0.846707,848
630272,674936,84,0.834892,848
628408,674936,84,0.846707,848
628968,674936,84,0.843137,848
629768,674936,83,0.837872,896
633792,674936,83,0.907890,896
634000,674936,82,0.906977,896
637744,678728,82,0.906977,896
638200,678728,81,0.904762,928
637288,678728,82,0.908819,928
638328,678728,81,0.904163,928
634624,678728,81,0.835489,928
632640,678728,81,0.848272,928
636208,678728,81,0.897764,928
633672,678728,81,0.896497,928
631144,678728,82,0.905961,928
633016,678728,82,0.898943,928
632696,678728,83,0.900184,928
633488,678728,83,0.896858,928
634544,678728,82,0.892170,968
637552,681784,82,0.892170,968
639520,681784,82,0.882332,968
640888,681784,82,0.874275,968
642344,681784,82,0.930747,968
642528,681784,81,0.930076,968
646584,685888,81,0.930076,968
644472,685888,81,0.890696,968
646520,685888,81,0.930311,968
650312,689728,81,0.930311,968
652696,692160,81,0.930311,968
650728,692160,81,0.890661,968
650304,692160,82,0.892817,968
652784,694688,82,0.892817,968
656344,698296,82,0.892817,968
660336,702336,82,0.892817,968
659576,702336,81,0.896922,968
663192,706000,81,0.896922,968
666680,709536,81,0.896922,968
665016,709536,82,0.904064,968
668368,712936,82,0.904064,968
667120,712936,83,0.908832,960
667728,712936,83,0.906402,960
669024,712936,82,0.901065,992
670200,712936,82,0.895577,992
674136,716920,82,0.895577,992
676512,719344,82,0.895577,992
680200,723080,82,0.895577,992
683032,725960,82,0.895577,992
687072,730048,82,0.895577,992
685808,730048,83,0.901235,992
685392,730048,84,0.902965,992
681656,730048,85,0.864047,992
683008,730048,85,0.856748,992
685600,730048,85,0.901706,992
689400,733896,85,0.901706,992
691656,733896,84,0.940197,1040
690096,733896,84,0.925079,1040
691688,733896,84,0.940106,1040
692984,735240,84,0.940106,1040
690280,735240,85,0.886425,1040
688872,735240,85,0.892970,1040
687576,735240,86,0.898193,1040
683504,735240,87,0.867067,1040
683048,735240,86,0.869420,1040
679064,735240,85,0.882260,1040
680304,735240,84,0.877882,1064
680928,735240,84,0.875420,1064
684448,735240,84,0.860484,1064
687184,735240,84,0.899763,1064
684032,735240,84,0.892100,1064
687672,738928,84,0.892100,1064
689184,738928,84,0.886218,1064
691072,738928,84,0.877961,1064
691456,738928,83,0.876104,1080
692984,738928,83,0.868199,1080
689432,738928,83,0.872527,1080
685520,738928,83,0.874287,1080
683360,738928,84,0.882175,1080
681688,738928,84,0.887782,1080
680496,738928,85,0.891504,1032
679776,738928,86,0.893554,1032
683096,738928,86,0.883234,1032
685088,738928,86,0.875948,1032
684496,738928,86,0.878330,1032
687128,738928,86,0.867693,1032
689416,738928,86,0.934463,1032
690592,738928,86,0.931503,1032
693368,741752,86,0.931503,1032
695648,744080,86,0.931503,1032
693144,744080,87,0.915405,1032
694848,744080,86,0.910187,1048
695648,744080,86,0.907369,1048
698920,747400,86,0.907369,1048
702600,751128,86,0.907369,1048
699040,751128,87,0.883630,1048
702816,754952,87,0.883630,1048
706392,758576,87,0.883630,1048
706952,758576,86,0.881397,1064
705608,758576,86,0.886653,1064
701912,758576,87,0.894713,1064
705760,762472,87,0.894713,1064
708904,762472,87,0.884181,1064
711008,762472,87,0.875806,1064
713992,762472,87,0.930560,1064
716352,764880,87,0.930560,1064
716792,764880,87,0.929268,1064
720120,768256,87,0.929268,1064
721664,768256,87,0.924700,1064
724336,770976,87,0.924700,1064
727240,773928,87,0.924700,1064
730064,776800,87,0.924700,1064
731136,776800,86,0.921196,1088
732400,776800,85,0.916607,1120
733112,776800,84,0.913819,1128
733616,776800,84,0.911552,1128
735648,778880,84,0.911552,1128
734056,778880,85,0.917789,1128
733184,778880,86,0.920900,1112
734144,778880,86,0.917349,1112
730896,778880,86,0.862690,1112
729720,778880,86,0.868921,1112
730040,778880,85,0.867347,1112
731720,778880,85,0.858151,1112
735184,778880,85,0.925663,1112
736208,778880,84,0.921838,1136
737304,778880,83,0.917324,1152
740192,781816,83,0.917324,1152
743048,784720,83,0.917324,1152
743816,784720,83,0.913666,1152
745344,784720,83,0.918880,1152
747640,787064,83,0.918880,1152
743584,787064,84,0.806119,1152
745448,787064,84,0.887205,1152
742128,787064,84,0.838756,1152
739288,787064,85,0.856916,1152
736552,787064,85,0.851714,1152
734552,787064,86,0.861600,1152
735640,787064,85,0.856193,1192
732176,787064,85,0.871789,1192
732520,787064,84,0.870412,1192
735160,787064,84,0.858545,1192
738000,787064,84,0.843108,1192
737496,787064,84,0.846313,1192
739088,787064,84,0.836381,1192
740632,787064,84,0.825429,1192
739672,787064,84,0.832527,1192
742992,787064,84,0.806199,1192
745768,787064,84,0.928602,1192
745664,787064,84,0.929211,1184
747080,788528,84,0.929211,1184
747008,788528,85,0.929482,1184
750712,792280,85,0.929482,1184
751808,792280,85,0.924921,1184
752696,792280,84,0.920839,1208
748952,792280,85,0.817544,1208
749656,792280,85,0.810603,1208
750080,792280,84,0.806452,1208
752216,792280,84,0.909091,1208
754712,794824,84,0.909091,1208
757656,797816,84,0.909091,1208
755072,797816,85,0.869125,1208
757856,800648,85,0.869125,1208
755120,800648,85,0.859525,1184
758056,800648,85,0.867948,1184
756696,800648,85,0.876812,1184
754984,800648,86,0.886107,1184
757768,803480,86,0.886107,1184
759008,803480,85,0.879343,1216
760536,803480,84,0.869863,1248
761904,803480,83,0.859870,1296
763008,803480,83,0.850532,1296
763568,803480,83,0.845084,1296
763720,803480,82,0.843659,1296
763984,803480,81,0.841121,1296
760424,803480,81,0.814010,1296
761632,803480,81,0.801461,1296
759208,803480,81,0.824734,1296
760024,803480,81,0.817247,1296
758432,803480,82,0.830583,1296
755144,803480,83,0.852772,1296
755496,803480,82,0.850679,1296
759200,807232,82,0.850679,1296
760104,807232,82,0.844706,1296
759912,807232,82,0.846256,1296
761600,807232,81,0.834409,1328
760536,807232,80,0.832709,1328
756968,807232,80,0.853558,1328
760368,807232,80,0.832206,1328
760608,807232,79,0.830485,1328
757480,807232,79,0.850737,1328
760024,807232,79,0.834612,1328
760288,807232,78,0.832771,1328
761200,807232,78,0.825720,1328
762160,807232,78,0.817647,1328
764912,807232,78,0.790717,1328
767744,807232,78,0.917910,1328
763912,807232,79,0.807553,1328
766360,807232,79,0.923289,1328
769392,810312,79,0.923289,1328
767552,810312,80,0.904445,1328
771128,813936,80,0.904445,1328
772520,813936,80,0.925011,1328
771912,813936,80,0.927737,1312
775992,818064,80,0.927737,1312
776672,818064,79,0.924944,1320
772808,818064,79,0.819086,1320
776568,818064,79,0.925380,1320
777328,818064,79,0.921853,1320
774248,818064,79,0.844207,1312
777704,821568,79,0.844207,1312
777664,821568,80,0.844576,1304
780320,821568,80,0.923987,1304
777312,821568,81,0.853867,1304
781304,825608,81,0.853867,1304
782144,825608,81,0.847279,1304
784648,825608,81,0.922072,1304
785168,825608,80,0.919479,1336
789224,829712,80,0.919479,1336
788048,829712,81,0.924809,1336
787336,829712,82,0.927737,1328
785416,829712,81,0.821303,1328
785032,829712,82,0.824723,1312
788992,833720,82,0.824723,1312
786488,833720,82,0.843793,1312
787600,833720,82,0.835666,1312
786560,833720,83,0.842989,1312
788824,833720,83,0.825723,1312
788848,833720,82,0.825524,1312
785992,833720,82,0.823293,1312
785704,833720,83,0.825512,1296
786512,833720,83,0.819116,1296
789408,833720,83,0.793022,1296
786328,833720,83,0.820530,1296
783656,833720,84,0.838828,1296
780256,833720,85,0.857336,1296
777504,833720,86,0.869468,1296
774992,833720,86,0.879038,1296
778400,833720,86,0.891940,1296
779040,833720,85,0.889696,1296
780848,833720,85,0.882629,1296
783368,833720,85,0.871212,1296
786248,833720,85,0.855147,1296
786472,833720,84,0.853600,1320
789176,833720,84,0.833919,1320
792576,833720,83,0.952202,1320
793344,833720,82,0.949951,1320
796600,837024,82,0.949951,1320
796928,837024,81,0.948898,1328
800496,840640,81,0.948898,1328
799376,840640,82,0.934457,1328
800440,840640,82,0.948923,1328
799528,840640,83,0.945997,1328
798472,840640,84,0.939475,1296
798872,840640,83,0.938097,1296
798496,840640,84,0.939421,1288
801416,843608,84,0.939421,1288
803008,845248,84,0.939421,1288
799216,845248,85,0.825671,1288
801048,845248,85,0.903784,1288
803784,848032,85,0.903784,1288
806200,850496,85,0.903784,1288
802600,850496,86,0.846626,1288
798880,850496,86,0.851395,1288
798656,850496,87,0.852736,1264
796328,850496,88,0.864234,1264
794464,850496,88,0.872416,1264
790680,850496,89,0.886010,1264
793168,850496,89,0.877244,1264
793824,850496,88,0.874721,1272
789984,850496,88,0.887956,1272
790000,850496,87,0.887906,1272
791824,850496,87,0.881791,1272
788208,850496,88,0.893061,1272
786464,850496,89,0.897762,1272
788224,850496,89,0.892880,1272
789320,850496,89,0.889542,1272
789792,850496,89,0.887956,1272
793848,850496,88,0.874067,1272
793088,850496,88,0.877155,1272
794056,850496,88,0.873246,1272
795392,850496,88,0.867505,1272
799472,854624,88,0.867505,1272
802280,854624,88,0.853842,1272
805632,854624,88,0.833388,1272
805160,854624,87,0.837194,1272
803776,854624,88,0.845779,1272
807736,854624,88,0.924101,1272
810752,857688,88,0.924101,1272
813392,860376,88,0.924101,1272
815080,860376,87,0.932659,1272
816608,861952,87,0.932659,1272
817520,861952,86,0.929532,1272
818064,861952,86,0.927341,1272
815432,861952,87,0.878598,1272
811472,861952,88,0.845554,1272
812568,861952,88,0.838341,1272
808640,861952,88,0.767912,1272
805656,861952,88,0.790249,1272
808936,861952,88,0.765474,1272
811072,861952,88,0.745768,1272
810632,861952,89,0.750000,1272
810576,861952,90,0.750529,1272
811504,861952,89,0.741309,1288
812584,861952,88,0.729800,1296
808592,861952,88,0.768108,1296
811160,861952,88,0.744668,1296
809968,861952,87,0.756773,1296
812960,861952,87,0.852122,1296
809440,861952,88,0.870949,1296
810256,861952,87,0.867024,1296
810288,861952,86,0.866866,1296
811592,861952,86,0.859793,1296
811944,861952,85,0.857826,1296
810800,861952,86,0.864024,1296
813200,861952,86,0.850034,1296
809512,861952,86,0.863993,1296
812848,861952,86,0.844930,1296
812528,861952,87,0.846959,1296
814416,861952,87,0.919744,1296
815760,861952,87,0.914459,1296
818256,864496,87,0.914459,1296
814792,864496,87,0.849075,1296
816664,864496,87,0.920451,1296
816968,864496,86,0.919372,1296
816528,864496,85,0.921254,1296
817760,864496,85,0.916605,1296
817816,864496,84,0.916389,1296
819640,866368,84,0.916389,1296
817752,866368,84,0.841087,1296
814176,866368,85,0.862028,1296
815880,866368,85,0.852506,1296
819472,866368,85,0.835541,1296
818968,866368,85,0.839842,1264
817792,866368,86,0.847856,1264
820288,866368,86,0.943893,1264
817296,866368,87,0.875084,1264
817632,866368,86,0.873263,1272
818096,866368,86,0.870454,1272
815552,866368,87,0.883307,1272
818776,869640,87,0.883307,1272
820560,869640,87,0.874328,1272
816840,869640,86,0.847089,1272
818152,869640,86,0.839171,1272
814464,869640,87,0.858974,1272
818424,869640,87,0.857848,1272
816504,869640,87,0.867870,1272
818112,869640,86,0.859665,1296
818968,869640,85,0.854849,1312
815640,869640,86,0.871659,1312
815176,869640,87,0.873699,1312
816920,869640,87,0.865441,1312
818160,869640,87,0.858806,1312
817696,869640,87,0.861520,1312
815128,869640,88,0.873699,1312
813896,869640,89,0.878812,1312
814768,869640,89,0.875034,1312
817016,869640,89,0.864491,1312
817240,869640,88,0.863286,1328
819120,869640,88,0.852763,1328
817680,869640,89,0.860767,1328
819504,869640,89,0.926227,1328
823472,873656,89,0.926227,1328
821632,873656,89,0.928162,1328
818624,873656,90,0.898075,1328
819712,873656,90,0.893995,1328
816864,873656,91,0.903664,1328
819960,876800,91,0.903664,1328
822360,876800,91,0.895468,1328
824496,876800,91,0.928400,1328
826480,878832,91,0.928400,1328
825864,878832,92,0.930021,1328
828848,881864,92,0.930021,1328
827256,881864,93,0.933889,1328
824408,881864,94,0.910010,1328
821128,881864,95,0.906093,1328
822840,881864,95,0.901110,1328
820056,881864,95,0.908889,1328
822176,881864,95,0.903050,1328
820656,881864,95,0.907345,1328
818784,881864,96,0.911998,1328
816120,881864,95,0.913070,1328
812160,881864,95,0.908084,1328
814976,881864,95,0.901690,1328
812272,881864,96,0.907748,1328
808792,881864,96,0.914614,1328
810696,881864,95,0.911041,1328
814624,881864,95,0.913504,1328
812224,881864,96,0.918230,1328
812888,881864,95,0.916944,1344
813904,881864,95,0.914849,1344
816696,881864,95,0.908703,1344
816552,881864,95,0.909146,1344
819040,881864,95,0.902919,1344
820464,881864,94,0.898988,1360
817944,881864,94,0.905791,1360
816016,881864,94,0.910433,1360
816936,881864,94,0.908217,1360
817976,881864,94,0.905593,1360
821072,881864,94,0.897089,1360
820712,881864,95,0.898186,1344
823104,881864,94,0.890754,1352
822096,881864,95,0.894029,1344
819264,881864,95,0.902328,1344
821544,881864,95,0.895727,1344
823224,881864,95,0.890220,1344
826240,881864,95,0.900998,1344
827336,881864,95,0.897026,1344
827680,881864,94,0.895650,1376
825976,881864,94,0.901767,1376
828976,884912,94,0.901767,1376
827360,884912,94,0.906947,1376
827480,884912,93,0.906592,1376
825080,884912,94,0.913218,1376
828264,888144,94,0.913218,1376
832080,892008,94,0.913218,1376
834304,892008,94,0.906971,1376
831096,892008,95,0.907731,1376
830712,892008,96,0.908760,1368
833048,892008,96,0.902124,1368
833880,892008,95,0.899524,1384
834016,892008,94,0.899094,1384
833312,892008,94,0.901426,1384
832408,892008,94,0.904227,1384
832824,892008,93,0.903023,1384
833440,892008,92,0.901183,1384
833584,892008,91,0.900743,1384
836168,892008,91,0.932902,1384
833536,892008,92,0.918564,1384
833984,892008,91,0.917420,1384
835456,892008,91,0.913284,1384
832456,892008,92,0.910050,1384
833624,892008,92,0.906647,1384
829584,892008,92,0.871908,1384
830424,892008,92,0.868689,1384
832952,892008,92,0.858364,1384
835304,892008,92,0.847167,1384
832368,892008,91,0.861045,1384
828448,892008,92,0.875643,1384
829672,892008,92,0.871254,1384
831008,892008,92,0.866113,1384
831976,892008,92,0.862069,1384
835248,892008,92,0.846966,1384
839040,892008,92,0.824773,1384
838688,892008,92,0.827535,1360
840336,892008,92,0.883212,1360
842440,892008,92,0.950035,1360
840056,892008,92,0.903013,1360
839728,892008,93,0.904275,1352
838432,892008,93,0.909118,1320
841448,895072,93,0.909118,1320
838544,895072,93,0.893871,1320
838832,895072,92,0.892790,1336
838712,895072,93,0.893219,1336
842688,899096,93,0.893219,1336
844800,899096,93,0.884925,1336
845952,899096,92,0.879952,1336
848440,899096,92,0.932338,1336
847936,899096,93,0.933745,1328
849200,899096,93,0.964666,1328
850584,900528,93,0.964666,1328
850904,900528,92,0.964174,1328
854048,903720,92,0.964174,1328
856264,905984,92,0.964174,1328
859696,909464,92,0.964174,1328
858456,909464,93,0.947906,1304
860744,911800,93,0.947906,1304
862384,913488,93,0.947906,1304
865120,916272,93,0.947906,1304
868800,920000,93,0.947906,1304
870832,922080,93,0.947906,1304
871920,922080,93,0.964372,1304
870088,922080,94,0.926603,1304
873616,925656,94,0.926603,1304
872680,925656,94,0.929408,1296
874864,927888,94,0.929408,1296
878000,931072,94,0.929408,1296
880720,933840,94,0.929408,1296
882496,933840,94,0.933687,1296
884504,935896,94,0.933687,1296
884928,935896,93,0.932501,1296
883776,935896,94,0.935629,1296
887672,939840,94,0.935629,1296
890616,942832,94,0.935629,1296
889280,942832,94,0.886280,1296
885744,942832,95,0.881247,1296
887912,942832,95,0.871698,1296
891288,942832,95,0.952270,1296
894736,946328,95,0.952270,1296
891248,946328,95,0.844753,1296
889424,946328,96,0.854353,1296
890784,946328,96,0.847052,1296
893312,946328,96,0.932581,1296
894560,946328,96,0.952428,1296
895560,946328,96,0.964434,1296
896400,947216,96,0.964434,1296
900248,951112,96,0.964434,1296
898824,951112,96,0.911039,1296
897584,951112,97,0.915301,1296
894552,951112,98,0.895130,1296
897080,951112,98,0.916768,1296
899120,951112,98,0.948862,1296
898288,951112,99,0.950590,1280
899928,952800,99,0.950590,1280
896288,952800,100,0.873330,1280
897616,952800,100,0.917251,1280
894976,952800,101,0.912000,1280
891704,952800,101,0.888355,1280
889416,952800,102,0.895529,1280
891528,952800,102,0.888783,1280
890864,952800,103,0.890999,1264
894960,956944,103,0.890999,1264
898872,960904,103,0.890999,1264
899800,960904,103,0.887790,1264
898320,960904,104,0.892585,1264
900320,960904,104,0.885834,1264
902880,960904,104,0.875901,1264
900400,960904,104,0.885553,1264
901488,960904,104,0.881408,1264
899728,960904,104,0.887871,1264
900840,960904,104,0.883808,1264
898952,960904,104,0.890434,1264
900400,960904,104,0.885383,1264
898872,960904,104,0.890691,1264
899264,960904,103,0.889417,1264
898168,960904,104,0.892906,1264
894576,960904,105,0.902943,1264
896632,960904,105,0.897306,1264
899608,960904,105,0.887952,1264
896664,960904,106,0.897078,1264
894288,960904,107,0.903427,1264
897088,960904,107,0.895717,1264
900648,960904,107,0.925898,1264
898264,960904,107,0.907236,1264
898808,960904,106,0.905683,1288
896816,960904,106,0.911032,1288
900800,964936,106,0.911032,1288
900376,964936,106,0.912242,1264
900840,964936,105,0.911091,1272
904384,968528,105,0.911091,1272
902400,968528,106,0.915736,1272
904184,968528,106,0.911465,1272
901040,968528,107,0.918550,1272
902280,968528,107,0.915789,1272
898520,968528,107,0.906047,1272
902024,968528,107,0.916353,1272
904144,968528,107,0.911328,1272
906952,968528,107,0.903707,1272
907824,968528,107,0.900966,1272
906512,968528,107,0.904988,1264
904024,968528,107,0.911641,1264
905856,968528,107,0.906803,1264
906608,968528,106,0.904717,1264
902792,968528,107,0.897968,1264
902472,968528,107,0.898962,1264
899376,968528,108,0.906617,1264
903000,968528,108,0.904065,1264
900888,968528,108,0.909331,1264
901208,968528,107,0.908550,1280
904896,972264,107,0.908550,1280
905424,972264,106,0.907296,1280
907248,972264,106,0.902556,1280
906760,972264,106,0.903962,1280
903416,972264,107,0.911893,1280
904232,972264,106,0.910063,1288
907960,976040,106,0.910063,1288
905432,976040,106,0.915546,1288
908000,976040,106,0.909972,1288
910464,976040,106,0.903879,1288
909072,976040,106,0.907469,1288
906568,976040,107,0.913111,1288
903984,976040,106,0.844001,1288
901176,976040,107,0.853411,1288
902784,976040,107,0.848004,1288
901072,976040,108,0.853587,1288
902024,976040,108,0.850377,1288
902184,976040,107,0.849850,1288
902688,976040,106,0.848140,1296
905392,976040,106,0.838233,1296
907456,976040,106,0.829707,1296
903752,976040,107,0.844115,1296
905552,976040,107,0.837245,1296
901880,976040,108,0.850351,1296
903056,976040,108,0.846223,1296
902528,976040,109,0.848140,1264
905768,976040,109,0.836151,1264
907160,976040,109,0.830283,1264
910320,976040,109,0.815568,1264
911280,976040,109,0.810402,1264
915200,976040,109,0.884337,1264
918504,976040,109,0.900391,1264
918944,976040,108,0.898838,1264
921664,976040,108,0.932768,1264
918944,976040,108,0.898838,1264
917416,976040,108,0.904187,1264
917192,976040,109,0.904901,1264
919768,976040,109,0.935785,1264
916784,976040,109,0.895401,1264
920808,980112,109,0.895401,1264
921176,980112,108,0.894093,1272
918400,980112,108,0.902214,1272
921904,983664,108,0.902214,1272
923336,983664,108,0.897606,1272
924560,983664,108,0.893284,1272
927880,987032,108,0.893284,1272
929776,987032,108,0.885925,1272
933192,990496,108,0.885925,1272
933912,990496,107,0.882935,1272
937160,993792,107,0.882935,1272
939696,993792,107,0.950177,1272
939760,993792,106,0.950048,1272
938448,993792,107,0.949801,1272
941080,996472,107,0.949801,1272
941448,996472,106,0.949053,1288
940488,996472,106,0.950972,1288
936952,996472,107,0.883285,1288
935992,996472,108,0.886870,1288
936744,996472,107,0.883990,1312
934248,996472,107,0.892926,1312
932192,996472,108,0.899202,1312
933008,996472,107,0.896705,1344
929784,996472,108,0.905596,1344
928576,996472,109,0.908545,1344
928184,996472,110,0.909463,1344
929184,996472,110,0.906967,1344
932816,1000152,110,0.906967,1344
932368,1000152,111,0.908051,1344
936032,1003864,111,0.908051,1344
939656,1007536,111,0.908051,1344
938432,1007536,112,0.910887,1344
939200,1007536,111,0.909072,1368
937040,1007536,112,0.913857,1368
939104,1007536,112,0.909184,1368
942792,1011272,112,0.909184,1368
940224,1011272,111,0.915000,1368
943272,1011272,111,0.908165,1368
946496,1011272,111,0.915758,1368
947376,1011272,111,0.913479,1368
949648,1011272,111,0.907204,1368
948520,1011272,112,0.910473,1328
950680,1011272,112,0.933557,1328
952136,1011272,112,0.955435,1328
949024,1011272,113,0.904399,1328
946376,1011272,114,0.911591,1328
948912,1011272,114,0.904587,1328
952144,1014552,114,0.904587,1328
951392,1014552,115,0.906804,1304
954664,1017872,115,0.906804,1304
954320,1017872,116,0.907754,1304
953712,1017872,115,0.909640,1304
953832,1017872,114,0.909324,1304
957416,1021504,114,0.909324,1304
956056,1021504,113,0.913014,1304
957072,1021504,112,0.910451,1312
954792,1021504,113,0.915965,1312
952448,1021504,113,0.921063,1312
955768,1024872,113,0.921063,1312
958952,1028104,113,0.921063,1312
957384,1028104,114,0.924083,1312
957584,1028104,113,0.923711,1312
960096,1028104,113,0.936598,1312
959152,1028104,113,0.938226,1296
955304,1028104,113,0.907085,1296
951464,1028104,113,0.892480,1296
950368,1028104,113,0.895034,1296
949000,1028104,114,0.897933,1296
946352,1028104,114,0.903201,1296
946848,1028104,114,0.902182,1296
942960,1028104,115,0.909025,1296
939232,1028104,116,0.914744,1296
943136,1028104,116,0.908657,1296
946776,1028104,116,0.902137,1296
948672,1028104,116,0.898311,1296
950792,1028104,116,0.893674,1296
949920,1028104,117,0.895589,1296
953944,1028104,117,0.912338,1296
955360,1028104,117,0.909345,1296
957488,1028104,117,0.904500,1296
955384,1028104,118,0.909193,1296
952008,1028104,117,0.916004,1296
955704,1028104,117,0.913313,1296
959760,1032208,117,0.913313,1296
962216,1032208,117,0.907892,1296
963400,1032208,116,0.905027,1320
961184,1032208,117,0.910154,1320
959544,1032208,118,0.913606,1320
956928,1032208,119,0.918594,1320
954824,1032208,120,0.922207,1320
957384,1032208,120,0.917679,1320
958832,1032208,120,0.914835,1320
956376,1032208,120,0.919490,1320
954472,1032208,121,0.922703,1320
958216,1036000,121,0.922703,1320
956912,1036000,121,0.924833,1320
959600,1036000,121,0.920394,1320
957912,1036000,122,0.923243,1288
958304,1036000,121,0.922612,1288
961352,1036000,121,0.942908,1288
963704,1036000,121,0.947438,1288
962616,1036000,121,0.948817,1288
964800,1036000,120,0.948783,1320
966208,1036000,120,0.946901,1320
962216,1036000,120,0.907292,1320
959528,1036000,121,0.912668,1320
963376,1036000,121,0.936687,1320
964200,1036000,120,0.935360,1368
967440,1039288,120,0.935360,1368
967544,1039288,119,0.935198,1368
968664,1039288,119,0.933320,1368
969800,1039288,119,0.931302,1368
969640,1039288,120,0.931582,1368
971192,1039288,120,0.928678,1368
971696,1039288,119,0.927617,1416
975072,1042712,119,0.927617,1416
977808,1045496,119,0.927617,1416
980184,1045496,119,0.939387,1416
984168,1049528,119,0.939387,1416
984936,1049528,118,0.938001,1424
986584,1049528,118,0.934739,1424
986824,1049528,117,0.934250,1424
984296,1049528,117,0.912309,1424
983088,1049528,118,0.915269,1424
984016,1049528,118,0.912894,1424
985664,1049528,118,0.908432,1424
985272,1049528,119,0.909503,1424
982936,1049528,120,0.915402,1424
986848,1053488,120,0.915402,1424
983000,1053488,120,0.898128,1424
986696,1053488,120,0.915759,1424
987688,1053488,120,0.913252,1424
988456,1053488,120,0.911179,1424
985104,1053488,120,0.899190,1424
986680,1053488,120,0.894631,1424
984800,1053488,119,0.900127,1424
982168,1053488,120,0.906614,1424
983616,1053488,120,0.903034,1424
987024,1053488,120,0.914755,1424
990792,1057304,120,0.914755,1424
993648,1057304,120,0.919422,1424
997544,1061248,120,0.919422,1424
998256,1061248,119,0.917626,1424
995840,1061248,120,0.923417,1424
995784,1061248,121,0.923542,1424
992904,1061248,120,0.913583,1424
993456,1061248,119,0.912269,1432
995024,1061248,119,0.908244,1432
995672,1061248,118,0.906438,1464
996080,1061248,117,0.905320,1464
995440,1061248,117,0.907190,1464
997192,1061248,117,0.902132,1464
996368,1061248,118,0.904650,1416
1000456,1065384,118,0.904650,1416
1003960,1068936,118,0.904650,1416
1003168,1068936,118,0.906955,1416
1005984,1068936,118,0.917420,1416
1009680,1072680,118,0.917420,1416
1010840,1072680,118,0.914166,1416
1008248,1072680,119,0.920856,1416
1011008,1075488,119,0.920856,1416
1012656,1075488,119,0.916603,1416
1014952,1075488,119,0.909912,1416
1015104,1075488,118,0.909416,1424
1017824,1078256,118,0.909416,1424
1018776,1078256,118,0.906188,1424
1021232,1078256,118,0.965874,1424
1022232,1079304,118,0.965874,1424
1024016,1081136,118,0.965874,1424
1027656,1084824,118,0.965874,1424
1028832,1086048,118,0.965874,1424
1029832,1087096,118,0.965874,1424
1028832,1087096,118,0.951880,1424
1029592,1087096,117,0.950464,1424
1033008,1090560,117,0.950464,1424
1035376,1092976,117,0.950464,1424
1036848,1094496,117,0.950464,1424
1033440,1094496,118,0.883479,1424
1032112,1094496,119,0.888540,1424
1028144,1094496,119,0.880204,1424
1028912,1094496,119,0.877309,1424
1026424,1094496,120,0.885727,1424
1023832,1094496,121,0.893350,1424
1024368,1094496,120,0.891813,1440
1025288,1094496,120,0.889008,1440
1028984,1094496,120,0.898547,1440
1029216,1094496,119,0.897842,1440
1030528,1094496,118,0.893606,1456
1031024,1094496,117,0.891933,1456
1030136,1094496,118,0.894970,1432
1027976,1094496,119,0.901526,1432
1031488,1098056,119,0.901526,1432
1030400,1098056,119,0.904655,1432
1033760,1098056,118,0.919842,1480
1032920,1098056,119,0.921871,1480
1036232,1101416,119,0.921871,1480
1035192,1101416,120,0.924246,1480
1036800,1101416,120,0.920393,1480
1035784,1101416,121,0.922820,1472
1037104,1101416,121,0.919543,1472
1035992,1101416,122,0.922228,1472
1037720,1101416,122,0.959939,1472
1035944,1101416,122,0.945110,1472
1033384,1101416,122,0.926634,1472
1031488,1101416,123,0.930306,1472
1031952,1101416,122,0.929442,1472
1030560,1101416,122,0.932057,1472
1034600,1105504,122,0.932057,1472
1035616,1105504,121,0.930218,1480
1038976,1108912,121,0.930218,1480
1036768,1108912,122,0.934066,1480
1033528,1108912,123,0.925139,1480
1035168,1108912,123,0.922100,1480
1037888,1108912,123,0.932001,1480
1036360,1108912,124,0.934576,1480
1038512,1108912,124,0.930803,1480
1041576,1112024,124,0.930803,1480
1040328,1112024,123,0.933158,1480
1036952,1112024,123,0.909226,1480
1039744,1112024,123,0.934132,1480
1037280,1112024,124,0.937947,1480
1040376,1115168,124,0.937947,1480
1039464,1115168,124,0.939316,1480
1039536,1115168,123,0.939215,1480
1039760,1115168,122,0.938900,1480
1038168,1115168,123,0.941071,1480
1038272,1115168,122,0.940934,1480
1035136,1115168,123,0.934437,1480
1031152,1115168,124,0.923113,1480
1031576,1115168,123,0.922478,1480
1031624,1115168,122,0.922406,1480
1030856,1115168,122,0.923620,1480
1029768,1115168,122,0.925304,1440
1030656,1115168,121,0.924004,1464
1032504,1115168,120,0.921153,1512
1028480,1115168,120,0.924982,1512
1027488,1115168,121,0.926320,1512
1023928,1115168,120,0.918850,1512
1023472,1115168,120,0.919577,1480
1020960,1115168,121,0.922820,1480
1016880,1115168,122,0.927564,1480
1017768,1115168,122,0.926528,1480
1014360,1115168,122,0.930214,1480
1012328,1115168,123,0.932213,1480
1013120,1115168,122,0.931424,1504
1015648,1115168,122,0.928808,1504
1019632,1115168,121,0.924345,1504
1016176,1115168,121,0.886901,1504
1017440,1115168,120,0.884728,1504
1016488,1115168,121,0.886372,1504
1015592,1115168,122,0.887877,1504
1012832,1115168,123,0.892273,1504
1011816,1115168,122,0.893948,1504
1015736,1115168,122,0.887718,1504
1016776,1115168,121,0.885934,1520
1015184,1115168,122,0.888602,1520
1017384,1115168,122,0.884798,1520
1021232,1115168,122,0.877551,1520
1020712,1115168,123,0.878633,1488
1023936,1115168,123,0.871927,1488
1025128,1115168,123,0.869187,1488
1028456,1115168,123,0.922930,1488
1026912,1115168,123,0.925114,1488
1027128,1115168,122,0.924825,1488
1028808,1115168,122,0.922430,1488
1028952,1115168,121,0.922224,1488
1029760,1115168,120,0.920997,1520
1026312,1115168,121,0.925801,1520
1028672,1115168,121,0.922510,1520
1026144,1115168,121,0.926020,1520
1029224,1115168,121,0.921715,1520
1027304,1115168,121,0.924480,1520
1027152,1115168,122,0.924685,1520
1028848,1115168,122,0.922258,1520
1032504,1115168,122,0.931620,1520
1029232,1115168,123,0.935787,1520
1031752,1115168,123,0.932561,1520
1030832,1115168,124,0.933784,1496
1031920,1115168,123,0.932371,1496
1029184,1115168,124,0.935815,1496
1032792,1118824,124,0.935815,1496
1030000,1118824,125,0.938986,1496
1032856,1118824,125,0.935681,1496
1029288,1118824,126,0.937596,1496
1028392,1118824,127,0.938559,1496
1031216,1118824,127,0.935362,1496
1029408,1118824,127,0.937465,1496
1032480,1118824,127,0.948235,1496
1028632,1118824,127,0.916863,1496
1027864,1118824,127,0.918053,1472
1029256,1118824,127,0.915991,1472
1030888,1118824,127,0.913450,1472
1033848,1118824,127,0.946864,1472
1031312,1118824,127,0.941663,1472
1033448,1118824,127,0.939257,1472
1032088,1118824,127,0.940830,1472
1030944,1118824,127,0.942100,1472
1033256,1118824,127,0.939531,1472
1035888,1118824,127,0.936322,1472
1031992,1118824,128,0.928382,1472
1029856,1118824,129,0.931088,1472
1029928,1118824,128,0.931000,1472
1031512,1118824,127,0.928998,1480
1030336,1118824,128,0.930488,1480
1031424,1118824,127,0.929081,1504
1031136,1118824,128,0.929471,1488
1034624,1118824,128,0.937800,1488
1030928,1118824,128,0.926995,1488
1033200,1118824,128,0.923807,1488
1029912,1118824,128,0.928308,1488
1026968,1118824,129,0.931861,1488
1027776,1118824,129,0.930865,1488
1028208,1118824,128,0.930341,1496
1025232,1118824,128,0.933787,1496
1028256,1118824,128,0.930284,1496
1027328,1118824,128,0.931436,1496
1027024,1118824,129,0.931788,1496
1028024,1118824,129,0.930561,1496
1029168,1118824,128,0.929132,1528
1027936,1118824,129,0.930637,1520
1027872,1118824,130,0.930713,1520
1030864,1118824,130,0.926910,1520
1030600,1118824,131,0.927257,1520
1028240,1118824,131,0.930274,1520
1028936,1118824,130,0.929428,1520
1030408,1118824,130,0.927507,1520
1031520,1118824,129,0.926023,1528
1031472,1118824,130,0.926088,1528
1033024,1118824,130,0.923864,1528
1029704,1118824,131,0.928339,1528
1027896,1118824,131,0.930618,1528
1024752,1118824,132,0.934166,1528
1023480,1118824,133,0.935500,1528
1024808,1118824,133,0.934054,1528
1022656,1118824,133,0.936336,1528
1023720,1118824,133,0.935203,1528
1023312,1118824,134,0.935623,1528
1022976,1118824,133,0.936063,1528
1025984,1118824,133,0.932820,1528
1029744,1118824,133,0.936366,1528
1029560,1118824,134,0.936573,1528
1029576,1118824,133,0.936555,1528
1030352,1118824,133,0.935618,1528
1027192,1118824,134,0.939069,1528
1023288,1118824,133,0.896429,1528
1025168,1118824,132,0.893227,1536
1028648,1118824,132,0.886680,1536
1027216,1118824,133,0.889432,1536
1029672,1118824,133,0.884528,1536
1032632,1118824,133,0.878031,1536
1033816,1118824,133,0.875153,1536
1033096,1118824,133,0.876963,1536
1029456,1118824,133,0.884968,1536
1033136,1118824,132,0.876870,1584
1036776,1118824,132,0.932608,1584
1034776,1118824,133,0.935237,1584
1035504,1118824,132,0.934242,1632
1034504,1118824,131,0.935639,1632
1035656,1118824,131,0.934106,1632
1035032,1118824,131,0.934973,1632
1036936,1118824,131,0.932388,1632
1034800,1118824,130,0.935328,1632
1035256,1118824,129,0.934707,1664
1032824,1118824,130,0.937688,1664
1034472,1118824,130,0.935639,1664
1033320,1118824,130,0.937102,1664
1036856,1122408,130,0.937102,1664
1035616,1122408,131,0.938582,1632
1032576,1122408,132,0.941852,1632
1029352,1122408,133,0.944975,1616
1031216,1122408,133,0.943174,1616
1031616,1122408,132,0.942782,1616
1033520,1122408,132,0.940790,1616
1029968,1122408,133,0.940427,1616
1032544,1122408,133,0.937684,1616
1031928,1122408,134,0.938393,1576
1033112,1122408,134,0.937048,1576
1030896,1122408,133,0.939526,1576
1031464,1122408,132,0.938927,1584
1031232,1122408,133,0.939170,1584
1034816,1126040,133,0.939170,1584
1031056,1126040,133,0.934920,1584
1030240,1126040,134,0.935762,1584
1030624,1126040,133,0.935360,1592
1034272,1126040,133,0.939723,1592
1031096,1126040,134,0.942806,1592
1033096,1126040,134,0.940855,1592
1032744,1126040,134,0.941254,1584
1029328,1126040,134,0.893881,1584
1030536,1126040,134,0.891754,1584
1030560,1126040,133,0.891712,1584
1028304,1126040,133,0.895631,1536
1029608,1126040,132,0.893467,1552
1028184,1126040,133,0.895823,1536
1029344,1126040,133,0.893854,1536
1028920,1126040,133,0.894645,1528
1031136,1126040,133,0.890806,1528
1028416,1126040,133,0.895464,1528
1025584,1126040,133,0.899906,1528
1027328,1126040,133,0.897187,1528
1023824,1126040,133,0.851358,1528
1025256,1126040,132,0.848214,1536
1027792,1126040,132,0.842227,1536
1024104,1126040,133,0.850636,1536
1023640,1126040,133,0.851733,1536
1019736,1126040,133,0.859687,1536
1016208,1126040,133,0.866183,1536
1018248,1126040,133,0.862465,1536
1020024,1126040,133,0.859044,1536
1022656,1126040,133,0.853697,1536
1020392,1126040,134,0.858240,1536
1020976,1126040,133,0.857095,1536
1021960,1126040,132,0.855124,1536
1020392,1126040,133,0.858302,1504
1020696,1126040,132,0.857709,1504
1016904,1126040,132,0.864854,1504
1014416,1126040,132,0.869191,1504
1013232,1126040,132,0.871199,1504
1016928,1126040,131,0.864981,1504
1017544,1126040,130,0.863885,1504
1016504,1126040,130,0.865836,1488
1018344,1126040,130,0.862465,1488
1017976,1126040,131,0.863150,1480
1014464,1126040,131,0.869310,1480
1016688,1126040,131,0.865445,1480
1012664,1126040,132,0.872143,1480
1009648,1126040,133,0.876741,1480
1011392,1126040,133,0.874050,1480
1013024,1126040,133,0.871417,1480
1013376,1126040,132,0.870852,1480
1014248,1126040,132,0.869350,1480
1013408,1126040,132,0.870800,1480
1014680,1126040,132,0.868632,1480
1012040,1126040,133,0.872897,1480
1010208,1126040,133,0.875769,1480
1009816,1126040,134,0.876352,1480
1012192,1126040,134,0.872659,1480
1016232,1126040,134,0.918941,1480
1018672,1126040,134,0.916238,1480
1016040,1126040,133,0.918055,1480
1016256,1126040,132,0.917825,1480
1013368,1126040,133,0.920792,1480
1017280,1126040,132,0.916710,1488
1014592,1126040,133,0.919553,1488
1017800,1126040,132,0.916102,1520
1016056,1126040,132,0.918046,1520
1019056,1126040,132,0.914683,1520
1015352,1126040,133,0.918736,1520
1014856,1126040,133,0.919299,1520
1011520,1126040,134,0.922588,1520
1014960,1126040,134,0.919142,1520
1018712,1126040,134,0.915021,1520
1019264,1126040,133,0.914388,1520
1018648,1126040,134,0.915094,1520
1016608,1126040,134,0.917405,1520
1017744,1126040,133,0.916146,1536
1020608,1126040,132,0.912814,1560
1020072,1126040,133,0.913452,1560
1021936,1126040,133,0.911131,1560
1018944,1126040,133,0.914765,1560
1017200,1126040,134,0.916719,1560
1019240,1126040,134,0.914369,1560
1019320,1126040,133,0.914276,1560
1018224,1126040,133,0.915601,1544
1019960,1126040,132,0.913594,1552
1018120,1126040,132,0.915763,1552
1018416,1126040,131,0.915430,1552
1014480,1126040,132,0.919651,1552
1016528,1126040,132,0.917457,1552
1015976,1126040,133,0.918046,1552
1019520,1126040,133,0.914053,1552
1016592,1126040,134,0.917336,1552
1016776,1126040,133,0.917137,1552
1015640,1126040,134,0.918367,1536
1014864,1126040,135,0.919175,1536
1016560,1126040,135,0.917336,1536
1014168,1126040,136,0.919846,1528
1014448,1126040,135,0.919561,1528
1013888,1126040,135,0.920177,1528
1009808,1126040,135,0.924123,1528
1010016,1126040,134,0.923934,1528
1009544,1126040,134,0.924406,1528
1013376,1126040,134,0.920737,1528
1014224,1126040,134,0.919838,1528
1014400,1126040,133,0.919651,1536
1011128,1126040,134,0.922852,1536
1012840,1126040,134,0.921163,1536
1012128,1126040,135,0.921855,1536
1015928,1126040,135,0.917961,1536
1015496,1126040,136,0.918426,1528
1018464,1126040,136,0.915131,1528
1015968,1126040,137,0.917876,1528
1017776,1126040,137,0.915852,1528
1014912,1126040,138,0.918936,1528
1014144,1126040,139,0.919724,1528
1013584,1126040,139,0.920354,1512
1014016,1126040,138,0.919919,1512
1016824,1126040,138,0.916920,1512
1019808,1126040,138,0.913480,1512
1016160,1126040,139,0.917586,1512
1018816,1126040,138,0.914600,1544
1017248,1126040,138,0.916420,1544
1014024,1126040,138,0.919879,1544
1010480,1126040,139,0.923315,1544
1011760,1126040,138,0.922070,1584
1011744,1126040,139,0.922086,1584
1013808,1126040,139,0.920008,1584
1016008,1126040,139,0.917672,1584
1018264,1126040,139,0.915131,1584
1014680,1126040,140,0.919018,1584
1014808,1126040,139,0.918886,1584
1013888,1126040,138,0.919927,1584
1015360,1126040,138,0.918359,1584
1012344,1126040,138,0.921460,1584
1014552,1126040,138,0.919200,1584
1013744,1126040,137,0.920121,1584
1015712,1126040,137,0.918038,1584
1014568,1126040,138,0.919266,1552
1011640,1126040,139,0.922170,1552
1010384,1126040,140,0.923352,1552
1006784,1126040,140,0.926592,1552
1007264,1126040,139,0.926168,1568
1009160,1126040,139,0.924456,1568
1009872,1126040,138,0.923810,1568
1011616,1126040,138,0.922132,1568
1011152,1126040,138,0.922626,1560
1011224,1126040,137,0.922558,1560
1009360,1126040,138,0.924283,1560
1010904,1126040,138,0.922815,1560
1007984,1126040,138,0.925508,1560
1010344,1126040,138,0.923338,1560
1010008,1126040,138,0.923699,1552
1007696,1126040,138,0.925808,1552
1011536,1126040,138,0.922269,1552
1007624,1126040,139,0.925836,1544
1008128,1126040,138,0.925396,1544
1007864,1126040,138,0.925669,1544
1007760,1126040,138,0.925801,1544
1011768,1126040,138,0.922101,1544
1015256,1126040,138,0.918560,1544
1016624,1126040,137,0.917077,1568
1016592,1126040,138,0.917111,1568
1019856,1126040,138,0.913357,1568
1016760,1126040,138,0.916929,1568
1020288,1126040,137,0.912881,1584
1017552,1126040,138,0.916039,1584
1018632,1126040,138,0.914765,1584
1015320,1126040,139,0.918401,1584
1017568,1126040,139,0.915915,1584
1017024,1126040,140,0.916517,1584
1018632,1126040,140,0.914655,1584
1015832,1126040,140,0.917808,1584
1016992,1126040,139,0.916500,1632
1013352,1126040,140,0.920322,1632
1013048,1126040,141,0.920625,1632
1013728,1126040,140,0.919943,1632
1012840,1126040,141,0.920855,1608
1015488,1126040,141,0.918097,1608
1014128,1126040,140,0.919610,1608
1017640,1126040,140,0.915807,1608
1014984,1126040,141,0.918711,1576
1017768,1126040,141,0.915646,1576
1015368,1126040,142,0.918258,1576
1015048,1126040,143,0.918611,1560
1011136,1126040,144,0.922505,1560
1011992,1126040,144,0.921638,1560
1010688,1126040,145,0.922882,1560
1007048,1126040,145,0.926195,1560
1007232,1126040,144,0.926037,1560
1009736,1126040,144,0.923766,1560
1011832,1126040,144,0.921747,1560
1011680,1126040,145,0.921901,1552
1013448,1126040,145,0.920113,1552
1012424,1126040,145,0.921202,1528
1013504,1126040,145,0.920081,1528
1015384,1126040,145,0.918089,1528
1012528,1126040,146,0.921005,1528
1014480,1126040,146,0.918985,1528
1013176,1126040,147,0.920314,1528
1011936,1126040,148,0.921538,1528
1012368,1126040,147,0.921108,1536
1009864,1126040,147,0.923537,1536
1006880,1126040,147,0.926236,1536
1006800,1126040,148,0.926305,1536
1008488,1126040,148,0.924786,1536
1010224,1126040,148,0.923159,1536
1013992,1126040,148,0.919430,1536
1016520,1126040,148,0.916702,1536
1014656,1126040,149,0.918694,1536
1014512,1126040,149,0.918894,1536
1018016,1126040,149,0.915031,1536
1015640,1126040,150,0.917654,1536
1019504,1126040,150,0.913244,1536
1019912,1126040,149,0.912756,1536
1016576,1126040,150,0.916588,1536
1014456,1126040,150,0.918902,1536
1014688,1126040,149,0.918661,1536
1015088,1126040,148,0.918233,1544
1018016,1126040,148,0.914967,1544
1017792,1126040,148,0.915294,1528
1016616,1126040,149,0.916605,1528
1016856,1126040,148,0.916332,1536
1014688,1126040,148,0.918711,1536
1016448,1126040,148,0.916780,1536
1018288,1126040,148,0.914664,1536
1017080,1126040,148,0.916084,1536
1015632,1126040,148,0.917714,1536
1017976,1126040,147,0.915094,1568
1021552,1126040,147,0.910761,1568
1020080,1126040,147,0.912631,1568
1020584,1126040,146,0.912020,1568
1017864,1126040,147,0.915222,1568
1019056,1126040,146,0.913791,1616
1017720,1126040,147,0.915330,1616
1020136,1126040,147,0.912447,1616
1016080,1126040,148,0.917094,1616
1014816,1126040,149,0.918477,1584
1016400,1126040,148,0.916763,1600
1014584,1126040,149,0.918703,1600
1016160,1126040,149,0.916972,1600
1019568,1126040,149,0.913034,1600
1019024,1126040,150,0.913697,1584
1016656,1126040,151,0.916394,1584
1013832,1126040,152,0.919398,1584
1011872,1126040,152,0.921405,1584
1011664,1126040,152,0.921654,1584
1009096,1126040,152,0.924109,1584
1010864,1126040,151,0.922421,1632
1014184,1126040,151,0.919085,1632
1014904,1126040,150,0.918317,1648
1010848,1126040,151,0.922376,1648
1009168,1126040,151,0.923985,1648
1011040,1126040,151,0.922193,1648
1011848,1126040,150,0.921405,1656
1015368,1126040,150,0.917766,1656
1017432,1126040,150,0.915448,1656
1016120,1126040,150,0.916955,1656
1013920,1126040,151,0.919283,1656
1009880,1126040,152,0.923233,1656
1011456,1126040,152,0.921693,1656
1011320,1126040,152,0.921870,1656
1013160,1126040,152,0.920008,1656
1013136,1126040,153,0.920032,1656
1011560,1126040,153,0.921638,1656
1013584,1126040,153,0.919578,1656
1017592,1126040,152,0.915231,1688
1015296,1126040,152,0.917808,1688
1017016,1126040,152,0.915879,1688
1016448,1126040,152,0.916596,1656
1017112,1126040,151,0.915861,1656
1018776,1126040,151,0.913904,1656
1016280,1126040,151,0.916780,1656
1014008,1126040,152,0.919192,1656
1012184,1126040,152,0.921076,1656
1010496,1126040,152,0.922747,1656
1011576,1126040,152,0.921669,1656
1008392,1126040,153,0.924636,1656
1009440,1126040,152,0.923663,1680
1009912,1126040,151,0.923219,1688
1012792,1126040,151,0.920394,1688
1012288,1126040,151,0.920950,1680
1011128,1126040,151,0.922124,1680
1008936,1126040,151,0.924211,1680
1009072,1126040,150,0.924087,1680
1006616,1126040,150,0.926298,1680
1007416,1126040,150,0.925564,1680
1008384,1126040,149,0.924693,1696
1005424,1126040,149,0.927293,1696
1008816,1126040,149,0.924305,1696
1004832,1126040,150,0.927744,1696
1008536,1126040,150,0.924514,1696
1012280,1126040,150,0.920942,1696
1015152,1126040,150,0.917953,1696
1015984,1126040,150,0.917007,1696
1018264,1126040,149,0.914443,1704
1015368,1126040,150,0.917663,1704
1019440,1126040,150,0.954525,1704
1018648,1126040,149,0.955073,1704
1021120,1126040,149,0.953483,1704
1018744,1126040,149,0.955015,1704
1016680,1126040,149,0.956269,1704
1019752,1126040,149,0.960119,1704
1020312,1126040,148,0.959809,1704
1018672,1126040,149,0.960703,1704
1020208,1126040,149,0.959840,1704
1016200,1126040,149,0.936351,1704
1015016,1126040,150,0.937345,1680
1017552,1126040,150,0.935180,1680
1019008,1126040,149,0.933864,1712
1017008,1126040,149,0.935662,1712
1015736,1126040,149,0.936770,1712
1017848,1126040,149,0.934937,1712
1021704,1126040,149,0.958985,1712
1019048,1126040,148,0.955398,1712
1021432,1126040,147,0.953879,1744
1020664,1126040,148,0.954373,1744
1022496,1126040,148,0.953145,1744
1021048,1126040,148,0.954127,1744
1022240,1126040,147,0.953337,1760
1022024,1126040,148,0.953480,1760
1024344,1126040,148,0.951860,1760
1022736,1126040,149,0.952989,1736
1023976,1126040,148,0.952125,1752
1020800,1126040,148,0.949832,1720
1016904,1126040,149,0.948395,1720
1018568,1126040,148,0.947209,1752
1021056,1126040,148,0.945330,1752
1020136,1126040,147,0.946099,1752
1022872,1126040,147,0.943939,1752
1019176,1126040,147,0.917859,1752
1019792,1126040,146,0.917144,1768
1016720,1126040,147,0.920507,1768
1020584,1126040,146,0.916193,1800
1019424,1126040,146,0.917580,1800
1015912,1126040,146,0.921413,1800
1012592,1126040,147,0.924679,1800
1011176,1126040,147,0.926035,1800
1011304,1126040,146,0.925919,1800
1014088,1126040,146,0.923242,1800
1016400,1126040,146,0.920859,1800
1015080,1126040,146,0.922258,1800
1018272,1126040,146,0.918861,1800
1020408,1126040,146,0.916398,1800
1018816,1126040,146,0.918261,1800
1022488,1126040,146,0.947911,1800
1018848,1126040,146,0.947260,1800
1020320,1126040,145,0.946171,1816
1019400,1126040,146,0.946849,1816
1023056,1126040,146,0.947472,1816
1019240,1126040,146,0.945216,1816
1019576,1126040,145,0.944963,1816
1015592,1126040,146,0.947818,1816
1018200,1126040,146,0.945949,1816
1014592,1126040,147,0.948457,1816
1015872,1126040,146,0.947583,1832
1014120,1126040,147,0.948757,1832
1014920,1126040,147,0.948196,1832
1013360,1126040,147,0.949250,1832
1011176,1126040,147,0.950665,1800
1009352,1126040,147,0.951776,1800
1008552,1126040,148,0.952236,1800
1011464,1126040,148,0.950489,1800
1012112,1126040,147,0.950080,1816
1012264,1126040,146,0.949985,1816
1014432,1126040,146,0.948563,1816
1012072,1126040,147,0.950075,1816
1008840,1126040,148,0.952007,1816
1011920,1126040,148,0.950139,1816
1008240,1126040,148,0.952376,1768
1009496,1126040,147,0.951655,1768
1007616,1126040,147,0.952754,1768
1011368,1126040,147,0.950538,1768
1011632,1126040,146,0.950371,1776
1008616,1126040,146,0.952186,1776
1012424,1126040,146,0.949880,1776
1009544,1126040,146,0.951650,1776
1010672,1126040,146,0.950954,1776
1006968,1126040,146,0.953107,1776
1007984,1126040,145,0.952534,1792
1005128,1126040,145,0.954112,1792
1009144,1130104,145,0.954112,1792
1008344,1130104,145,0.954554,1792
1005528,1130104,146,0.955960,1792
1008896,1130104,146,0.954242,1792
1005800,1130104,147,0.955805,1792
1009488,1130104,147,0.953906,1792
1011200,1130104,146,0.952975,1800
1008640,1130104,145,0.954397,1800
1005288,1130104,146,0.956072,1800
1006504,1130104,146,0.955455,1800
1007104,1130104,145,0.955156,1800
1003600,1130104,144,0.956892,1800
1007152,1130104,144,0.955156,1800
1003312,1130104,145,0.957003,1800
1002520,1130104,146,0.957376,1776
1000568,1130104,147,0.958243,1776
997064,1130104,147,0.959733,1776
1000104,1130104,147,0.958444,1776
997424,1130104,147,0.959587,1776
996360,1130104,148,0.960016,1776
997912,1130104,148,0.959367,1776
996040,1130104,148,0.960143,1776
993256,1130104,148,0.961235,1776
992752,1130104,149,0.961423,1776
993472,1130104,148,0.961142,1808
991944,1130104,149,0.961721,1776
993784,1130104,148,0.961027,1800
993344,1130104,149,0.961193,1800
994384,1130104,148,0.960789,1824
997768,1130104,148,0.959427,1824
995960,1130104,148,0.960175,1824
994832,1130104,148,0.960635,1824
991080,1130104,148,0.936298,1824
994320,1130104,147,0.934261,1856
991696,1130104,147,0.935934,1856
995104,1130104,147,0.933753,1856
999072,1130104,146,0.931054,1864
999760,1130104,145,0.930565,1864
996456,1130104,145,0.932886,1864
1000376,1130104,145,0.930120,1864
1002832,1130104,144,0.928261,1904
1002328,1130104,145,0.928644,1904
1001344,1130104,145,0.929417,1904
1001416,1130104,144,0.929363,1904
997728,1130104,144,0.932029,1904
995968,1130104,144,0.933249,1904
996576,1130104,143,0.932827,1928
998368,1130104,143,0.931570,1928
994832,1130104,143,0.933977,1928
994760,1130104,144,0.934024,1928
993120,1130104,144,0.935098,1928
991456,1130104,145,0.936143,1896
988408,1130104,146,0.937938,1896
985080,1130104,147,0.939787,1896
988264,1130104,146,0.938020,1896
990528,1130104,146,0.936672,1896
988800,1130104,146,0.937713,1896
987096,1130104,147,0.938680,1896
986280,1130104,148,0.939133,1896
988256,1130104,147,0.938020,1904
989408,1130104,147,0.937328,1904
986936,1130104,147,0.938765,1904
983976,1130104,148,0.940372,1904
987352,1130104,148,0.938505,1904
983752,1130104,148,0.940490,1904
981984,1130104,148,0.941430,1904
983296,1130104,147,0.940741,1928
984296,1130104,146,0.940210,1936
983016,1130104,147,0.940891,1920
981848,1130104,148,0.941492,1920
984032,1130104,148,0.940333,1920
984800,1130104,147,0.939924,1920
985040,1130104,146,0.939795,1920
984272,1130104,147,0.940206,1920
984728,1130104,146,0.939954,1936
988528,1130104,146,0.937819,1936
988600,1130104,145,0.937777,1936
992664,1130104,145,0.935318,1936
996440,1130104,145,0.932849,1936
995560,1130104,146,0.933434,1936
996208,1130104,145,0.932977,1976
993312,1130104,145,0.934887,1976
993880,1130104,144,0.934527,1976
997376,1130104,144,0.932188,1976
1000616,1130104,144,0.929864,1976
1002936,1130104,143,0.928095,2016
1003624,1130104,143,0.927525,2016
1006864,1130104,143,0.924864,2016
1010776,1130104,143,0.964386,2016
1008776,1130104,144,0.965199,2016
1011888,1133264,144,0.965199,2016
1010800,1133264,144,0.965645,2016
1009800,1133264,145,0.966028,2016
1009504,1133264,146,0.966139,2016
1008840,1133264,147,0.966387,2016
1008440,1133264,146,0.966570,2016
1004744,1133264,147,0.961042,2016
1004616,1133264,148,0.961095,2016
1004976,1133264,147,0.960947,2016
1008640,1133264,146,0.966485,2048
1008416,1133264,147,0.966567,2048
1011096,1133264,146,0.965542,2080
1009880,1133264,146,0.966028,2080
1007720,1133264,146,0.966844,2080
1009104,1133264,145,0.966331,2096
1012024,1133264,144,0.965196,2128
1012416,1133264,143,0.965039,2128
1011760,1133264,143,0.965319,2128
1015408,1136960,143,0.965319,2128
1019040,1140640,143,0.965319,2128
1021232,1140640,142,0.964422,2152
1024208,1140640,142,0.964185,2152
1026832,1140640,141,0.963007,2160
1026472,1140640,142,0.963173,2160
1030016,1144232,142,0.963173,2160
1026760,1144232,143,0.961068,2160
1025680,1144232,143,0.961586,2160
1029656,1148256,143,0.961586,2160
1030904,1148256,142,0.961000,2184
1030480,1148256,142,0.961220,2184
1033200,1148256,141,0.959898,2232
1029536,1148256,142,0.956821,2232
1028456,1148256,142,0.957387,2232
1030168,1148256,141,0.956501,2272
1031480,1148256,140,0.955800,2296
1027816,1148256,141,0.957317,2264
1025168,1148256,140,0.958628,2264
1023056,1148256,140,0.959605,2264
1027136,1152384,140,0.959605,2264
1023176,1152384,140,0.957614,2264
1020992,1152384,141,0.958562,2264
1019096,1152384,141,0.959370,2264
1019800,1152384,141,0.959061,2264
1023632,1152384,141,0.961095,2264
1025776,1152384,140,0.960179,2304
1022368,1152384,141,0.961590,2304
1021368,1152384,142,0.961985,2304
1023816,1152384,142,0.960983,2304
1021000,1152384,142,0.962128,2304
1022264,1152384,141,0.961618,2336
1022416,1152384,140,0.961554,2344
1019880,1152384,140,0.962561,2344
1016368,1152384,141,0.963847,2344
1013048,1152384,142,0.964984,2344
1011600,1152384,142,0.965473,2344
1012656,1152384,141,0.965124,2360
1015312,1152384,141,0.964211,2360
1017648,1152384,141,0.963365,2360
1020472,1152384,140,0.962310,2360
1017096,1152384,140,0.962794,2360
1020760,1152384,139,0.961400,2360
1021320,1152384,138,0.961178,2360
1023640,1152384,138,0.960209,2360
1021112,1152384,139,0.961242,2360
1024656,1152384,139,0.959758,2360
1022008,1152384,138,0.957671,2360
1025192,1152384,138,0.956205,2360
1021280,1152384,139,0.957967,2360
1019088,1152384,140,0.958903,2336
1021392,1152384,140,0.957908,2336
1021720,1152384,139,0.957765,2336
1020768,1152384,139,0.958197,2336
1022536,1152384,138,0.957417,2360
1019760,1152384,138,0.958634,2360
1022504,1152384,138,0.957431,2360
1021752,1152384,139,0.957762,2360
1024872,1152384,139,0.956332,2360
1022296,1152384,140,0.957502,2360
1025664,1152384,139,0.955941,2400
1024232,1152384,139,0.956636,2392
1024504,1152384,138,0.956511,2392
1021536,1152384,139,0.957849,2376
1020064,1152384,140,0.958479,2376
1018016,1152384,139,0.959364,2376
1015768,1152384,140,0.960252,2376
1019432,1152384,140,0.958764,2376
1023072,1152384,140,0.957170,2376
1024840,1152384,140,0.956340,2376
1028664,1152384,140,0.954456,2376
1025280,1152384,140,0.956134,2376
1029352,1152384,139,0.956904,2392
1028704,1152384,140,0.957223,2376
1030664,1152384,139,0.956248,2416
1028944,1152384,138,0.925612,2416
1030200,1152384,137,0.924513,2464
1030056,1152384,138,0.924636,2464
1030360,1152384,137,0.924376,2464
1026704,1152384,136,0.927464,2464
1026984,1152384,135,0.927230,2480
1026632,1152384,135,0.927546,2480
1022592,1152384,136,0.930595,2480
1020320,1152384,136,0.932232,2480
1019448,1152384,136,0.932860,2480
1017936,1152384,137,0.933868,2480
1018592,1152384,136,0.933429,2488
1022528,1152384,136,0.930670,2488
1020520,1152384,137,0.932089,2488
1020568,1152384,136,0.932055,2488
1021232,1152384,136,0.931559,2488
1022288,1152384,135,0.930785,2520
1022864,1152384,134,0.930369,2520
1020800,1152384,135,0.931839,2520
1021800,1152384,134,0.931134,2520
1017936,1152384,135,0.933800,2488
1018656,1152384,135,0.933291,2488
1017280,1152384,136,0.934197,2488
1019920,1152384,136,0.932403,2488
1017056,1152384,136,0.905437,2464
1017088,1152384,135,0.905408,2464
1015264,1152384,136,0.907078,2464
1012528,1152384,137,0.909475,2464
1011760,1152384,137,0.910166,2464
1014696,1152384,136,0.907607,2488
1018360,1152384,136,0.904184,2488
1021536,1152384,136,0.900998,2488
1021360,1152384,136,0.901235,2480
1020896,1152384,137,0.901704,2480
1019104,1152384,138,0.903475,2480
1021280,1152384,137,0.901275,2520
1018032,1152384,137,0.904512,2520
1017192,1152384,137,0.905348,2520
1017432,1152384,136,0.905116,2528
1018872,1152384,135,0.903715,2560
1019056,1152384,134,0.903537,2560
1020696,1152384,133,0.901921,2560
1019536,1152384,134,0.903069,2560
1018840,1152384,134,0.903792,2560
1018864,1152384,133,0.903769,2560
1015240,1152384,134,0.907142,2560
1016536,1152384,134,0.905919,2560
1015280,1152384,135,0.907063,2560
1012960,1152384,136,0.909105,2560
1013120,1152384,135,0.908967,2560
1011840,1152384,136,0.910092,2520
1012816,1152384,135,0.909242,2544
1014312,1152384,134,0.907926,2560
1017120,1152384,133,0.905348,2592
1016728,1152384,133,0.905757,2592
1019664,1152384,132,0.902913,2640
1019480,1152384,133,0.903093,2640
1017984,1152384,134,0.904550,2624
1017336,1152384,135,0.905198,2584
1020208,1152384,134,0.902383,2632
1022896,1152384,133,0.899590,2680
1026536,1152384,133,0.895561,2680
1022768,1152384,133,0.899724,2680
1024312,1152384,133,0.898029,2680
1023496,1152384,134,0.898939,2648
1026096,1152384,134,0.896041,2648
1024728,1152384,135,0.897585,2624
1027632,1152384,135,0.894254,2624
1025152,1152384,135,0.897119,2624
1024000,1152384,135,0.898426,2624
1028080,1152384,135,0.893787,2624
1024504,1152384,135,0.897881,2624
1026176,1152384,134,0.896005,2648
1028168,1152384,133,0.893692,2664
1027424,1152384,134,0.894580,2648
1031160,1152384,134,0.890009,2648
1029464,1152384,135,0.892106,2648
1030920,1152384,134,0.890291,2664
1028920,1152384,134,0.892800,2664
1027864,1152384,135,0.894049,2664
1031496,1152384,135,0.889564,2664
1031952,1152384,134,0.888971,2672
1031880,1152384,134,0.889125,2672
1033264,1152384,133,0.887313,2680
1030768,1152384,133,0.890581,2680
1027176,1152384,134,0.894884,2680
1023536,1152384,134,0.898964,2680
1022680,1152384,134,0.899933,2664
1025584,1152384,134,0.896756,2664
1025216,1152384,134,0.897234,2648
1028168,1152384,134,0.893824,2648
1028608,1152384,133,0.893305,2648
1031704,1152384,133,0.889442,2648
1035376,1152384,133,0.884493,2648
1032400,1152384,133,0.888548,2648
1032520,1152384,132,0.888393,2648
1031520,1152384,132,0.889736,2648
1035456,1152384,132,0.932403,2648
1031368,1152384,133,0.935573,2648
1032400,1152384,132,0.934777,2680
1029312,1152384,133,0.937035,2680
1032744,1152384,133,0.934478,2680
1031592,1152384,134,0.935347,2680
1035384,1152384,134,0.962806,2680
1035144,1152384,134,0.962945,2656
1031480,1152384,134,0.956622,2656
1027408,1152384,135,0.955312,2656
1030056,1152384,135,0.953949,2656
1032992,1152384,135,0.952341,2656
1036696,1152384,135,0.950152,2656
1036040,1152384,136,0.950554,2648
1036648,1152384,135,0.950186,2648
1032848,1152384,136,0.952399,2648
1029416,1152384,136,0.954260,2648
1028232,1152384,137,0.954860,2648
1029400,1152384,136,0.954268,2648
1029488,1152384,135,0.954223,2648
1029712,1152384,134,0.954107,2648
1028272,1152384,135,0.954856,2616
1032184,1152384,135,0.955937,2616
1029544,1152384,136,0.957246,2616
1032136,1152384,135,0.955937,2664
1030952,1152384,136,0.956534,2664
1030368,1152384,137,0.956822,2664
1033256,1152384,136,0.955353,2672
1036184,1152384,136,0.953735,2672
1032696,1152384,135,0.939711,2672
1031936,1152384,135,0.940274,2672
1030568,1152384,136,0.941235,2624
1032392,1152384,135,0.939991,2624
1034288,1152384,134,0.938611,2664
1036400,1152384,134,0.936994,2664
1035632,1152384,134,0.937615,2664
1037304,1152384,133,0.936311,2688
1034984,1152384,134,0.938111,2648
1038784,1152384,133,0.935160,2648
1038096,1152384,133,0.935753,2648
1039688,1152384,133,0.934416,2648
1038720,1152384,134,0.935212,2648
1041304,1152384,134,0.933001,2648
1037504,1152384,134,0.936185,2648
1035632,1152384,135,0.937627,2648
1033944,1152384,134,0.920983,2648
1034048,1152384,133,0.920886,2648
1037336,1152384,133,0.917635,2648
1039104,1152384,132,0.915794,2656
1035696,1152384,133,0.919258,2656
1036760,1152384,133,0.918160,2656
1034064,1152384,132,0.858198,2656
1033664,1152384,133,0.858879,2648
1032408,1152384,133,0.861091,2600
1034664,1152384,133,0.857279,2600
1037456,1152384,133,0.852283,2600
1038648,1152384,133,0.849990,2600
1036936,1152384,134,0.853152,2592
1038424,1152384,133,0.850380,2616
1036816,1152384,132,0.853496,2616
1040648,1152384,132,0.846201,2616
1038064,1152384,132,0.851227,2616
1036496,1152384,133,0.854067,2616
1039744,1152384,133,0.847965,2616
1042400,1152384,133,0.878087,2616
1038408,1152384,133,0.884232,2616
1036896,1152384,133,0.886442,2616
1035288,1152384,133,0.888697,2616
1033248,1152384,133,0.891416,2616
1036056,1152384,133,0.887662,2616
1038080,1152384,132,0.884818,2632
1036072,1152384,132,0.887684,2632
1038952,1152384,132,0.883558,2632
1035672,1152384,132,0.888225,2632
1034280,1152384,133,0.890068,2632
1036488,1152384,132,0.887061,2672
1035384,1152384,132,0.888622,2672
1038736,1152384,132,0.883884,2672
1039816,1152384,132,0.882222,2672
1042024,1152384,132,0.878750,2672
1043088,1152384,132,0.876962,2672
1040968,1152384,132,0.880400,2672
1040632,1152384,133,0.880928,2664
1039296,1152384,134,0.882935,2664
1040096,1152384,133,0.881717,2680
1036440,1152384,133,0.887050,2680
1032560,1152384,134,0.892143,2680
1035952,1152384,134,0.887651,2680
1032256,1152384,134,0.892523,2680
1029520,1152384,134,0.895880,2680
1031896,1152384,134,0.892969,2680
1035904,1152384,134,0.936792,2680
1037240,1152384,133,0.935754,2680
1040032,1152384,133,0.933428,2680
1043312,1152384,133,0.930480,2680
1039872,1152384,133,0.933564,2680
1041224,1152384,132,0.932367,2720
1037720,1152384,133,0.935302,2720
1033912,1152384,133,0.938251,2720
1035040,1152384,132,0.937392,2752
1034624,1152384,133,0.937703,2752
1038064,1152384,133,0.934999,2752
1041120,1152384,133,0.932388,2752
1039600,1152384,134,0.933712,2728
1036944,1152384,134,0.935911,2728
1033568,1152384,135,0.938460,2728
1033360,1152384,134,0.938703,2696
1030080,1152384,134,0.941006,2696
1030584,1152384,134,0.940636,2696
1029864,1152384,135,0.941129,2680
1029712,1152384,135,0.941266,2672
1029688,1152384,136,0.941282,2672
1028856,1152384,136,0.941857,2672
1031912,1152384,136,0.939777,2672
1033168,1152384,135,0.938875,2696
1036960,1152384,134,0.936024,2712
1036464,1152384,134,0.936448,2712
1039408,1152384,134,0.934047,2712
1037920,1152384,134,0.935321,2688
1041000,1152384,134,0.932715,2688
1039808,1152384,135,0.933732,2688
1037832,1152384,136,0.935359,2680
1035936,1152384,136,0.936878,2680
1039512,1152384,136,0.964820,2680
1043208,1156128,136,0.964820,2680
1045080,1156128,135,0.963968,2680
1045272,1156128,134,0.963867,2704
1046280,1156128,134,0.963365,2704
1045192,1156128,134,0.963904,2704
1049192,1160176,134,0.963904,2704
1047560,1160176,135,0.964652,2704
1044608,1160176,135,0.956067,2704
1048088,1160176,135,0.964414,2704
1046304,1160176,136,0.965207,2704
1047064,1160176,136,0.964852,2704
1047648,1160176,135,0.964591,2704
1048032,1160176,134,0.964406,2728
1049936,1160176,134,0.963495,2728
1048360,1160176,135,0.964234,2728
1050464,1160176,134,0.963237,2736
1048624,1160176,135,0.964109,2736
1052336,1163936,135,0.964109,2736
1050120,1163936,135,0.942379,2736
1053736,1163936,135,0.963449,2736
1056720,1166968,135,0.963449,2736
1053608,1166968,136,0.960747,2736
1053560,1166968,136,0.960794,2736
1055416,1166968,135,0.959839,2768
1055968,1166968,134,0.959547,2776
1053048,1166968,135,0.961042,2744
1053240,1166968,134,0.960932,2776
1051568,1166968,135,0.961746,2752
1055480,1170928,135,0.961746,2752
1054464,1170928,136,0.962222,2744
1052696,1170928,137,0.963026,2720
1054304,1170928,136,0.962295,2744
1051624,1170928,137,0.963495,2712
1053768,1170928,136,0.962531,2760
1055472,1170928,135,0.961739,2776
1053808,1170928,136,0.962506,2776
1057576,1174744,136,0.962506,2776
1053944,1174744,137,0.958076,2776
1052416,1174744,137,0.958825,2776
1049568,1174744,138,0.960112,2776
1046280,1174744,138,0.945250,2776
1046952,1174744,137,0.944848,2792
1047200,1174744,136,0.944697,2800
1044328,1174744,137,0.946346,2800
1048008,1174744,137,0.960774,2800
1044824,1174744,137,0.962097,2800
1048648,1178616,137,0.962097,2800
1045216,1178616,138,0.963408,2800
1042480,1178616,139,0.964389,2800
1044824,1178616,138,0.963546,2816
1047872,1178616,138,0.962377,2816
1048216,1178616,137,0.962242,2816
1044840,1178616,137,0.963540,2816
1045384,1178616,136,0.963331,2840
1048936,1178616,136,0.963289,2840
1045592,1178616,137,0.964532,2840
1049312,1182384,137,0.964532,2840
1049008,1182384,137,0.964657,2840
1050968,1182384,137,0.963927,2840
1050392,1182384,138,0.964140,2840
1054400,1186440,138,0.964140,2840
1053088,1186440,139,0.964620,2824
1051544,1186440,139,0.965180,2824
1054088,1186440,138,0.964265,2856
1054288,1186440,137,0.964183,2880
1050920,1186440,138,0.965389,2840
1051296,1186440,137,0.965246,2880
1049688,1186440,137,0.965808,2880
1049984,1186440,137,0.965693,2880
1047816,1186440,137,0.966421,2880
1045072,1186440,137,0.967296,2880
1046008,1186440,136,0.967008,2880
1048200,1186440,136,0.966297,2880
1044800,1186440,137,0.967365,2880
1047552,1186440,136,0.966496,2912
1045112,1186440,136,0.961148,2912
1043272,1186440,136,0.951185,2888
1042848,1186440,137,0.951375,2888
1044216,1186440,136,0.950737,2936
1042672,1186440,136,0.951453,2936
1045760,1186440,136,0.950023,2936
1049496,1186440,136,0.948180,2936
1053544,1186440,136,0.964451,2936
1050192,1186440,136,0.962576,2936
1047736,1186440,136,0.960043,2896
1048184,1186440,135,0.959865,2912
1050208,1186440,134,0.959049,2960
1048568,1186440,135,0.959697,2960
1051208,1186440,135,0.958624,2960
1048632,1186440,136,0.959654,2960
1052104,1186440,135,0.958240,2992
1050360,1186440,134,0.936528,2992
1049280,1186440,134,0.926268,2992
1049096,1186440,135,0.926400,2992
1049176,1186440,134,0.926343,2992
1050088,1186440,133,0.925674,3008
1054120,1186440,133,0.922581,3008
1053312,1186440,134,0.923220,3000
1054480,1186440,133,0.922290,3016
1053776,1186440,133,0.922883,3016
1052448,1186440,134,0.923910,3016
1048736,1186440,135,0.926639,3016
1050520,1186440,134,0.925352,3016
1051120,1186440,134,0.924873,3016
1047376,1186440,135,0.927557,3016
1043640,1186440,135,0.930082,3016
1039744,1186440,135,0.930186,3016
1040040,1186440,135,0.929972,3016
1041880,1186440,134,0.928804,3016
1040328,1186440,134,0.929822,3016
1043928,1186440,134,0.927458,3016
1047976,1186440,134,0.924607,3016
1051512,1186440,134,0.921921,3016
1048528,1186440,135,0.924170,3016
1051368,1186440,134,0.922026,3024
1047936,1186440,134,0.924630,3024
1045968,1186440,135,0.926026,3024
1047400,1186440,134,0.925015,3024
1050336,1186440,133,0.922841,3040
1046360,1186440,133,0.925775,3040
1042616,1186440,133,0.928342,3040
1040760,1186440,133,0.929586,3008
1037144,1186440,134,0.931796,3008
1035248,1186440,134,0.932951,2968
1031856,1186440,135,0.934837,2968
1034984,1186440,135,0.933074,2968
1035704,1186440,134,0.932652,2984
1038824,1186440,134,0.930772,2984
1035048,1186440,135,0.933001,2984
1037840,1186440,134,0.931353,3008
1038464,1186440,134,0.930947,3008
1040560,1186440,133,0.929651,3008
1038656,1186440,133,0.930860,3008
1042544,1186440,133,0.928379,3008
1044912,1186440,133,0.926766,3008
1041120,1186440,134,0.929276,2992
1042672,1186440,133,0.928258,3016
1038752,1186440,132,0.930796,3016
1040504,1186440,131,0.929686,3056
1038408,1186440,131,0.931010,3056
1040032,1186440,130,0.930007,3064
1039808,1186440,131,0.930147,3064
1037920,1186440,131,0.931329,3064
1039416,1186440,131,0.930389,3064
1040752,1186440,131,0.929525,3064
1037264,1186440,131,0.931692,3064
1040504,1186440,131,0.929681,3064
1038184,1186440,131,0.931141,3064
1040888,1186440,130,0.929449,3096
1039208,1186440,130,0.930527,3096
1040672,1186440,129,0.929611,3104
1040512,1186440,129,0.929742,3104
1036712,1186440,130,0.932051,3104
1035032,1186440,130,0.933052,3104
1038440,1186440,129,0.931034,3128
1041904,1186440,128,0.928851,3160
1045632,1186440,127,0.926348,3184
1045184,1186440,128,0.926667,3168
1041568,1186440,129,0.929062,3168
1043408,1186440,129,0.927831,3168
1041584,1186440,129,0.929051,3168
1045392,1186440,128,0.926525,3168
1045752,1186440,128,0.926243,3168
1043896,1186440,129,0.927506,3168
1041544,1186440,129,0.929077,3168
1039800,1186440,130,0.930176,3168
1043592,1186440,129,0.927736,3176
1042520,1186440,129,0.928488,3152
1038792,1186440,130,0.930850,3128
1039808,1186440,129,0.930221,3136
1040928,1186440,129,0.929489,3136
1039872,1186440,130,0.930171,3104
1039632,1186440,130,0.930350,3104
1039152,1186440,130,0.930684,3088
1039048,1186440,130,0.930777,3088
1036792,1186440,130,0.932154,3088
1034656,1186440,130,0.933410,3088
1037656,1186440,130,0.931644,3088
1039152,1186440,130,0.930713,3088
1040760,1186440,130,0.929686,3088
1043040,1186440,129,0.928206,3112
1043088,1186440,128,0.928174,3112
1040216,1186440,129,0.930042,3064
1038448,1186440,130,0.931131,3056
1040272,1186440,129,0.929992,3088
1042496,1186440,129,0.928545,3088
1042216,1186440,130,0.928727,3088
1042752,1186440,129,0.928353,3128
1038680,1186440,130,0.930928,3112
1036656,1186440,131,0.932135,3112
1038192,1186440,131,0.931194,3112
1039136,1186440,130,0.930606,3136
1038536,1186440,129,0.931030,3136
1041624,1186440,129,0.929077,3136
1044432,1186440,129,0.927200,3136
1043928,1186440,129,0.927570,3136
1046704,1186440,129,0.925634,3136
1050240,1186440,129,0.923023,3136
1052232,1186440,128,0.921465,3168
1052024,1186440,129,0.921628,3168
1055440,1186440,129,0.918823,3168
1055056,1186440,130,0.919150,3160
1054568,1186440,131,0.919554,3160
1050560,1186440,131,0.922787,3128
1051856,1186440,130,0.921778,3144
1050312,1186440,130,0.922999,3144
1052904,1186440,130,0.920953,3144
1051296,1186440,131,0.922230,3120
1052992,1186440,130,0.920864,3168
1054096,1186440,129,0.919974,3168
1051016,1186440,130,0.922408,3168
1049176,1186440,131,0.923793,3168
1047032,1186440,131,0.925408,3128
1048440,1186440,131,0.924363,3128
1050848,1186440,131,0.922531,3128
1048216,1186440,131,0.924525,3128
1046096,1186440,132,0.926032,3128
1043256,1186440,133,0.927964,3120
1042440,1186440,134,0.928504,3112
1042240,1186440,135,0.928634,3112
1038312,1186440,136,0.931093,3112
1042400,1186440,135,0.928530,3112
1041048,1186440,136,0.929424,3072
1044544,1186440,136,0.927103,3072
1045152,1186440,136,0.926656,3072
1048176,1186440,136,0.924491,3072
1048128,1186440,136,0.924560,3072
1046480,1186440,137,0.925735,3072
1045680,1186440,137,0.926359,3024
1048760,1186440,137,0.924135,3024
1052528,1186440,136,0.921232,3072
1054712,1186440,136,0.919429,3072
1057280,1186440,136,0.917208,3072
1059832,1186440,136,0.914875,3072
1057136,1186440,137,0.917291,3072
1056136,1186440,138,0.918153,3072
1058280,1186440,137,0.916262,3096
1060584,1186440,137,0.914108,3096
1056696,1186440,137,0.917652,3096
1059624,1186440,137,0.915000,3096
1059008,1186440,137,0.915607,3096
1060456,1186440,137,0.914228,3096
1062648,1186440,137,0.912078,3096
1059344,1186440,138,0.915213,3096
1060000,1186440,137,0.914586,3120
1062544,1186440,137,0.912110,3120
1065352,1186440,137,0.909209,3120
1062808,1186440,137,0.911849,3120
1064632,1186440,136,0.909991,3136
1061776,1186440,135,0.912936,3136
1058696,1186440,135,0.915853,3136
1059608,1186440,134,0.915022,3136
1058992,1186440,135,0.915599,3120
1062768,1186440,134,0.912031,3120
1066824,1186440,134,0.907793,3120
1066688,1186440,135,0.907940,3120
1069848,1186440,135,0.904344,3120
1066408,1186440,135,0.908241,3120
1066088,1186440,136,0.908583,3120
1062912,1186440,136,0.911889,3120
1064776,1186440,136,0.909958,3120
1065440,1186440,136,0.909217,3120
1064056,1186440,136,0.910711,3104
1067784,1186440,136,0.906707,3104
1067128,1186440,137,0.907437,3096
1069328,1186440,137,0.904919,3096
1073128,1186440,137,0.900274,3096
1071936,1186440,138,0.901820,3048
1071392,1186440,138,0.902570,3024
1070936,1186440,138,0.903184,3016
1069688,1186440,139,0.904679,2992
1069336,1186440,140,0.905084,2992
1072120,1186440,140,0.901721,2992
1068616,1186440,141,0.905849,2992
1071272,1186440,141,0.902695,2992
1072904,1186440,140,0.900668,3008
1069992,1186440,141,0.904195,3008
1069232,1186440,141,0.905130,3008
1071232,1186440,141,0.902724,3008
1074120,1186440,140,0.899085,3032
1075616,1186440,139,0.897054,3072
1075912,1186440,138,0.896621,3096
1075568,1186440,139,0.897087,3096
1072848,1186440,138,0.900808,3048
1074488,1186440,138,0.898648,3048
1075688,1186440,137,0.897043,3056
1072896,1186440,138,0.900678,3056
1074552,1186440,138,0.898491,3056
1071568,1186440,138,0.902318,3056
1067720,1186440,139,0.906778,3056
1071480,1186440,139,0.902366,3056
1071464,1186440,140,0.902386,3056
1068280,1186440,141,0.906101,3056
1064744,1186440,141,0.909958,3056
1067632,1186440,141,0.906822,3056
1064216,1186440,142,0.910450,3056
1062088,1186440,143,0.912571,3056
1063832,1186440,142,0.910792,3104
1061024,1186440,143,0.913549,3104
1061968,1186440,143,0.912595,3104
1062600,1186440,142,0.911976,3104
1066144,1186440,142,0.908284,3104
1066208,1186440,141,0.908216,3104
1066016,1186440,142,0.908447,3080
1065336,1186440,143,0.909167,3080
1068288,1186440,143,0.905903,3080
1070304,1186440,143,0.903517,3080
1070472,1186440,142,0.903318,3080
1074440,1186440,142,0.898291,3080
1070760,1186440,143,0.902916,3080
1074648,1186440,143,0.949080,3080
1074400,1186440,144,0.949249,3072
1071576,1186440,144,0.951069,3072
1072568,1186440,144,0.950425,3072
1070536,1186440,145,0.951667,3072
1072968,1186440,145,0.950142,3072
1072408,1186440,146,0.950495,3072
1075296,1186440,145,0.948605,3096
1077312,1186440,144,0.947198,3112
1076584,1186440,144,0.942343,3064
1077432,1186440,143,0.941684,3064
1077232,1186440,144,0.941859,3040
1077808,1186440,143,0.941406,3040
1074720,1186440,144,0.943757,3040
1077000,1186440,144,0.942003,3040
1073488,1186440,145,0.944609,3040
1069424,1186440,145,0.947379,3040
1069896,1186440,144,0.947070,3048
1073544,1186440,143,0.944575,3080
1072088,1186440,144,0.945590,3080
1070896,1186440,144,0.946425,3080
1071264,1186440,143,0.946175,3088
1074224,1186440,143,0.944083,3088
1073872,1186440,144,0.944336,3088
1075096,1186440,143,0.943446,3088
1074032,1186440,143,0.944256,3088
1074176,1186440,142,0.944152,3088
1070632,1186440,142,0.946626,3088
1068792,1186440,142,0.947840,3088
1070112,1186440,141,0.946997,3088
1071904,1186440,140,0.945781,3128
1070648,1186440,141,0.946631,3112
1071768,1186440,141,0.945851,3112
1070120,1186440,141,0.946976,3112
1072776,1186440,141,0.945160,3112
1070232,1186440,142,0.946893,3080
1074112,1186440,141,0.944210,3120
1071816,1186440,141,0.945846,3120
1074344,1186440,140,0.944042,3168
1071104,1186440,141,0.946313,3136
1072352,1186440,140,0.945464,3144
1068944,1186440,141,0.947724,3120
1068384,1186440,141,0.948106,3120
1071720,1186440,141,0.945911,3120
1067752,1186440,141,0.926028,3120
1071040,1186440,141,0.922970,3120
1070000,1186440,141,0.923995,3120
1069704,1186440,142,0.924291,3096
1072048,1186440,142,0.922019,3096
1075888,1186440,142,0.918021,3096
1079504,1186440,141,0.913915,3096
1076952,1186440,141,0.916907,3096
1078304,1186440,141,0.915323,3096
1075096,1186440,142,0.918902,3064
1078008,1186440,142,0.915644,3064
1077552,1186440,143,0.916181,3048
1074144,1186440,143,0.919913,3048
1074752,1186440,142,0.919273,3056
1078768,1186440,142,0.914775,3056
1077008,1186440,143,0.916783,3056
1076432,1186440,144,0.917419,3056
1078016,1186440,144,0.915589,3056
1078608,1186440,143,0.914905,3056
1075568,1186440,143,0.918357,3056
1075624,1186440,142,0.918297,3056
1071760,1186440,142,0.922292,3056
1075576,1186440,142,0.918348,3056
1073224,1186440,142,0.920844,3056
1074592,1186440,142,0.919390,3056
1070928,1186440,142,0.923092,3056
1073664,1186440,142,0.920349,3056
1073424,1186440,142,0.920650,3048
1073184,1186440,142,0.920948,3040
1074488,1186440,141,0.919574,3080
1077296,1186440,141,0.916488,3080
1076768,1186440,142,0.917076,3080
1080352,1186440,142,0.912853,3080
1079848,1186440,142,0.913523,3080
1083320,1186440,141,0.909091,3112
1082960,1186440,141,0.909630,3112
1083056,1186440,140,0.909504,3112
1081040,1186440,140,0.912144,3112
1085032,1186440,140,0.906823,3112
1082824,1186440,140,0.909871,3112
1083576,1186440,139,0.908867,3120
1081392,1186440,139,0.911755,3120
1081744,1186440,138,0.911311,3120
1079880,1186440,138,0.913667,3120
1076800,1186440,138,0.917261,3120
1073304,1186440,138,0.920988,3120
1074944,1186440,138,0.919256,3120
1072040,1186440,138,0.922238,3120
1074208,1186440,138,0.920021,3120
1076440,1186440,138,0.917603,3120
1072504,1186440,139,0.921689,3120
1073576,1186440,139,0.920568,3120
1071256,1186440,139,0.922901,3120
1075120,1186440,139,0.918970,3120
1078400,1186440,139,0.915295,3120
1074824,1186440,140,0.919231,3120
1077944,1186440,140,0.915763,3120
1077648,1186440,140,0.916154,3120
1078392,1186440,140,0.915249,3120
1077712,1186440,141,0.916036,3112
1081808,1186440,141,0.942651,3112
1081304,1186440,141,0.943139,3064
1084696,1186440,141,0.940222,3064
1083976,1186440,141,0.940899,3064
1087632,1186440,141,0.937484,3064
1084992,1186440,141,0.940000,3064
1087360,1186440,141,0.937749,3064
1086608,1186440,142,0.938475,3056
1087200,1186440,142,0.937864,3056
1083648,1186440,142,0.941149,3056
1087360,1186440,142,0.943553,3056
1085912,1186440,143,0.944796,3056
1082752,1186440,143,0.947362,3056
1083488,1186440,142,0.946776,3080
1080248,1186440,142,0.949223,3080
1076360,1186440,143,0.948446,3080
1073760,1186440,143,0.950195,3080
1077128,1186440,143,0.947916,3080
1073488,1186440,144,0.950337,3080
1073320,1186440,145,0.950444,3080
1075208,1186440,144,0.949200,3112
1073160,1186440,143,0.950585,3112
1072104,1186440,144,0.951264,3072
1070632,1186440,143,0.952203,3072
1073056,1186440,142,0.950705,3120
1075872,1186440,141,0.948874,3128
1077568,1186440,141,0.947674,3128
1080864,1186440,140,0.945239,3136
1077904,1186440,140,0.947465,3136
1079432,1186440,140,0.946322,3136
1083040,1186440,139,0.943488,3160
1079392,1186440,139,0.946369,3160
1079504,1186440,138,0.946286,3160
1076184,1186440,138,0.948675,3160
1072392,1186440,139,0.951126,3152
1076376,1190472,139,0.951126,3152
1077832,1190472,139,0.950185,3152
1077864,1190472,138,0.950164,3152
1080032,1190472,138,0.948707,3152
1076312,1190472,138,0.904484,3152
1077320,1190472,138,0.903200,3152
1076056,1190472,139,0.904733,3152
1079240,1190472,139,0.900711,3152
1077440,1190472,140,0.902992,3152
1077528,1190472,139,0.902883,3152
1076264,1190472,139,0.904484,3152
1072680,1190472,139,0.908654,3152
1072704,1190472,138,0.908627,3152
1068784,1190472,139,0.912740,3152
1070856,1190472,138,0.910613,3152
1066840,1190472,138,0.914691,3152
1066248,1190472,138,0.915300,3152
1067632,1190472,138,0.913926,3152
1069496,1190472,138,0.912021,3152
1070016,1190472,137,0.911480,3160
1067008,1190472,138,0.914476,3160
1067376,1190472,137,0.914113,3168
1064568,1190472,138,0.916754,3168
1061168,1190472,139,0.919743,3168
1060736,1190472,139,0.920155,3160
1062280,1190472,139,0.918796,3160
1063696,1190472,139,0.917506,3160
1065512,1190472,139,0.915803,3160
1064960,1190472,139,0.916366,3152
1063552,1190472,139,0.917685,3152
1062496,1190472,139,0.918671,3136
1063904,1190472,139,0.917384,3136
1066584,1190472,139,0.914859,3136
1063680,1190472,139,0.917585,3136
1062224,1190472,139,0.918907,3136
1059416,1190472,140,0.921266,3136
1055440,1190472,141,0.924381,3136
1057920,1190472,141,0.922430,3136
1061232,1190472,141,0.919675,3136
1062728,1190472,141,0.918343,3136
1065040,1190472,141,0.916218,3136
1066728,1190472,141,0.914584,3136
1065032,1190472,141,0.916226,3136
1061256,1190472,142,0.919573,3136
1061760,1190472,141,0.919115,3168
1063008,1190472,140,0.918012,3184
1059200,1190472,141,0.921247,3184
1055840,1190472,141,0.923970,3136
1057624,1190472,141,0.922550,3136
1054304,1190472,142,0.925091,3128
1055568,1190472,141,0.924140,3136
1057464,1190472,141,0.922638,3136
1057056,1190472,142,0.922958,3136
1059800,1190472,142,0.920714,3136
1056384,1190472,143,0.923443,3136
1058688,1190472,143,0.921585,3136
1058600,1190472,144,0.921656,3136
1061352,1190472,144,0.919327,3136
1061288,1190472,144,0.919423,3136
1060664,1190472,145,0.919953,3136
1064096,1190472,145,0.916907,3136
1065528,1190472,145,0.915541,3136
1063184,1190472,145,0.917742,3120
1065808,1190472,145,0.915292,3120
1065512,1190472,145,0.915616,3120
1066696,1190472,145,0.914445,3120
1064672,1190472,145,0.916439,3072
1067120,1190472,144,0.914120,3080
1066568,1190472,144,0.914706,3072
1068248,1190472,144,0.913020,3072
1067248,1190472,145,0.914012,3064
1067808,1190472,144,0.913463,3064
1065576,1190472,144,0.915653,3064
1068456,1190472,144,0.912820,3064
1068216,1190472,145,0.913059,3064
1069696,1190472,145,0.911513,3064
1066384,1190472,145,0.914844,3064
1067976,1190472,145,0.913250,3064
1067408,1190472,146,0.913817,3056
1065064,1190472,147,0.916078,3024
1068072,1190472,147,0.913147,3024
1066336,1190472,147,0.914890,3016
1067016,1190472,146,0.914237,3016
1070544,1190472,146,0.910630,3016
1069128,1190472,146,0.912143,3016
1070712,1190472,146,0.910453,3016
1068888,1190472,146,0.912386,3016
1072160,1190472,146,0.908899,3016
1069112,1190472,147,0.912110,3016
1071976,1190472,147,0.909047,3016
1069784,1190472,147,0.911422,3016
1067832,1190472,148,0.913392,3016
1070592,1190472,148,0.910529,3016
1072480,1190472,148,0.908443,3016
1070888,1190472,148,0.910216,3016
1074288,1190472,148,0.906404,3016
1070536,1190472,148,0.910588,3016
1071736,1190472,147,0.909265,3056
1068472,1190472,147,0.912716,3056
1066368,1190472,148,0.914783,3048
1065824,1190472,148,0.915367,3024
1066672,1190472,147,0.914553,3032
1066856,1190472,146,0.914376,3032
1068360,1190472,146,0.912852,3032
1065136,1190472,147,0.915959,3032
1068680,1190472,147,0.912483,3032
1065792,1190472,147,0.915367,3008
1062072,1190472,148,0.918734,3008
1062728,1190472,147,0.918153,3016
1061344,1190472,147,0.919396,3016
1063064,1190472,147,0.917856,3016
1062664,1190472,148,0.918209,3016
1063608,1190472,147,0.917363,3024
1066880,1190472,146,0.914268,3072
1064816,1190472,145,0.916307,3072
1066312,1190472,145,0.914859,3072
1062832,1190472,146,0.918054,3072
1066048,1190472,145,0.915103,3080
1062080,1190472,146,0.918713,3072
1061000,1190472,146,0.919682,3072
1062648,1190472,146,0.918216,3072
1063776,1190472,145,0.917190,3096
1062552,1190472,146,0.918280,3096
1058888,1190472,147,0.921377,3096
1057392,1190472,148,0.922607,3056
1059064,1190472,148,0.921227,3056
1061704,1190472,148,0.918970,3056
1065512,1190472,148,0.915495,3056
1062272,1190472,149,0.918434,3056
1062328,1190472,148,0.918385,3056
1058240,1190472,149,0.921817,3056
1058056,1190472,150,0.921965,3056
1061936,1190472,149,0.918692,3096
1064152,1190472,149,0.916674,3096
1061344,1190472,149,0.919204,3096
1064840,1190472,149,0.916041,3096
1063688,1190472,149,0.917139,3096
1066408,1190472,149,0.914561,3096
1065296,1190472,149,0.915668,3088
1068512,1190472,149,0.912499,3088
1065512,1190472,149,0.915465,3088
1062832,1190472,149,0.917955,3088
1065368,1190472,149,0.915601,3088
1065864,1190472,148,0.915088,3136
1064784,1190472,148,0.916152,3128
1062000,1190472,148,0.918692,3128
1058880,1190472,148,0.921358,3128
1056976,1190472,148,0.922915,3128
1059848,1190472,148,0.920562,3128
1061504,1190472,148,0.919121,3128
1063376,1190472,148,0.917434,3128
1063752,1190472,147,0.917088,3136
1060968,1190472,148,0.919532,3136
1060936,1190472,149,0.919560,3136
1062248,1190472,149,0.918385,3136
1063368,1190472,149,0.917348,3136
1060072,1190472,150,0.920215,3128
1062440,1190472,150,0.918139,3128
1058912,1190472,150,0.921188,3112
1061120,1190472,150,0.919300,3112
1058416,1190472,150,0.921591,3112
1061768,1190472,150,0.918741,3112
1058072,1190472,151,0.921830,3112
1061840,1190472,151,0.918637,3112
1061768,1190472,152,0.918699,3112
1060336,1190472,152,0.919966,3112
1057632,1190472,153,0.922208,3080
1055296,1190472,154,0.924024,3080
1053512,1190472,155,0.925356,3080
1054096,1190472,154,0.924895,3120
1056680,1190472,154,0.922890,3120
1059160,1190472,154,0.920860,3120
1061256,1190472,154,0.919052,3120
1062728,1190472,153,0.917742,3144
1061920,1190472,153,0.918525,3112
1064688,1190472,153,0.915989,3112
1062152,1190472,153,0.918322,3112
1059968,1190472,153,0.920235,3112
1063696,1190472,153,0.916944,3112
1066248,1190472,153,0.914515,3112
1064376,1190472,153,0.916322,3112
1065840,1190472,152,0.914951,3112
1062232,1190472,152,0.918315,3088
1064336,1190472,152,0.916381,3088
1062728,1190472,152,0.917877,3088
1064392,1190472,152,0.916329,3088
1060336,1190472,153,0.919906,3088
1063456,1190472,153,0.917139,3088
1062712,1190472,153,0.917848,3088
1061216,1190472,153,0.919197,3088
1064544,1190472,153,0.916189,3088
1063824,1190472,154,0.916864,3072
1063800,1190472,154,0.916929,3072
1064728,1190472,153,0.916078,3072
1063800,1190472,154,0.916929,3072
1061440,1190472,153,0.919101,3072
1063048,1190472,153,0.917649,3072
1063680,1190472,152,0.917074,3080
1061152,1190472,153,0.919341,3032
1064760,1190472,153,0.916085,3032
1062224,1190472,153,0.918413,3032
1058456,1190472,154,0.921585,3032
1057440,1190472,155,0.922411,3016
1061280,1190472,155,0.919204,3016
1060560,1190472,155,0.919858,3016
1063248,1190472,155,0.917477,3016
1060656,1190472,156,0.919736,3016
1064216,1190472,156,0.916557,3016
1060848,1190472,157,0.919532,3016
1057304,1190472,157,0.922481,3016
1057512,1190472,156,0.922303,3032
1054888,1190472,156,0.924375,3024
1058392,1190472,155,0.921643,3024
1055344,1190472,156,0.924030,3024
1055728,1190472,155,0.923732,3032
1057480,1190472,155,0.922329,3032
1059560,1190472,155,0.920602,3032
1058248,1190472,155,0.921714,3032
1058904,1190472,154,0.921181,3032
1057432,1190472,155,0.922367,3032
1060624,1190472,155,0.919709,3032
1061032,1190472,154,0.919362,3032
1063312,1190472,154,0.917319,3032
1062560,1190472,153,0.918075,3032
1058760,1190472,154,0.921299,3032
1060408,1190472,154,0.919892,3032
1058592,1190472,154,0.921436,3032
1056896,1190472,153,0.922865,3032
1055712,1190472,153,0.923817,3032
1058024,1190472,153,0.921971,3032
1056184,1190472,153,0.923455,3032
1053984,1190472,154,0.925114,3032
1050616,1190472,154,0.927553,3032
1053112,1190472,154,0.925752,3032
1049552,1190472,154,0.928280,3032
1052536,1190472,154,0.926168,3032
1049056,1190472,154,0.895476,3032
1047312,1190472,155,0.897207,2984
1047592,1190472,154,0.896940,2984
1051008,1190472,154,0.893524,2984
1055000,1190472,154,0.889243,2984
1056240,1190472,153,0.887859,2984
1052192,1190472,153,0.892304,2984
1054080,1190472,152,0.890265,3016
1054304,1190472,151,0.890022,3016
1056512,1190472,151,0.887514,3016
1056832,1190472,150,0.887149,3016
1060504,1190472,150,0.882725,3016
1059824,1190472,151,0.883559,3016
1060456,1190472,150,0.882725,3064
1056952,1190472,150,0.886957,3064
1055240,1190472,150,0.888986,3024
1057032,1190472,149,0.886966,3024
1059784,1190472,149,0.883657,3024
1057536,1190472,150,0.886328,3024
1061528,1190472,150,0.881435,3024
1058992,1190472,150,0.884612,3024
1061952,1190472,150,0.880897,3024
1059136,1190472,151,0.884392,3016
1061176,1190472,151,0.881828,3016
1059864,1190472,151,0.883540,2992
1056592,1190472,151,0.887450,2992
1059848,1190472,151,0.883559,2992
1062224,1190472,151,0.880529,2992
1062112,1190472,152,0.880673,2992
1065376,1190472,152,0.876279,2992
1063768,1190472,151,0.878579,2992
1065848,1190472,151,0.875693,2992
1063248,1190472,152,0.879201,2992
1062088,1190472,152,0.880765,2992
1062808,1190472,151,0.879827,3000
1064328,1190472,150,0.877800,3016
1062992,1190472,150,0.879630,3016
1060896,1190472,150,0.882358,3016
1062976,1190472,150,0.879650,3016
1059360,1190472,150,0.884238,3016
1061552,1190472,150,0.881476,3016
1059648,1190472,151,0.883832,3016
1060376,1190472,150,0.882932,3024
1064208,1190472,150,0.877950,3024
1060384,1190472,150,0.882922,3024
1063768,1190472,150,0.878537,3024
1062032,1190472,150,0.880857,3024
1058616,1190472,151,0.885060,3024
1061048,1190472,151,0.882039,3024
1062064,1190472,150,0.880734,3040
1060240,1190472,151,0.883060,3008
1064208,1190472,151,0.877907,3008
1063736,1190472,152,0.878547,3000
1065256,1190472,151,0.876465,3024
1063064,1190472,151,0.879463,3024
1062456,1190472,151,0.880313,3024
1066280,1190472,151,0.875112,3024
1064408,1190472,151,0.877747,3024
1065584,1190472,150,0.876146,3024
1064064,1190472,151,0.878239,3000
1061856,1190472,151,0.881172,3000
1061336,1190472,150,0.881959,2992
1061448,1190472,149,0.881818,2992
1060320,1190472,150,0.883247,2968
1063008,1190472,150,0.879796,2968
1063168,1190472,149,0.879588,2968
1066968,1190472,149,0.874356,2968
1067032,1190472,148,0.874266,2968
1066320,1190472,147,0.875403,2968
1062784,1190472,147,0.880210,2968
1063496,1190472,146,0.879243,3000
1066152,1190472,146,0.875593,3000
1065656,1190472,147,0.876345,2952
1061648,1190472,148,0.881617,2952
1062992,1190472,148,0.879838,2952
1062936,1190472,149,0.879910,2952
1064288,1190472,149,0.878068,2952
1065384,1190472,148,0.876564,2968
1062112,1190472,149,0.880887,2968
1064224,1190472,149,0.878068,2968
1063552,1190472,149,0.879043,2952
1060472,1190472,150,0.882962,2952
1058768,1190472,150,0.866843,2936
1060704,1190472,150,0.864058,2936
1063240,1190472,150,0.860251,2936
1059152,1190472,150,0.866246,2936
1056944,1190472,149,0.869421,2896
1060592,1190472,149,0.864344,2896
1062048,1190472,149,0.862163,2896
1062432,1190472,148,0.861571,2912
1058336,1190472,148,0.867467,2912
1062080,1190472,148,0.862093,2912
1059712,1190472,147,0.865633,2912
1060256,1190472,146,0.864867,2912
1057688,1190472,146,0.868473,2912
1054544,1190472,147,0.872559,2912
1057600,1190472,146,0.868558,2936
1053568,1190472,146,0.873806,2936
1054800,1190472,145,0.872256,2944
1055560,1190472,144,0.871267,2960
1055344,1190472,144,0.871605,2960
1058176,1190472,143,0.867858,2976
1055680,1190472,142,0.871277,2976
1052792,1190472,143,0.874893,2968
1055240,1190472,143,0.871789,2968
1056128,1190472,142,0.870605,3000
1055920,1190472,143,0.870895,2984
1058320,1190472,142,0.867706,2992
1057896,1190472,143,0.868279,2992
1059088,1190472,143,0.866589,2992
1057704,1190472,144,0.868473,2992
1056936,1190472,144,0.869569,2984
1057920,1190472,143,0.868247,2992
1061936,1190472,143,0.862539,2992
1059856,1190472,143,0.865588,2992
1063440,1190472,142,0.860324,3024
1062640,1190472,143,0.861524,3024
1060496,1190472,144,0.864708,2976
1063208,1190472,144,0.860674,2976
1064960,1190472,144,0.857911,2976
1063312,1190472,143,0.860590,2976
1060128,1190472,142,0.865364,2976
1060664,1190472,141,0.864549,3016
1060320,1190472,142,0.865082,2984
1062464,1190472,141,0.861963,3000
1064920,1190472,141,0.858161,3000
1064816,1190472,142,0.858323,3000
1064160,1190472,143,0.859337,3000
1066096,1190472,143,0.856225,3000
1065088,1190472,142,0.857974,3000
1068344,1190472,141,0.852664,3016
1068472,1190472,140,0.852449,3016
1067016,1190472,141,0.854892,3000
1068688,1190472,141,0.852029,3000
1065328,1190472,141,0.857597,3000
1062088,1190472,140,0.862657,3000
1065280,1190472,140,0.857748,3000
1066448,1190472,140,0.855814,3000
1064560,1190472,140,0.858869,3000
1064192,1190472,141,0.859447,2992
1060200,1190472,141,0.865375,2992
1063336,1190472,141,0.860746,2992
1067048,1190472,141,0.854853,2992
1068416,1190472,140,0.852556,3008
1067528,1190472,141,0.854038,3008
1066792,1190472,141,0.855361,2984
1067792,1190472,140,0.853707,2992
1067216,1190472,141,0.854657,2992
1067264,1190472,140,0.854578,2992
1063448,1190472,140,0.860650,2992
1064376,1190472,139,0.859177,3032
1066264,1190472,139,0.856136,3032
1062848,1190472,139,0.861488,3032
1061392,1190472,139,0.863690,3032
1063952,1190472,139,0.859826,3032
1060952,1190472,138,0.864390,3032
1060232,1190472,139,0.865454,3000
1059520,1190472,140,0.866490,2968
1058856,1190472,140,0.867467,2968
1054808,1190472,141,0.872760,2968
1057072,1190472,141,0.869790,2968
1060232,1190472,141,0.865431,2968
1060176,1190472,142,0.865510,2968
1063824,1190472,142,0.860118,2968
1062360,1190472,143,0.862305,2968
1058672,1190472,144,0.867521,2968
1056448,1190472,144,0.870543,2968
1057088,1190472,143,0.869706,2968
1059840,1190472,143,0.865912,2968
1058192,1190472,144,0.868171,2968
1056928,1190472,145,0.869864,2960
1055144,1190472,145,0.872226,2960
1051472,1190472,145,0.876768,2960
1051760,1190472,144,0.876418,2968
1053216,1190472,143,0.874660,2976
1052112,1190472,143,0.876048,2976
1048368,1190472,143,0.880407,2976
1046088,1190472,143,0.882934,2976
1047536,1190472,142,0.881348,3000
1046544,1190472,143,0.882422,3000
1048112,1190472,142,0.880716,3000
1045584,1190472,143,0.883442,3000
1043832,1190472,143,0.885308,3000
1041984,1190472,143,0.887257,2952
1042832,1190472,142,0.886415,2952
1039904,1190472,143,0.889271,2952
1036072,1190472,143,0.892841,2952
1037264,1190472,143,0.891725,2952
1037512,1190472,142,0.891492,2960
1033512,1190472,142,0.895066,2960
1030600,1190472,143,0.897495,2960
1029616,1190472,144,0.898297,2952
1027096,1190472,144,0.900315,2952
1026056,1190472,145,0.901129,2928
1026904,1190472,144,0.900475,2936
1027112,1190472,143,0.900315,2936
1027136,1190472,142,0.900297,2936
1025768,1190472,143,0.901352,2920
1026360,1190472,143,0.900867,2920
1027088,1190472,142,0.900297,2936
1027856,1190472,141,0.899683,2960
1029304,1190472,141,0.898501,2960
1030744,1190472,141,0.897299,2960
1033296,1190472,141,0.895127,2960
1030240,1190472,142,0.897690,2936
1033304,1190472,141,0.895127,2952
1035240,1190472,141,0.893407,2952
1036376,1190472,140,0.892383,2968
1038176,1190472,140,0.890697,2968
1041144,1190472,140,0.887830,2968
1038616,1190472,140,0.890288,2968
1041888,1190472,140,0.887099,2968
1042800,1190472,139,0.886190,2968
1046192,1190472,139,0.882627,2968
1047208,1190472,138,0.881479,3016
1046448,1190472,138,0.882370,3000
1047848,1190472,138,0.880796,3000
1048496,1190472,137,0.880051,3024
1046048,1190472,138,0.882721,3024
1048376,1190472,138,0.880131,3024
1046312,1190472,139,0.882387,3024
1049728,1190472,139,0.878550,3024
1045904,1190472,140,0.882772,3024
1044808,1190472,141,0.883929,3024
1045192,1190472,140,0.883509,3040
1046256,1190472,139,0.882344,3072
1044936,1190472,139,0.883795,3072
1048712,1190472,138,0.879648,3120
1046968,1190472,138,0.881627,3120
1048392,1190472,138,0.880006,3120
1047464,1190472,139,0.881033,3120
1043992,1190472,140,0.884758,3088
1043192,1190472,140,0.885641,3072
1045176,1190472,140,0.883543,3072
1046256,1190472,140,0.882344,3072
1047184,1190472,139,0.881340,3072
1043408,1190472,140,0.885373,3024
1045600,1190472,140,0.883044,3024
1045392,1190472,141,0.883265,3024
1048456,1190472,141,0.879881,3024
1047872,1190472,141,0.880584,3024
1051080,1190472,141,0.876871,3024
1049888,1190472,141,0.878312,3024
1048592,1190472,140,0.879890,3024
1050592,1190472,140,0.877554,3024
1047320,1190472,140,0.881348,2976
1045144,1190472,140,0.883770,2936
1042456,1190472,140,0.886567,2936
1038728,1190472,141,0.890168,2936
1037136,1190472,142,0.891638,2936
1035936,1190472,142,0.892798,2896
1032160,1190472,143,0.896060,2896
1030664,1190472,142,0.897377,2896
1030208,1190472,142,0.897787,2896
1033840,1190472,142,0.894716,2896
1032992,1190472,143,0.895447,2888
1037056,1190472,143,0.891841,2888
1036288,1190472,144,0.892555,2864
1034064,1190472,144,0.894551,2864
1036656,1190472,144,0.892224,2864
1035024,1190472,144,0.893731,2848
1032656,1190472,144,0.895805,2848
1031896,1190472,144,0.896481,2848
1034544,1190472,144,0.894191,2848
1031736,1190472,144,0.896614,2848
1031352,1190472,145,0.896938,2840
1030968,1190472,146,0.897266,2824
1031680,1190472,145,0.896653,2856
1034728,1190472,145,0.894024,2856
1038760,1190472,145,0.890348,2856
1041920,1190472,145,0.887273,2856
1039808,1190472,144,0.889407,2856
1038336,1190472,145,0.890808,2832
1037832,1190472,146,0.891301,2800
1040816,1190472,145,0.888489,2808
1044016,1190472,145,0.885267,2808
1044976,1190472,144,0.884270,2816
1043016,1190472,145,0.886271,2816
1044616,1190472,145,0.884593,2816
1045872,1190472,144,0.883265,2832
1049136,1190472,144,0.879657,2832
1048168,1190472,144,0.880787,2832
1051576,1190472,144,0.876853,2832
1050480,1190472,145,0.878128,2832
1054440,1190472,145,0.873330,2832
1051496,1190472,146,0.876890,2832
1049048,1190472,146,0.879764,2824
1048512,1190472,147,0.880407,2784
1050904,1190472,146,0.877675,2800
1051552,1190472,145,0.876890,2824
1048600,1190472,146,0.880264,2824
1052248,1190472,146,0.876010,2824
1051656,1190472,146,0.876768,2824
1048648,1190472,146,0.880264,2824
1048520,1190472,147,0.880407,2824
1046056,1190472,147,0.883129,2824
1050120,1190472,147,0.878605,2824
1046208,1190472,147,0.882968,2824
1044624,1190472,147,0.884684,2816
1048512,1190472,147,0.880477,2816
1046880,1190472,148,0.882258,2816
1048400,1190472,148,0.880548,2816
1050120,1190472,147,0.878560,2864
1053784,1190472,147,0.874161,2864
1057488,1190472,147,0.869378,2864
1060056,1190472,147,0.865823,2864
1063872,1190472,147,0.902090,2864
1065040,1190472,146,0.900800,2896
1066040,1190472,146,0.899644,2896
1068368,1190472,145,0.896923,2944
1065128,1190472,146,0.900599,2944
1067096,1190472,145,0.898398,2944
1070472,1190472,144,0.894358,2968
1066928,1190472,145,0.898562,2968
1064784,1190472,146,0.900974,2944
1067304,1190472,146,0.898105,2944
1065920,1190472,147,0.899680,2936
1067136,1190472,147,0.898252,2936
1063224,1190472,147,0.902597,2936
1060136,1190472,147,0.905783,2936
1057992,1190472,148,0.907859,2920
1057712,1190472,148,0.908167,2920
1059184,1190472,147,0.906748,2944
1062352,1190472,147,0.903545,2944
1065592,1190472,147,0.900035,2944
1068208,1190472,147,0.896998,2944
1071344,1190472,147,0.893117,2944
1073360,1190472,146,0.890473,2968
1073616,1190472,145,0.890111,2984
1070416,1190472,145,0.894288,2984
1074080,1190472,144,0.889541,2992
1071016,1190472,145,0.893531,2992
1070360,1190472,146,0.894377,2968
1071616,1190472,146,0.892742,2968
1069904,1190472,146,0.894938,2968
1066600,1190472,146,0.898880,2968
1067272,1190472,145,0.898105,2976
1064488,1190472,145,0.901259,2976
1066968,1190472,145,0.898453,2976
1067704,1190472,144,0.897587,2992
1070632,1190472,144,0.894011,2992
1071712,1190472,144,0.892589,2992
1068448,1190472,144,0.896659,2992
1070016,1190472,144,0.894712,2992
1067080,1190472,144,0.898307,2944
1063112,1190472,144,0.902706,2944
1061408,1190472,145,0.904476,2928
1062128,1190472,144,0.903702,2968
1062760,1190472,143,0.903049,2968
1065400,1190472,143,0.900168,2968
1061720,1190472,144,0.904070,2968
1062880,1190472,144,0.902823,2968
1065304,1190472,143,0.900186,3000
1068184,1190472,143,0.896848,3000
1066632,1190472,143,0.898726,2976
1067624,1190472,142,0.897587,2976
1064128,1190472,142,0.901544,2976
1067032,1190472,142,0.898270,2976
1066448,1190472,142,0.898989,2976
1069824,1190472,142,0.894967,2976
1068480,1190472,141,0.896697,2976
1072400,1190472,141,0.891786,2976
1069592,1190472,140,0.895424,2976
1067000,1190472,141,0.898526,2928
1068472,1190472,141,0.896763,2928
1071136,1190472,141,0.893460,2928
1068200,1190472,142,0.897045,2912
1064536,1190472,142,0.901225,2912
1061928,1190472,143,0.903964,2912
1063240,1190472,143,0.902555,2912
1059408,1190472,143,0.906470,2912
1057856,1190472,143,0.907994,2912
1060656,1190472,143,0.905245,2912
1056576,1190472,144,0.909135,2912
1059912,1190472,144,0.905932,2912
1058336,1190472,144,0.907497,2912
1061536,1190472,144,0.904314,2912
1058456,1190472,144,0.907383,2912
1055968,1190472,143,0.909774,2912
1059704,1190472,143,0.906229,2912
1057144,1190472,144,0.908657,2912
1055976,1190472,143,0.909824,2896
1053688,1190472,144,0.911838,2896
1052608,1190472,144,0.912798,2896
1055640,1190472,144,0.910126,2896
1051632,1190472,145,0.913573,2896
1055576,1190472,145,0.910140,2896
1054320,1190472,145,0.911291,2896
1055480,1190472,145,0.910226,2896
1051744,1190472,145,0.913480,2896
1048720,1190472,144,0.915991,2896
1049112,1190472,143,0.915683,2896
1052720,1190472,142,0.912717,2928
1056344,1190472,142,0.909506,2928
1055744,1190472,143,0.910047,2928
1058288,1190472,142,0.907694,2944
1056272,1190472,143,0.909571,2928
1056040,1190472,143,0.909824,2928
1053136,1190472,143,0.912406,2928
1054680,1190472,143,0.911032,2928
1050856,1190472,143,0.914301,2928
1054568,1190472,143,0.911130,2928
1058528,1190472,143,0.907482,2928
1061488,1190472,143,0.904540,2928
1061664,1190472,142,0.904363,2928
1065712,1190472,142,0.900027,2928
1067152,1190472,142,0.898352,2928
1066344,1190472,143,0.899268,2928
1065968,1190472,143,0.899787,2888
1066312,1190472,142,0.899385,2904
1064536,1190472,143,0.901337,2904
1065432,1190472,143,0.900309,2904
1062240,1190472,144,0.903702,2904
1064224,1190472,143,0.901569,2952
1065192,1190472,143,0.900467,2952
1066384,1190472,143,0.899088,2952
1065144,1190472,144,0.900467,2952
1067784,1190472,143,0.897485,2952
1068576,1190472,142,0.896555,2952
1066904,1190472,141,0.898635,2928
1067160,1190472,140,0.898343,2928
1070168,1190472,140,0.894722,2928
1067448,1190472,141,0.897957,2928
1068024,1190472,140,0.897270,2944
1064392,1190472,140,0.901397,2944
1065152,1190472,139,0.900529,2984
1064160,1190472,140,0.901604,2984
1062808,1190472,140,0.903082,2984
1061056,1190472,141,0.904870,2984
1061448,1190472,140,0.904476,2984
1063024,1190472,140,0.902806,2984
1061936,1190472,140,0.904005,2960
1064200,1190472,139,0.901621,2976
1067592,1190472,139,0.897791,2976
1064200,1190472,139,0.901621,2976
1062560,1190472,140,0.903347,2976
1060128,1190472,140,0.905846,2976
1063336,1190472,140,0.902538,2976
1062872,1190472,141,0.903049,2952
1063152,1190472,140,0.902748,2960
1067208,1190472,140,0.898252,2960
1068944,1190472,139,0.896174,3000
1068832,1190472,139,0.896365,3000
1072184,1190472,139,0.892158,3000
1068600,1190472,139,0.896640,3000
1069824,1190472,138,0.895152,3016
1066200,1190472,138,0.899439,3016
1067664,1190472,138,0.897717,3016
1063648,1190472,139,0.902166,3016
1066400,1190472,139,0.899106,3016
1063472,1190472,139,0.902353,3016
1067152,1190472,139,0.898252,3016
1065680,1190472,139,0.899965,3016
1068664,1190472,139,0.896488,3016
1067144,1190472,139,0.898334,3000
1069528,1190472,138,0.895521,3008
1065640,1190472,138,0.900071,3008
1068112,1190472,137,0.897261,3008
1066848,1190472,137,0.898808,2976
1068928,1190472,136,0.896365,3000
1067808,1190472,136,0.897736,3000
1066112,1190472,137,0.899716,2952
1065032,1190472,138,0.900904,2952
1064104,1190472,139,0.901903,2952
1067984,1190472,139,0.897531,2952
1071816,1190472,139,0.892813,2952
1074424,1190472,138,0.889390,2952
1077040,1190472,138,0.885659,2952
1076320,1190472,139,0.886703,2944
1076520,1190472,138,0.886419,2944
1074912,1190472,137,0.888801,2944
1076776,1190472,136,0.886178,2952
1076496,1190472,137,0.886590,2944
1078920,1190472,137,0.882957,2944
1075800,1190472,137,0.887572,2944
1077480,1190472,136,0.885171,2944
1075792,1190472,136,0.887651,2944
1073272,1190472,136,0.891128,2944
1072152,1190472,137,0.892578,2944
1072304,1190472,136,0.892384,2944
1070864,1190472,136,0.894259,2944
1072224,1190472,136,0.892486,2944
1069016,1190472,136,0.896498,2944
1067048,1190472,137,0.898781,2944
1067888,1190472,136,0.897763,2992
1066888,1190472,137,0.898917,2984
1063752,1190472,136,0.902445,2984
1061272,1190472,137,0.904990,2984
1061400,1190472,136,0.904862,2984
1061536,1190472,135,0.904726,2984
1061952,1190472,134,0.904306,2984
1061288,1190472,134,0.905022,2984
1057888,1190472,135,0.908301,2984
1060432,1190472,135,0.905822,2984
1059584,1190472,136,0.906648,2984
1063624,1190472,136,0.946646,2984
1066448,1190472,136,0.944939,2984
1070192,1190472,136,0.942512,2984
1068544,1190472,137,0.943593,2984
1068664,1190472,136,0.943515,2984
1070632,1190472,135,0.942216,2984
1074536,1190472,135,0.939418,2984
1072824,1190472,135,0.940697,2984
1074784,1190472,134,0.939269,2984
1072896,1190472,135,0.940668,2952
1074384,1190472,135,0.939554,2952
1072216,1190472,135,0.941148,2952
1075320,1190472,135,0.938854,2952
1071296,1190472,135,0.941786,2952
1068256,1190472,136,0.943798,2952
1068312,1190472,135,0.943762,2952
1066544,1190472,134,0.944930,2952
1068832,1190472,133,0.943489,2952
1069072,1190472,132,0.943334,2952
1066192,1190472,132,0.945174,2952
1068928,1190472,132,0.943427,2952
1068608,1190472,133,0.943634,2952
1071760,1190472,133,0.941499,2952
1067992,1190472,134,0.943996,2952
1063976,1190472,134,0.946461,2952
1063712,1190472,134,0.946646,2944
1064624,1190472,133,0.946106,2960
1065152,1190472,132,0.945794,2960
1067232,1190472,132,0.944499,2960
1064064,1190472,132,0.946433,2960
1066424,1190472,131,0.945028,2960
1065288,1190472,132,0.945713,2960
1068824,1190472,132,0.943489,2960
1067968,1190472,132,0.944067,2960
1068312,1190472,131,0.943833,2984
1066848,1190472,131,0.944782,2984
1069992,1190472,131,0.942741,2984
1068736,1190472,132,0.943572,2968
1068752,1190472,131,0.943562,2968
1065688,1190472,132,0.945469,2968
1063520,1190472,133,0.946743,2968
1063136,1190472,134,0.946976,2944
1060256,1190472,135,0.948564,2944
1059344,1190472,136,0.949048,2944
1056376,1190472,137,0.950560,2944
1056808,1190472,136,0.950342,2952
1058616,1190472,135,0.949423,2952
1059200,1190472,134,0.949111,2968
1057264,1190472,134,0.950129,2968
1059160,1190472,133,0.949144,2992
1058040,1190472,134,0.949723,2992
1058360,1190472,133,0.949559,2992
1055432,1190472,133,0.951046,2992
1051336,1190472,134,0.952954,2992
1052832,1190472,133,0.952252,3040
1050696,1190472,134,0.953217,3040
1051128,1190472,133,0.953022,3048
1049544,1190472,134,0.953725,3032
1051472,1190472,134,0.952853,3032
1052440,1190472,133,0.952396,3072
1054848,1190472,133,0.951243,3072
1054800,1190472,132,0.951312,3072
1056136,1190472,132,0.950639,3072
1059512,1190472,132,0.948892,3072
1061888,1190472,132,0.947578,3072
1061760,1190472,132,0.947676,3072
1064968,1190472,132,0.945808,3072
1062408,1190472,133,0.947288,3072
1059016,1190472,134,0.949127,3072
1056640,1190472,134,0.950365,3072
1056304,1190472,135,0.950532,3072
1058048,1190472,134,0.949654,3072
1060592,1190472,133,0.948306,3088
1058192,1190472,134,0.949576,3080
1058208,1190472,133,0.949567,3080
1059192,1190472,133,0.949031,3080
1056736,1190472,134,0.950290,3080
1060136,1190472,134,0.948504,3080
1059568,1190472,134,0.948833,3080
1062648,1190472,133,0.947143,3088
1059880,1190472,133,0.948688,3088
1060136,1190472,132,0.948534,3120
1056144,1190472,132,0.950611,3120
1053456,1190472,132,0.951925,3120
1051704,1190472,133,0.952749,3080
1049704,1190472,133,0.953656,3080
1046176,1190472,133,0.955159,3080
1046568,1190472,132,0.954996,3088
1047072,1190472,132,0.954768,3088
1044792,1190472,133,0.955693,3088
1045616,1190472,132,0.955353,3112
1048008,1190472,131,0.954361,3128
1051240,1190472,131,0.952936,3128
1053448,1190472,130,0.951903,3176
1052384,1190472,131,0.952396,3176
1055520,1190472,131,0.950890,3176
1053896,1190472,132,0.951673,3168
1055936,1190472,131,0.950678,3192
1059208,1190472,131,0.948989,3192
1056160,1190472,131,0.950568,3192
1059032,1190472,130,0.949102,3200
1054976,1190472,130,0.948400,3200
1057512,1190472,130,0.947048,3200
1057240,1190472,130,0.947220,3200
1059144,1190472,130,0.946158,3200
1057464,1190472,131,0.947074,3200
1058656,1190472,131,0.946401,3200
1056544,1190472,131,0.947563,3200
1059912,1190472,131,0.945701,3200
1056680,1190472,131,0.947491,3200
1057040,1190472,130,0.947292,3216
1056608,1190472,131,0.947525,3208
1059480,1190472,131,0.945939,3208
1056600,1190472,131,0.947529,3208
1053312,1190472,131,0.949230,3208
1050960,1190472,130,0.950410,3208
1050248,1190472,131,0.950758,3176
1052104,1190472,131,0.949858,3176
1053864,1190472,130,0.948980,3208
1057736,1190472,130,0.946949,3208
1061440,1190472,130,0.944848,3208
1060592,1190472,131,0.945337,3208
1064616,1190472,131,0.942905,3208
1064032,1190472,132,0.943291,3168
1060904,1190472,133,0.945154,3168
1059456,1190472,134,0.945988,3144
1055752,1190472,134,0.948005,3144
1053272,1190472,135,0.949258,3144
1054784,1190472,134,0.948493,3160
1052096,1190472,134,0.949846,3160
1055704,1190472,134,0.948022,3160
1058432,1190472,134,0.946546,3160
1054784,1190472,135,0.948485,3128
1056648,1190472,135,0.947495,3128
1058448,1190472,135,0.946502,3128
1056144,1190472,136,0.947735,3128
1054976,1190472,135,0.948388,3128
1057056,1190472,135,0.947279,3128
1057864,1190472,134,0.946846,3128
1060944,1190472,133,0.945117,3144
1062472,1190472,133,0.944193,3144
1058760,1190472,134,0.946321,3144
1061000,1190472,133,0.945029,3192
1059688,1190472,133,0.945818,3168
1060792,1190472,132,0.945172,3200
1058344,1190472,132,0.939453,3200
1059336,1190472,132,0.938803,3200
1057856,1190472,132,0.939754,3200
1060608,1190472,132,0.937987,3200
1059136,1190472,133,0.938944,3176
1063152,1190472,133,0.936273,3176
1062808,1190472,134,0.936524,3152
1065736,1190472,134,0.934432,3152
1063472,1190472,134,0.936069,3152
1062136,1190472,133,0.937043,3152
1062808,1190472,132,0.936579,3168
1066632,1190472,132,0.933834,3168
1062872,1190472,133,0.936502,3168
1066472,1190472,133,0.933917,3168
1064928,1190472,134,0.935036,3168
1068840,1190472,134,0.932085,3168
1068512,1190472,135,0.932340,3168
1064592,1190472,134,0.935309,3168
1066216,1190472,134,0.934105,3168
1069528,1190472,134,0.931545,3168
1067792,1190472,135,0.932922,3128
1068816,1190472,134,0.932098,3176
1066248,1190472,135,0.934040,3176
1066968,1190472,134,0.933501,3184
1064312,1190472,134,0.935461,3184
1060352,1190472,134,0.938163,3184
1060624,1190472,133,0.937977,3200
1059664,1190472,134,0.938599,3192
1061536,1190472,134,0.937352,3192
1063752,1190472,134,0.935814,3192
1061912,1190472,135,0.937069,3192
1061976,1190472,134,0.937027,3192
1059424,1190472,135,0.938691,3192
1058176,1190472,136,0.939478,3184
1058280,1190472,135,0.939414,3184
1061048,1190472,135,0.937616,3184
1057224,1190472,136,0.940032,3184
1059368,1190472,136,0.938671,3184
1059352,1190472,137,0.938681,3184
1059456,1190472,136,0.938615,3184
1055624,1190472,137,0.940961,3184
1052592,1190472,138,0.942693,3184
1055784,1190472,138,0.940838,3184
1053704,1190472,138,0.942070,3184
1057600,1190472,138,0.939744,3184
1060376,1190472,138,0.937961,3184
1058728,1190472,138,0.939044,3184
1057264,1190472,139,0.939955,3176
1059024,1190472,138,0.938853,3192
1055640,1190472,137,0.940975,3192
1055576,1190472,138,0.941012,3192
1059048,1190472,137,0.938888,3208
1059696,1190472,136,0.938477,3208
1060888,1190472,135,0.937695,3224
1059576,1190472,136,0.938543,3224
1059608,1190472,135,0.938523,3224
1057296,1190472,136,0.939964,3224
1058864,1190472,136,0.938964,3224
1055704,1190472,136,0.940918,3224
1056248,1190472,136,0.940567,3224
1052216,1190472,137,0.942879,3224
1055184,1190472,137,0.941167,3224
1052456,1190472,137,0.942747,3224
1056192,1190472,136,0.940586,3248
1053912,1190472,137,0.941915,3248
1049848,1190472,137,0.944168,3248
1049576,1190472,138,0.944319,3232
1053560,1190472,137,0.942124,3280
1056632,1190472,137,0.940303,3280
1059472,1190472,137,0.938513,3280
1057800,1190472,138,0.939562,3280
1060328,1190472,137,0.937961,3280
1059936,1190472,138,0.938215,3280
1063896,1190472,138,0.935518,3280
1060400,1190472,137,0.937945,3280
1059712,1190472,137,0.938421,3280
1062640,1190472,137,0.936453,3280
1059008,1190472,138,0.938838,3280
1058904,1190472,139,0.938904,3280
1062048,1190472,139,0.936822,3280
1064296,1190472,138,0.935247,3312
1066464,1190472,138,0.933638,3312
1066240,1190472,139,0.933804,3312
1066824,1190472,138,0.933339,3352
1063280,1190472,138,0.935931,3352
1061632,1190472,139,0.937053,3352
1058888,1190472,140,0.938838,3352
1061016,1190472,140,0.937431,3352
1063208,1190472,140,0.935914,3352
1065600,1190472,140,0.934175,3352
1063808,1190472,141,0.935489,3312
1064752,1190472,140,0.934802,3336
1062856,1190472,141,0.936135,3336
1063152,1190472,140,0.935925,3344
1059896,1190472,140,0.938148,3328
1059464,1190472,140,0.938462,3320
1061952,1190472,140,0.936795,3320
1061880,1190472,141,0.936844,3320
1060376,1190472,142,0.937841,3320
1057608,1190472,142,0.939626,3320
1053880,1190472,142,0.941865,3320
1056744,1190472,141,0.940173,3336
1058664,1190472,140,0.938964,3376
1060872,1190472,140,0.937511,3376
1058736,1190472,140,0.938919,3376
1062480,1190472,140,0.936432,3376
1063144,1190472,139,0.935958,3400
1059496,1190472,140,0.938390,3400
1055560,1190472,140,0.940843,3400
1055912,1190472,139,0.940634,3400
1053624,1190472,139,0.941993,3400
1053904,1190472,138,0.941828,3408
1052120,1190472,139,0.942831,3408
1053088,1190472,138,0.942291,3408
1055856,1190472,138,0.940662,3408
1053864,1190472,139,0.941842,3376
1052032,1190472,138,0.942923,3376
1054128,1190472,138,0.941719,3376
1050848,1190472,138,0.943567,3376
1054920,1190472,138,0.941261,3376
1054032,1190472,139,0.941792,3344
1056680,1190472,139,0.940207,3344
1055672,1190472,140,0.940809,3344
1054480,1190472,141,0.941507,3344
1051640,1190472,142,0.943103,3344
1047984,1190472,142,0.945059,3344
1052008,1190472,141,0.942928,3344
1051320,1190472,142,0.943325,3304
1052096,1190472,141,0.942892,3320
1053792,1190472,141,0.941915,3320
1052152,1190472,142,0.942835,3320
1050992,1190472,141,0.943520,3320
1051568,1190472,140,0.943182,3368
1052056,1190472,139,0.942906,3384
1049728,1190472,140,0.944159,3384
1053000,1190472,140,0.942354,3384
1053976,1190472,139,0.941783,3416
1052160,1190472,140,0.942804,3416
1051096,1190472,140,0.943412,3416
1047696,1190472,139,0.945242,3416
1051168,1190472,139,0.943399,3416
1051312,1190472,138,0.943321,3416
1053200,1190472,137,0.942273,3424
1049928,1190472,138,0.944058,3424
1050016,1190472,137,0.944012,3424
1053096,1190472,137,0.942305,3424
1055136,1190472,137,0.941106,3424
1057840,1190472,137,0.939448,3424
1056872,1190472,137,0.940081,3408
1057096,1190472,136,0.939945,3408
1056520,1190472,137,0.940323,3360
1060400,1190472,137,0.937862,3360
1059048,1190472,137,0.938762,3360
1060584,1190472,136,0.937773,3360
1057312,1190472,136,0.939872,3360
1056704,1190472,137,0.940245,3352
1053736,1190472,137,0.942011,3352
1051456,1190472,138,0.943291,3328
1052032,1190472,137,0.942954,3368
1052192,1190472,136,0.942866,3368
1055304,1190472,136,0.941069,3368
1052760,1190472,137,0.942524,3368
1056424,1190472,137,0.940375,3368
1055864,1190472,137,0.940738,3368
1057408,1190472,136,0.939808,3368
1057056,1190472,136,0.940052,3368
1058648,1190472,135,0.939039,3416
1058016,1190472,136,0.939439,3408
1059568,1190472,136,0.938431,3408
1062520,1190472,136,0.936448,3408
1058752,1190472,137,0.938949,3360
1060248,1190472,136,0.937992,3360
1056448,1190472,137,0.940366,3360
1052648,1190472,136,0.942618,3360
1056480,1190472,136,0.940375,3360
1057728,1190472,136,0.939587,3360
1054312,1190472,137,0.941622,3360
1056096,1190472,136,0.940557,3392
1053112,1190472,136,0.942318,3384
1053296,1190472,135,0.942215,3384
1050424,1190472,134,0.943842,3384
1051160,1190472,134,0.943421,3384
1048408,1190472,135,0.944871,3384
1051528,1190472,135,0.943195,3384
1049656,1190472,135,0.944223,3384
1049216,1190472,136,0.944453,3384
1047352,1190472,135,0.945456,3384
1049520,1190472,135,0.944319,3384
1052312,1190472,135,0.942791,3384
1049176,1190472,134,0.944524,3384
1048544,1190472,134,0.944875,3384
1050192,1190472,133,0.944003,3408
1051488,1190472,133,0.943282,3408
1050488,1190472,133,0.943846,3408
1050752,1190472,132,0.943705,3408
1047816,1190472,133,0.945246,3384
1049392,1190472,133,0.944411,3384
1050936,1190472,133,0.943567,3384
1048320,1190472,134,0.944940,3384
1051912,1190472,134,0.943011,3384
1048032,1190472,134,0.945108,3344
1050048,1190472,133,0.944058,3352
1048352,1190472,133,0.944965,3352
1051648,1190472,133,0.943199,3352
1051040,1190472,133,0.943555,3352
1052088,1190472,132,0.942958,3400
1048496,1190472,132,0.944891,3400
1049016,1190472,131,0.944598,3448
1047720,1190472,131,0.945287,3448
1050328,1190472,130,0.943931,3456
1048840,1190472,130,0.944735,3456
1051576,1190472,129,0.943278,3472
1051168,1190472,129,0.943524,3472
1048528,1190472,130,0.944912,3472
1049312,1190472,129,0.944503,3480
1053216,1190472,129,0.942368,3480
1049888,1190472,129,0.944201,3480
1048920,1190472,130,0.944706,3480
1051720,1190472,130,0.943195,3480
1049640,1190472,130,0.944332,3480
1052376,1190472,129,0.942839,3520
1052176,1190472,129,0.942976,3520
1048976,1190472,130,0.944681,3520
1047992,1190472,130,0.945210,3520
1046312,1190472,131,0.946048,3520
1043768,1190472,131,0.934482,3504
1045616,1190472,130,0.933357,3552
1041984,1190472,131,0.935479,3552
1044608,1190472,130,0.933951,3568
1043360,1190472,131,0.934692,3552
1043600,1190472,130,0.934552,3552
1043584,1190472,131,0.934561,3552
1043168,1190472,131,0.934830,3552
1044592,1190472,130,0.933989,3568
1041632,1190472,131,0.935696,3568
1042664,1190472,130,0.935083,3616
1040568,1190472,130,0.936288,3616
1042792,1190472,130,0.935010,3616
1041760,1190472,131,0.935615,3584
1042232,1190472,130,0.935348,3584
1043064,1190472,129,0.934863,3600
1042096,1190472,130,0.935416,3600
1038136,1190472,129,0.919197,3600
1041104,1190472,129,0.917078,3600
1040384,1190472,129,0.917657,3560
1037592,1190472,129,0.919644,3536
1035592,1190472,129,0.921007,3536
1038488,1190472,128,0.919044,3568
1039608,1190472,128,0.918233,3568
1039736,1190472,127,0.918143,3568
1037344,1190472,128,0.919801,3552
1037704,1190472,127,0.919552,3560
1041280,1190472,127,0.917015,3560
1039832,1190472,128,0.918047,3560
1041816,1190472,128,0.916591,3560
1045152,1190472,128,0.914047,3560
1047904,1190472,128,0.911821,3560
1049240,1190472,128,0.910678,3560
1051664,1190472,128,0.908561,3560
1051640,1190472,129,0.908582,3560
1048232,1190472,129,0.911514,3560
1045128,1190472,130,0.913991,3560
1045072,1190472,131,0.914034,3560
1043656,1190472,132,0.915118,3560
1045904,1190472,132,0.913347,3560
1046656,1190472,132,0.912712,3560
1045104,1190472,132,0.913972,3560
1044856,1190472,133,0.914171,3552
1042320,1190472,134,0.916086,3552
1042552,1190472,133,0.915914,3552
1038816,1190472,134,0.918596,3552
1041024,1190472,134,0.916997,3552
1044520,1190472,134,0.914356,3552
1048216,1190472,134,0.911375,3552
1049872,1190472,134,0.909949,3552
1049280,1190472,133,0.910531,3552
1053368,1190472,133,0.906919,3552
1051128,1190472,134,0.908952,3504
1047296,1190472,133,0.912243,3504
1044872,1190472,133,0.914232,3456
1041920,1190472,133,0.916486,3456
1039960,1190472,134,0.917895,3456
1042616,1190472,134,0.915938,3456
1041248,1190472,135,0.916940,3456
1039048,1190472,136,0.918501,3456
1040544,1190472,135,0.917440,3464
1037904,1190472,136,0.919285,3464
1037840,1190472,137,0.919329,3464
1041056,1190472,137,0.917038,3464
1041744,1190472,136,0.916538,3464
1042232,1190472,136,0.916145,3464
1043456,1190472,135,0.915220,3480
1047512,1190472,134,0.912049,3480
1045616,1190472,134,0.913617,3456
1044160,1190472,134,0.914778,3456
1046720,1190472,133,0.912776,3464
1048328,1190472,132,0.911441,3504
1049816,1190472,131,0.910187,3520
1047648,1190472,132,0.911984,3520
1049152,1190472,132,0.910705,3520
1047216,1190472,133,0.912295,3520
1047560,1190472,132,0.912010,3528
1049376,1190472,132,0.910470,3528
1053344,1190472,132,0.906962,3528
1050072,1190472,132,0.909881,3528
1046888,1190472,133,0.912514,3528
1043984,1190472,133,0.914821,3528
1045360,1190472,132,0.913729,3568
1049096,1190472,131,0.910685,3600
1052680,1190472,131,0.907540,3600
1055696,1190472,131,0.904709,3600
1051784,1190472,132,0.908294,3600
1054192,1190472,131,0.906120,3600
1051208,1190472,132,0.908799,3600
1054120,1190472,131,0.906142,3648
1054600,1190472,130,0.905696,3648
1054504,1190472,131,0.905786,3648
1053072,1190472,131,0.907143,3648
1051816,1190472,132,0.908287,3624
1055312,1190472,131,0.905080,3640
1058488,1190472,130,0.901958,3664
1061072,1190472,130,0.899231,3664
1058640,1190472,130,0.901804,3664
1060640,1190472,130,0.899689,3664
1056696,1190472,130,0.903731,3664
1059632,1190472,129,0.900741,3712
1056536,1190472,129,0.903886,3712
1054176,1190472,129,0.906164,3712
1051552,1190472,130,0.908540,3696
1055080,1190472,130,0.905292,3696
1057640,1190472,130,0.902773,3696
1056192,1190472,131,0.904188,3696
1057392,1190472,131,0.902971,3696
1054240,1190472,132,0.905986,3696
1058304,1190472,132,0.902014,3696
1056880,1190472,133,0.903427,3696
1060640,1190472,133,0.899553,3696
1063680,1190472,133,0.896176,3696
1060560,1190472,133,0.899638,3696
1063080,1190472,133,0.896850,3696
1060120,1190472,133,0.900101,3696
1057136,1190472,133,0.903176,3696
1053304,1190472,132,0.906890,3696
1056512,1190472,132,0.903832,3696
1060088,1190472,132,0.900184,3696
1057976,1190472,132,0.902391,3696
1060144,1190472,131,0.900176,3696
1061392,1190472,130,0.898820,3728
1058976,1190472,129,0.901447,3728
1061440,1190472,128,0.898846,3752
1058568,1190472,129,0.901845,3744
1057000,1190472,129,0.903451,3744
1054336,1190472,129,0.906031,3744
1057368,1190472,128,0.903105,3776
1060864,1190472,128,0.899486,3776
1063592,1190472,128,0.896456,3776
1060096,1190472,128,0.900293,3776
1057272,1190472,128,0.903200,3776
1058368,1190472,127,0.902078,3808
1060568,1190472,126,0.899815,3808
1059016,1190472,126,0.901471,3808
1058856,1190472,127,0.901634,3808
1059832,1190472,127,0.900584,3808
1060848,1190472,127,0.899469,3808
1060728,1190472,128,0.899596,3808
1062560,1190472,128,0.897568,3808
1061432,1190472,129,0.898829,3776
1064672,1190472,129,0.895172,3776
1061784,1190472,130,0.898424,3752
1057904,1190472,131,0.902495,3712
1055800,1190472,132,0.904548,3712
1057016,1190472,132,0.903325,3712
1053312,1190472,133,0.906824,3712
1050168,1190472,133,0.909642,3712
1047200,1190472,133,0.904120,3712
1047576,1190472,132,0.903779,3720
1049352,1190472,131,0.902151,3744
1049664,1190472,130,0.901863,3744
1053216,1190472,130,0.898415,3744
1053096,1190472,131,0.898534,3744
1052368,1190472,132,0.899264,3728
1053416,1190472,132,0.898184,3728
1049864,1190472,132,0.901648,3728
1051352,1190472,132,0.900199,3728
1048904,1190472,133,0.902488,3728
1048112,1190472,134,0.903207,3728
1049720,1190472,134,0.901693,3728
1050744,1190472,134,0.900687,3728
1053016,1190472,134,0.898439,3728
1055952,1190472,134,0.895393,3728
1054784,1190472,134,0.896689,3696
1051176,1190472,135,0.900291,3664
1052968,1190472,135,0.898502,3664
1056200,1190472,135,0.895148,3664
1055152,1190472,136,0.896293,3616
1054576,1190472,136,0.896950,3600
1056584,1190472,136,0.894809,3600
1059632,1190472,136,0.891411,3600
1057744,1190472,136,0.893570,3592
1054272,1190472,137,0.897252,3560
1050936,1190472,138,0.900528,3560
1049776,1190472,139,0.901663,3512
1053080,1190472,138,0.898462,3544
1055096,1190472,138,0.896376,3544
1053872,1190472,139,0.897624,3544
1052336,1190472,139,0.899194,3544
1053480,1190472,139,0.898017,3544
1056160,1190472,139,0.895216,3544
1052624,1190472,139,0.898865,3544
1056064,1190472,139,0.895317,3544
1056640,1190472,138,0.894699,3552
1058496,1190472,138,0.892630,3552
1056632,1190472,138,0.894707,3552
1056320,1190472,139,0.895038,3552
1058304,1190472,139,0.892842,3552
1055184,1190472,139,0.896227,3552
1053648,1190472,140,0.897792,3552
1053528,1190472,140,0.897961,3552
1055616,1190472,140,0.895778,3552
1054312,1190472,140,0.897211,3512
1057248,1190472,140,0.894090,3512
1059352,1190472,140,0.891719,3512
1059992,1190472,139,0.890993,3512
1057568,1190472,140,0.893727,3480
1059624,1190472,140,0.891393,3480
1060208,1190472,140,0.890672,3480
1056312,1190472,141,0.894971,3480
1058216,1190472,141,0.892860,3480
1055624,1190472,142,0.895645,3480
1054600,1190472,142,0.896754,3480
1055576,1190472,142,0.895695,3480
1052640,1190472,143,0.898723,3432
1049904,1190472,144,0.901387,3392
1053664,1190472,144,0.897696,3392
1049616,1190472,144,0.901655,3392
1050664,1190472,144,0.900626,3392
1051568,1190472,143,0.899753,3400
1051080,1190472,144,0.900238,3384
1054296,1190472,144,0.897016,3384
1057488,1190472,144,0.893605,3384
1057208,1190472,144,0.893978,3368
1054432,1190472,145,0.896893,3368
1055224,1190472,144,0.896078,3368
1058224,1190472,144,0.892816,3368
1056056,1190472,145,0.895157,3368
1052760,1190472,145,0.898573,3368
1054248,1190472,144,0.897032,3416
1055912,1190472,144,0.895258,3416
1051856,1190472,143,0.895827,3416
1052344,1190472,142,0.895317,3432
1050856,1190472,142,0.896855,3432
1049928,1190472,143,0.897801,3392
1049688,1190472,144,0.898033,3392
1053456,1190472,143,0.894216,3440
1056432,1190472,142,0.891027,3448
1052600,1190472,142,0.895138,3448
1051704,1190472,142,0.896092,3448
1047864,1190472,143,0.899799,3448
1044232,1190472,144,0.903070,3448
1048152,1190472,144,0.899485,3448
1051688,1190472,144,0.896012,3448
1051656,1190472,145,0.896044,3448
1051400,1190472,146,0.896316,3432
1047336,1190472,147,0.900215,3432
1051408,1190472,147,0.896260,3432
1053568,1190472,146,0.894050,3440
1051784,1190472,146,0.895923,3440
1048888,1190472,146,0.898829,3408
1048248,1190472,147,0.899433,3408
1050752,1190472,147,0.896981,3408
1054360,1190472,147,0.893253,3408
1051608,1190472,147,0.896132,3408
1052584,1190472,146,0.895138,3416
1052328,1190472,146,0.895447,3416
1048704,1190472,146,0.899041,3416
1051096,1190472,146,0.896681,3416
1051992,1190472,145,0.895738,3464
1052552,1190472,144,0.895146,3488
1050352,1190472,145,0.897342,3488
1049152,1190472,145,0.898555,3480
1052744,1190472,145,0.894958,3480
1052400,1190472,146,0.895325,3464
1054432,1190472,146,0.893168,3464
1057736,1190472,146,0.889499,3464
1056640,1190472,147,0.890762,3432
1057984,1190472,147,0.889199,3432
1061376,1190472,147,0.885140,3432
1062352,1190472,147,0.883873,3432
1063528,1190472,147,0.882322,3432
1065304,1190472,147,0.879932,3432
1063288,1190472,147,0.882660,3408
1065040,1190472,147,0.880316,3408
1063248,1190472,147,0.882711,3408
1066496,1190472,147,0.878350,3408
1064496,1190472,147,0.881097,3408
1063152,1190472,148,0.882834,3408
1064288,1190472,148,0.881307,3408
1068280,1190472,148,0.875783,3408
1066248,1190472,148,0.878690,3408
1065336,1190472,149,0.879922,3408
1062304,1190472,150,0.883883,3376
1058464,1190472,150,0.888549,3376
1055592,1190472,151,0.891762,3376
1055456,1190472,152,0.891909,3376
1055104,1190472,152,0.892341,3376
1054560,1190472,151,0.893024,3376
1051344,1190472,151,0.896379,3376
1049488,1190472,152,0.898195,3376
1051008,1190472,151,0.896665,3424
1052304,1190472,150,0.895317,3472
1054896,1190472,150,0.892564,3472
1052144,1190472,151,0.895431,3472
1054688,1190472,151,0.892735,3472
1055312,1190472,150,0.892048,3488
1057536,1190472,150,0.889535,3488
1055816,1190472,151,0.891500,3440
1058824,1190472,150,0.888096,3456
1059120,1190472,149,0.887732,3472
1060816,1190472,149,0.885656,3472
1058296,1190472,150,0.888632,3472
1060272,1190472,150,0.886254,3472
1056776,1190472,151,0.890317,3456
1059888,1190472,151,0.886675,3456
1059928,1190472,150,0.886627,3456
1063776,1190472,150,0.881785,3456
1061752,1190472,151,0.884351,3456
1060344,1190472,151,0.886129,3456
1063360,1190472,150,0.882322,3504
1061504,1190472,151,0.884658,3504
1061264,1190472,152,0.884953,3504
1062304,1190472,152,0.883602,3504
1061184,1190472,152,0.885052,3504
1062400,1190472,152,0.883482,3504
1059208,1190472,153,0.887366,3504
1059864,1190472,153,0.886532,3504
1060120,1190472,152,0.886226,3504
1063240,1190472,152,0.882291,3504
1060032,1190472,153,0.886274,3504
1060888,1190472,153,0.885179,3504
1062696,1190472,152,0.882864,3552
1058632,1190472,152,0.887872,3552
1059080,1190472,151,0.887347,3552
1058936,1190472,152,0.887517,3552
1056728,1190472,152,0.890103,3552
1059400,1190472,152,0.886970,3552
1056608,1190472,151,0.890291,3552
1057344,1190472,150,0.889408,3600
1058680,1190472,150,0.887816,3600
1055896,1190472,151,0.890974,3600
1058408,1190472,150,0.888123,3608
1057360,1190472,150,0.889381,3608
1060584,1190472,150,0.885540,3608
1060504,1190472,151,0.885637,3608
1063952,1190472,151,0.881233,3608
1061696,1190472,152,0.884113,3608
1060584,1190472,153,0.885481,3608
1057784,1190472,153,0.888843,3608
1059624,1190472,152,0.886675,3624
1063536,1190472,152,0.881754,3624
1067008,1190472,152,0.877007,3624
1065672,1190472,151,0.878984,3624
1062592,1190472,151,0.883088,3624
1060568,1190472,152,0.885617,3608
1062264,1190472,152,0.883462,3608
1062712,1190472,152,0.882834,3608
1061128,1190472,153,0.884816,3608
1062776,1190472,152,0.882752,3608
1063568,1190472,151,0.881723,3616
1061096,1190472,150,0.884963,3616
1063040,1190472,150,0.882466,3616
1059120,1190472,150,0.887338,3616
1060864,1190472,150,0.885189,3616
1060200,1190472,151,0.886024,3592
1060240,1190472,150,0.885975,3592
1059192,1190472,149,0.887338,3592
1063232,1190472,149,0.882312,3592
1062216,1190472,149,0.883723,3544
1061240,1190472,149,0.885003,3536
1062808,1190472,148,0.883027,3552
1063328,1190472,148,0.882302,3552
1061528,1190472,149,0.884569,3552
1065160,1190472,149,0.879836,3552
1065136,1190472,150,0.879868,3552
1067056,1190472,150,0.877175,3552
1065544,1190472,151,0.879276,3536
1067168,1190472,150,0.877041,3536
1066536,1190472,151,0.877921,3536
1068288,1190472,150,0.875381,3584
1066344,1190472,150,0.878185,3584
1067064,1190472,149,0.877187,3584
1065768,1190472,150,0.879038,3536
1063888,1190472,150,0.881599,3536
1063696,1190472,151,0.881889,3504
1064912,1190472,151,0.880231,3504
1062688,1190472,152,0.883118,3504
1062000,1190472,153,0.883983,3504
1064000,1190472,152,0.881432,3504
1063024,1190472,153,0.882732,3472
1066680,1190472,153,0.877810,3472
1070072,1190472,153,0.872854,3472
1070320,1190472,152,0.872469,3480
1067960,1190472,152,0.876000,3480
1065232,1190472,152,0.879836,3480
1062496,1190472,152,0.883451,3480
1065088,1190472,152,0.880028,3480
1066064,1190472,151,0.878668,3512
1069120,1190472,150,0.874324,3528
1070432,1190472,150,0.872300,3528
1069256,1190472,151,0.874054,3528
1072968,1190472,151,0.868269,3528
1069832,1190472,152,0.873129,3528
1071280,1190472,152,0.870856,3528
1068016,1190472,151,0.875852,3528
1071544,1190472,151,0.870522,3528
1071112,1190472,151,0.871263,3528
1069896,1190472,151,0.873177,3528
1066648,1190472,151,0.877910,3528
1065152,1190472,152,0.880007,3480
1064624,1190472,152,0.880771,3480
1068576,1190472,152,0.875254,3480
1067008,1190472,153,0.877477,3480
1065008,1190472,154,0.880199,3480
1060976,1190472,155,0.885335,3480
1062952,1190472,154,0.882844,3504
1066464,1190472,153,0.878185,3512
1065272,1190472,154,0.879825,3496
1068344,1190472,154,0.875496,3496
1066824,1190472,155,0.877710,3448
1067952,1190472,154,0.876126,3448
1065064,1190472,155,0.880103,3448
1063896,1190472,156,0.881640,3448
1064528,1190472,155,0.880813,3448
1061776,1190472,156,0.884371,3416
1060432,1190472,155,0.886129,3416
1060992,1190472,154,0.885423,3440
1061680,1190472,153,0.884579,3440
1061720,1190472,152,0.884530,3440
1058384,1190472,152,0.888567,3440
1059200,1190472,151,0.887620,3440
1062000,1190472,150,0.884242,3440
1062248,1190472,149,0.883913,3456
1061560,1190472,150,0.884767,3456
1061000,1190472,151,0.885481,3432
1057296,1190472,152,0.889815,3432
1061000,1190472,151,0.885481,3432
1064400,1190472,150,0.881192,3432
1061640,1190472,151,0.884698,3432
1062560,1190472,150,0.883502,3472
1063272,1190472,149,0.882578,3488
1064120,1190472,148,0.881453,3512
1066552,1190472,147,0.878130,3560
1067968,1190472,147,0.876080,3560
1064776,1190472,148,0.880465,3560
1067936,1190472,147,0.876080,3592
1066280,1190472,148,0.878394,3592
1068752,1190472,148,0.874838,3592
1066672,1190472,149,0.877788,3592
1066496,1190472,150,0.878031,3592
1070368,1190472,150,0.872373,3592
1072432,1190472,149,0.869152,3608
1070208,1190472,150,0.872590,3608
1068224,1190472,151,0.875508,3608
1072256,1190472,151,0.869355,3608
1072992,1190472,150,0.868179,3608
1071232,1190472,151,0.870980,3592
1072096,1190472,151,0.869557,3592
1068952,1190472,151,0.874406,3592
1070144,1190472,150,0.872614,3608
1069696,1190472,150,0.873356,3608
1065824,1190472,150,0.878929,3608
1065168,1190472,150,0.879879,3608
1064776,1190472,151,0.880412,3600
1063616,1190472,150,0.882054,3600
1060400,1190472,151,0.886062,3600
1061032,1190472,150,0.885257,3632
1061408,1190472,149,0.884776,3648
1061576,1190472,148,0.884569,3648
1057912,1190472,147,0.889035,3648
1061880,1190472,147,0.884252,3648
1063472,1190472,147,0.882178,3648
1065344,1190472,147,0.879654,3648
1067520,1190472,146,0.876625,3672
1067040,1190472,146,0.877365,3672
1070632,1190472,146,0.872070,3672
1067792,1190472,146,0.876308,3672
1068968,1190472,145,0.874616,3672
1066312,1190472,145,0.878438,3672
1069480,1190472,144,0.873877,3712
1066088,1190472,145,0.878690,3712
1069616,1190472,145,0.873605,3712
1068472,1190472,145,0.875347,3712
1068952,1190472,145,0.874581,3712
1065712,1190472,145,0.879201,3712
1062128,1190472,145,0.883963,3680
1059192,1190472,145,0.887573,3680
1060160,1190472,145,0.886369,3680
1057568,1190472,144,0.889499,3680
1055320,1190472,145,0.892022,3648
1055552,1190472,144,0.891770,3648
1052896,1190472,145,0.894580,3648
1055680,1190472,144,0.891631,3648
1058544,1190472,143,0.888392,3672
1057576,1190472,143,0.889553,3672
1059424,1190472,143,0.887366,3672
1061304,1190472,143,0.885052,3672
1059336,1190472,143,0.887470,3672
1058320,1190472,143,0.888724,3656
1059512,1190472,142,0.887319,3672
1061536,1190472,142,0.884826,3672
1060744,1190472,143,0.885792,3672
1062392,1190472,143,0.883703,3672
1060408,1190472,144,0.886197,3624
1058624,1190472,145,0.888337,3592
1061272,1190472,144,0.885179,3600
1062928,1190472,144,0.883057,3600
1063696,1190472,143,0.882044,3624
1060384,1190472,143,0.886226,3624
1060760,1190472,142,0.885743,3648
1058656,1190472,142,0.888290,3648
1060320,1190472,142,0.886274,3648
1057664,1190472,143,0.889372,3648
1059944,1190472,142,0.886723,3648
1059384,1190472,143,0.887413,3624
1062296,1190472,143,0.883823,3624
1062040,1190472,144,0.884143,3624
1060264,1190472,145,0.886341,3600
1063528,1190472,145,0.882230,3600
1061136,1190472,145,0.885286,3600
1058824,1190472,145,0.888096,3600
1059496,1190472,144,0.887291,3616
1059608,1190472,143,0.887159,3616
1061344,1190472,143,0.885012,3616
1061272,1190472,144,0.885101,3616
1058744,1190472,144,0.888170,3616
1062152,1190472,144,0.884013,3616
1065536,1190472,143,0.879621,3624
1061824,1190472,143,0.884470,3624
1062392,1190472,142,0.883743,3640
1058840,1190472,141,0.888142,3640
1058216,1190472,142,0.888880,3624
1061712,1190472,142,0.884668,3624
1060720,1190472,142,0.885937,3624
1062552,1190472,142,0.883623,3624
1061360,1190472,143,0.885101,3624
1063144,1190472,143,0.882813,3624
1064904,1190472,143,0.880465,3624
1061328,1190472,144,0.885022,3624
1065088,1190472,143,0.880199,3640
1062320,1190472,144,0.883773,3640
1064528,1190472,144,0.880877,3640
1061320,1190472,145,0.884953,3640
1058016,1190472,146,0.888907,3608
1058064,1190472,145,0.888852,3608
1054384,1190472,146,0.892914,3608
1052664,1190472,145,0.894811,3608
1049584,1190472,145,0.897933,3600
1050712,1190472,144,0.896816,3616
1047696,1190472,145,0.899755,3568
1049912,1190472,145,0.897600,3568
1052240,1190472,145,0.895236,3568
1052968,1190472,144,0.894490,3568
1053304,1190472,143,0.894133,3576
1053040,1190472,144,0.894407,3576
1056896,1190472,144,0.890210,3576
1053368,1190472,144,0.894067,3576
1056416,1190472,143,0.890779,3592
1053480,1190472,143,0.893983,3592
1049744,1190472,144,0.897770,3560
1048504,1190472,144,0.899019,3544
1049152,1190472,144,0.898356,3544
1052584,1190472,144,0.894909,3544
1053896,1190472,143,0.893531,3560
1051352,1190472,144,0.896156,3544
1052648,1190472,144,0.894794,3544
1049640,1190472,145,0.897809,3528
1047712,1190472,146,0.899643,3528
1048904,1190472,145,0.898517,3528
1049608,1190472,145,0.897794,3528
1047384,1190472,145,0.899948,3528
1050072,1190472,145,0.897342,3528
1047880,1190472,145,0.899485,3528
1045016,1190472,146,0.902120,3504
1047304,1190472,146,0.900000,3504
1049568,1190472,146,0.897809,3504
1045512,1190472,145,0.901678,3504
1042824,1190472,145,0.904071,3504
1040416,1190472,145,0.906122,3504
1040232,1190472,146,0.906272,3504
1043032,1190472,146,0.903893,3504
1046080,1190472,146,0.901166,3504
1045744,1190472,147,0.901476,3496
1044968,1190472,148,0.902184,3480
1042512,1190472,148,0.904356,3480
1045832,1190472,147,0.901440,3496
1047592,1190472,147,0.899784,3496
1048584,1190472,147,0.898806,3496
1046544,1190472,148,0.900729,3472
1043744,1190472,148,0.903265,3472
1040536,1190472,149,0.905971,3472
1044112,1190472,149,0.902903,3472
1042920,1190472,150,0.903948,3456
1042272,1190472,151,0.904519,3432
1043880,1190472,151,0.903098,3432
1047448,1190472,151,0.899844,3432
1046504,1190472,151,0.900780,3408
1048992,1190472,151,0.898410,3408
1049136,1190472,150,0.898272,3408
1051904,1190472,149,0.895544,3408
1050592,1190472,150,0.896871,3392
1049944,1190472,150,0.897553,3392
1053512,1190472,150,0.893908,3392
1053008,1190472,149,0.894531,3392
1055536,1190472,149,0.891805,3392
1057960,1190472,149,0.889053,3392
1060496,1190472,149,0.886024,3392
1062224,1190472,149,0.883843,3392
1061984,1190472,150,0.884143,3392
1059248,1190472,150,0.887507,3392
1058120,1190472,151,0.888816,3392
1062208,1190472,151,0.883863,3392
1060216,1190472,151,0.886379,3376
1061088,1190472,151,0.885267,3376
1061960,1190472,151,0.884133,3376
1062256,1190472,150,0.883763,3376
1060648,1190472,151,0.885792,3336
1063232,1190472,151,0.882517,3336
1061312,1190472,150,0.885042,3336
1064040,1190472,150,0.881536,3336
1062792,1190472,150,0.883199,3336
1062704,1190472,150,0.883371,3336
1062032,1190472,151,0.884222,3328
1065120,1190472,150,0.880199,3368
1061592,1190472,151,0.884717,3368
1060680,1190472,152,0.885850,3352
1057992,1190472,152,0.889117,3304
1056616,1190472,152,0.890762,3264
1057224,1190472,152,0.890031,3264
1058440,1190472,152,0.888595,3264
1058288,1190472,152,0.888825,3264
1058896,1190472,152,0.888068,3264
1055376,1190472,153,0.892013,3264
1058904,1190472,152,0.888058,3264
1055528,1190472,153,0.891849,3264
1057760,1190472,153,0.889318,3264
1061272,1190472,152,0.885169,3272
1063976,1190472,152,0.881703,3272
1060920,1190472,153,0.885540,3272
1060560,1190472,154,0.885995,3256
1063600,1190472,153,0.882188,3272
1067472,1190472,153,0.876917,3272
1067880,1190472,152,0.876342,3272
1070248,1190472,152,0.872818,3272
1066592,1190472,152,0.878141,3272
1070600,1190472,152,0.872288,3272
1069288,1190472,153,0.874242,3272
1072848,1190472,153,0.868718,3272
1070640,1190472,153,0.872227,3272
1070264,1190472,154,0.872818,3256
1069072,1190472,155,0.874605,3240
1068416,1190472,155,0.875634,3232
1072272,1190472,155,0.869771,3232
1069800,1190472,155,0.873617,3232
1069952,1190472,154,0.873392,3232
1067088,1190472,155,0.877510,3232
1069976,1190472,155,0.873284,3232
1072240,1190472,155,0.869746,3232
1075536,1190472,155,0.864263,3232
1071768,1190472,156,0.870484,3184
1072576,1190472,156,0.869139,3184
1075136,1190472,156,0.864862,3184
1071256,1190472,155,0.871276,3184
1074040,1190472,155,0.866772,3184
1070360,1190472,155,0.872638,3184
1071888,1190472,154,0.870235,3224
1069096,1190472,154,0.874523,3224
1066880,1190472,154,0.877744,3224
1068552,1190472,154,0.875312,3224
1072544,1190472,154,0.869202,3224
1068840,1190472,154,0.874896,3224
1070504,1190472,154,0.872361,3224
1067680,1190472,155,0.876489,3224
1069872,1190472,155,0.873237,3224
1069720,1190472,156,0.873463,3224
1072168,1190472,156,0.869645,3224
1068080,1190472,156,0.875852,3224
1071064,1190472,156,0.871362,3224
1068296,1190472,157,0.875473,3224
1070984,1190472,157,0.871411,3224
1069088,1190472,158,0.874254,3224
1072944,1190472,158,0.868256,3224
1071448,1190472,159,0.870621,3224
1071600,1190472,158,0.870385,3224
1070952,1190472,159,0.871386,3224
1070008,1190472,160,0.872830,3216
1071104,1190472,160,0.871091,3216
1067512,1190472,160,0.876466,3216
1069008,1190472,159,0.874312,3216
1067336,1190472,159,0.876782,3216
1064848,1190472,159,0.880252,3216
1063312,1190472,160,0.882260,3216
1066184,1190472,160,0.878383,3216
1063776,1190472,160,0.881661,3216
1062168,1190472,160,0.883773,3216
1060104,1190472,161,0.886321,3200
1058256,1190472,161,0.888549,3200
1060864,1190472,161,0.885403,3200
1058080,1190472,162,0.888696,3200
1056784,1190472,162,0.890237,3184
1058168,1190472,162,0.888613,3184
1060816,1190472,162,0.885423,3184
1061952,1190472,161,0.883983,3216
1062352,1190472,160,0.883482,3216
1059488,1190472,161,0.886998,3200
1061600,1190472,161,0.884381,3200
1061520,1190472,161,0.884540,3200
1064960,1190472,161,0.880061,3200
1068936,1190472,161,0.874441,3200
1066288,1190472,161,0.878262,3200
1065272,1190472,162,0.879643,3200
1067944,1190472,162,0.875875,3200
1068088,1190472,161,0.875669,3200
1068488,1190472,160,0.875081,3208
1068256,1190472,160,0.875485,3208
1071408,1190472,160,0.870708,3208
1072120,1190472,159,0.869595,3208
1075024,1190472,159,0.864767,3208
1072496,1190472,159,0.868999,3208
1073496,1190472,158,0.867362,3224
1071848,1190472,158,0.870072,3224
1070280,1190472,159,0.872505,3208
1068256,1190472,160,0.875485,3208
1071032,1190472,160,0.871288,3208
1069288,1190472,160,0.873983,3208
1070776,1190472,160,0.871680,3208
1066736,1190472,161,0.877566,3208
1069536,1190472,161,0.873475,3208
1071856,1190472,161,0.869859,3208
1074168,1190472,161,0.866044,3208
1074024,1190472,162,0.866283,3208
1077088,1190472,162,0.860916,3208
1076128,1190472,163,0.862617,3208
1077208,1190472,163,0.860614,3208
1075792,1190472,163,0.863203,3208
1078592,1190472,163,0.858075,3208
1076400,1190472,163,0.862139,3208
1074152,1190472,164,0.865991,3208
1075912,1190472,164,0.862911,3208
1077640,1190472,164,0.859744,3208
1075880,1190472,165,0.862938,3176
1077840,1190472,164,0.859393,3200
1076216,1190472,165,0.862308,3200
1073344,1190472,165,0.867258,3200
1075552,1190472,164,0.863549,3200
1076104,1190472,163,0.862575,3208
1073056,1190472,162,0.867869,3208
1070048,1190472,161,0.872710,3208
1072480,1190472,161,0.868872,3208
1073976,1190472,160,0.866363,3256
1070008,1190472,160,0.872698,3256
1071888,1190472,160,0.869733,3256
1067912,1190472,160,0.875772,3256
1066872,1190472,160,0.877310,3256
1065344,1190472,160,0.879471,3256
1061808,1190472,161,0.884053,3256
1063152,1190472,160,0.882322,3280
1063400,1190472,159,0.882003,3280
1064320,1190472,158,0.880761,3312
1063320,1190472,159,0.882065,3312
1062688,1190472,159,0.882935,3312
1064488,1190472,159,0.880539,3312
1065016,1190472,158,0.879825,3320
1062824,1190472,159,0.882691,3320
1061416,1190472,159,0.884520,3320
1065184,1190472,159,0.879600,3320
1068960,1190472,159,0.874230,3320
1067352,1190472,159,0.876613,3320
1070832,1190472,159,0.871423,3320
1073704,1190472,159,0.866785,3320
1071240,1190472,160,0.870757,3296
1067792,1190472,160,0.875955,3296
1070864,1190472,160,0.871337,3296
1073808,1190472,160,0.866574,3296
1070112,1190472,160,0.872481,3296
1072120,1190472,160,0.869304,3296
1070392,1190472,160,0.872058,3296
1070024,1190472,160,0.872698,3288
1068048,1190472,161,0.875600,3288
1067752,1190472,162,0.876023,3288
1066688,1190472,162,0.877633,3256
1062600,1190472,162,0.883118,3256
1062832,1190472,161,0.882823,3256
1065680,1190472,161,0.879016,3256
1063792,1190472,162,0.881567,3224
1065824,1190472,162,0.878799,3224
1068504,1190472,162,0.874965,3224
1071144,1190472,162,0.870943,3224
1070464,1190472,163,0.871985,3224
1069360,1190472,163,0.873759,3192
1071432,1190472,163,0.870546,3192
1071456,1190472,162,0.870509,3192
1072864,1190472,161,0.868205,3240
1068912,1190472,162,0.874277,3240
1066904,1190472,162,0.877220,3240
1066320,1190472,163,0.878086,3200
1067976,1190472,163,0.875692,3200
1071800,1190472,163,0.869884,3200
1074016,1190472,163,0.866230,3200
1077272,1190472,163,0.860513,3200
1074480,1190472,162,0.865536,3200
1077592,1190472,162,0.860021,3200
1076368,1190472,163,0.862238,3184
1076912,1190472,162,0.861203,3224
1076616,1190472,163,0.861758,3208
1074408,1190472,164,0.865563,3208
1072528,1190472,164,0.868718,3208
1075160,1190472,164,0.864291,3208
1077968,1190472,164,0.859231,3208
1079328,1190472,164,0.856596,3208
1076024,1190472,165,0.862631,3208
1076744,1190472,164,0.861360,3208
1073832,1190472,164,0.866442,3208
1076400,1190472,164,0.861970,3208
1074112,1190472,164,0.865977,3208
1076272,1190472,163,0.862238,3232
1074624,1190472,163,0.865160,3232
1071152,1190472,163,0.870844,3232
1069976,1190472,164,0.872638,3232
1073768,1190472,164,0.914093,3232
1073368,1190472,165,0.914516,3232
1074128,1190472,164,0.913683,3256
1076272,1190472,164,0.911266,3256
1078840,1190472,164,0.908197,3256
1078016,1190472,163,0.909328,3232
1074520,1190472,163,0.913339,3232
1075800,1190472,162,0.911896,3264
1073216,1190472,163,0.914693,3264
1071448,1190472,164,0.916555,3216
1067880,1190472,165,0.919985,3216
1069272,1190472,165,0.918635,3216
1070576,1190472,165,0.917325,3216
1074552,1190472,165,0.952881,3216
1076488,1190472,164,0.951687,3256
1072576,1190472,165,0.952237,3256
1073344,1190472,164,0.951770,3280
1071672,1190472,164,0.952772,3280
1068000,1190472,165,0.954777,3280
1071816,1190472,165,0.954405,3280
1072904,1190472,164,0.953792,3288
1071984,1190472,164,0.944660,3256
1075808,1190472,164,0.952105,3256
1075624,1190472,165,0.952217,3256
1072640,1190472,165,0.953986,3256
1072704,1190472,164,0.953950,3256
1070840,1190472,165,0.954976,3256
1071880,1190472,165,0.954383,3256
1074088,1190472,164,0.953120,3272
1071656,1190472,165,0.954524,3224
1068848,1190472,165,0.956039,3224
1067776,1190472,165,0.956606,3224
1064992,1190472,164,0.957999,3224
1066256,1190472,164,0.957376,3224
1065672,1190472,164,0.957678,3224
1062192,1190472,164,0.959291,3224
1061944,1190472,164,0.959428,3208
1063672,1190472,163,0.958655,3216
1060616,1190472,164,0.959997,3216
1059904,1190472,165,0.960303,3200
1063120,1190472,165,0.958890,3200
1059960,1190472,164,0.959879,3200
1062144,1190472,164,0.958912,3200
1066136,1194512,164,0.958912,3200
1062120,1194512,165,0.958468,3200
1063824,1194512,164,0.957719,3208
1067872,1198608,164,0.957719,3208
1064016,1198608,164,0.956395,3208
1062032,1198608,165,0.957253,3208
1062128,1198608,164,0.957212,3208
1066200,1198608,164,0.958451,3208
1063200,1198608,165,0.959701,3208
1062224,1198608,165,0.960121,3184
1065960,1198608,164,0.958571,3216
1069512,1198608,163,0.956976,3256
1070432,1198608,162,0.956533,3288
1073168,1198608,162,0.955183,3288
1074456,1198608,162,0.954504,3288
1076480,1198608,162,0.953411,3288
1073040,1198608,162,0.955223,3288
1074760,1198608,162,0.954322,3288
1074616,1198608,162,0.954422,3288
1075696,1198608,161,0.953843,3312
1074040,1198608,161,0.954730,3312
1077848,1198608,160,0.952700,3312
1076880,1198608,160,0.953281,3272
1079632,1198608,159,0.951721,3296
1079504,1198608,159,0.951823,3296
1079888,1198608,158,0.951596,3304
1075896,1198608,158,0.953292,3304
1079088,1198608,157,0.951504,3320
1078640,1198608,158,0.951761,3320
1079768,1198608,157,0.951107,3320
1079032,1198608,158,0.951536,3320
1076088,1198608,157,0.948260,3320
1072696,1198608,158,0.950204,3320
1073472,1198608,158,0.949745,3320
1075448,1198608,157,0.948605,3328
1072616,1198608,157,0.950252,3312
1068592,1198608,157,0.950280,3312
1068944,1198608,156,0.950094,3312
1069992,1198608,156,0.949505,3312
1070728,1198608,155,0.949103,3312
1070120,1198608,155,0.949462,3312
1070536,1198608,154,0.949230,3320
1069040,1198608,155,0.950064,3272
1069360,1198608,154,0.949893,3272
1068424,1198608,154,0.950414,3272
1070320,1198608,153,0.949388,3296
1066560,1198608,152,0.951407,3296
1069656,1198608,152,0.949773,3296
1068792,1198608,151,0.950284,3296
1070968,1198608,151,0.949085,3296
1068824,1198608,152,0.950242,3296
1065312,1198608,153,0.952031,3288
1068136,1198608,153,0.950581,3288
1066240,1198608,154,0.951560,3264
1062696,1198608,153,0.927066,3264
1062728,1198608,152,0.927043,3264
1065512,1198608,152,0.924928,3264
1067096,1198608,151,0.923679,3280
1064488,1198608,151,0.925731,3280
1061104,1198608,152,0.928197,3272
1059856,1198608,152,0.929096,3272
1057224,1198608,152,0.930886,3272
1059752,1198608,152,0.929167,3272
1057992,1198608,152,0.930383,3272
1056264,1198608,151,0.931567,3272
1056600,1198608,150,0.931352,3272
1054792,1198608,150,0.932554,3224
1056968,1198608,150,0.931146,3224
1058488,1198608,149,0.930133,3248
1055576,1198608,150,0.932049,3200
1055816,1198608,149,0.931898,3200
1053896,1198608,150,0.933115,3160
1057112,1198608,150,0.931063,3160
1060280,1198608,150,0.928915,3160
1057664,1198608,151,0.930672,3160
1061712,1198608,150,0.927903,3176
1059504,1198608,151,0.929467,3128
1061808,1198608,151,0.927835,3128
1059728,1198608,151,0.929315,3128
1062248,1198608,151,0.927521,3128
1058160,1198608,151,0.930367,3128
1056280,1198608,151,0.931623,3120
1055304,1198608,150,0.932320,3088
1056880,1198608,150,0.931290,3088
1057328,1198608,149,0.931001,3088
1056600,1198608,150,0.931470,3088
1060288,1198608,150,0.928992,3088
1058624,1198608,151,0.930117,3088
1059344,1198608,150,0.929629,3096
1059088,1198608,151,0.929823,3064
1062240,1198608,151,0.927607,3064
1062440,1198608,150,0.927458,3072
1062936,1198608,150,0.927066,3072
1066808,1198608,150,0.924108,3072
1063592,1198608,150,0.926587,3072
1067328,1198608,150,0.923698,3072
1066152,1198608,150,0.924657,3072
1069688,1198608,150,0.921778,3072
1067528,1198608,151,0.923558,3048
1069736,1198608,150,0.921744,3064
1067424,1198608,151,0.923628,3064
1066424,1198608,152,0.924427,3048
1062560,1198608,153,0.927320,3048
1059296,1198608,153,0.929629,3048
1060024,1198608,152,0.929134,3048
1063168,1198608,152,0.926880,3048
1065480,1198608,151,0.925155,3048
1069216,1198608,151,0.922150,3048
1065248,1198608,152,0.925295,3048
1066072,1198608,152,0.924626,3048
1065496,1198608,153,0.925100,3008
1067568,1198608,153,0.923443,3008
1063576,1198608,154,0.926505,3008
1062288,1198608,154,0.927475,3008
1060080,1198608,155,0.929025,3008
1057400,1198608,154,0.930881,3008
1058288,1198608,154,0.930266,3008
1060584,1198608,154,0.928677,3008
1057784,1198608,155,0.930567,3008
1057936,1198608,154,0.930462,3016
1061808,1198608,154,0.927778,3016
1059960,1198608,154,0.929134,2968
1063408,1198608,154,0.926658,2968
1059712,1198608,155,0.929271,2968
1062816,1198608,155,0.927054,2968
1066192,1198608,155,0.924483,2968
1063368,1198608,155,0.926652,2968
1067176,1198608,155,0.923710,2968
1067136,1198608,156,0.923742,2968
1068192,1198608,156,0.922857,2968
1064600,1198608,155,0.925737,2968
1065376,1198608,155,0.925112,2968
1062696,1198608,156,0.927107,2968
1059480,1198608,157,0.929369,2960
1062168,1198608,157,0.927458,2960
1062024,1198608,157,0.927596,2960
1065480,1198608,157,0.925002,2960
1069320,1198608,157,0.921898,2960
1067056,1198608,156,0.923812,2960
1064552,1198608,157,0.925743,2960
1064304,1198608,158,0.925929,2960
1062424,1198608,158,0.927343,2960
1058616,1198608,158,0.930016,2960
1060760,1198608,157,0.928527,3000
1057024,1198608,158,0.931058,2968
1056112,1198608,159,0.931654,2952
1059272,1198608,159,0.929548,2952
1060760,1198608,159,0.928493,2952
1063464,1198608,158,0.926522,3000
1064600,1198608,158,0.925641,3000
1064944,1198608,157,0.925356,3032
1066872,1198608,156,0.923837,3064
1062952,1198608,156,0.926851,3064
1061912,1198608,156,0.927636,3064
1060712,1198608,156,0.928516,3064
1061320,1198608,155,0.928090,3064
1063688,1198608,155,0.926345,3064
1062168,1198608,154,0.927521,3064
1058728,1198608,153,0.929968,3064
1060472,1198608,153,0.928749,3064
1058400,1198608,152,0.930218,3064
1056800,1198608,153,0.931265,3064
1058480,1198608,152,0.930165,3064
1059520,1198608,152,0.929434,3064
1061912,1198608,152,0.927738,3064
1063912,1198608,151,0.926268,3088
1061488,1198608,150,0.928090,3088
1064160,1198608,150,0.926120,3088
1061520,1198608,149,0.928101,3088
1061984,1198608,148,0.927767,3096
1058416,1198608,149,0.930218,3096
1054456,1198608,148,0.932811,3096
1056600,1198608,148,0.931434,3096
1053848,1198608,148,0.933183,3096
1055416,1198608,147,0.932195,3128
1056864,1198608,146,0.931259,3152
1056032,1198608,147,0.931801,3136
1053856,1198608,147,0.933183,3136
1056208,1198608,147,0.931690,3136
1054272,1198608,147,0.932929,3136
1055360,1198608,147,0.932225,3136
1055944,1198608,146,0.931852,3144
1054072,1198608,147,0.933017,3144
1052720,1198608,147,0.933862,3144
1049656,1198608,148,0.935640,3144
1051464,1198608,148,0.934575,3144
1054000,1198608,147,0.933056,3152
1056536,1198608,147,0.931439,3152
1056288,1198608,147,0.931633,3144
1055384,1198608,148,0.932210,3136
1051712,1198608,149,0.934434,3136
1050792,1198608,150,0.934988,3104
1053088,1198608,150,0.933608,3104
1056048,1198608,149,0.931766,3128
1056936,1198608,148,0.931182,3152
1059944,1198608,147,0.929151,3200
1056776,1198608,147,0.931311,3160
1057104,1198608,146,0.931094,3168
1055696,1198608,147,0.932024,3120
1057952,1198608,147,0.930541,3120
1057136,1198608,148,0.931073,3120
1055448,1198608,149,0.932149,3120
1055624,1198608,148,0.932039,3120
1052920,1198608,147,0.933757,3120
1051200,1198608,147,0.934798,3120
1052504,1198608,147,0.934005,3120
1052464,1198608,147,0.934057,3120
1055624,1198608,147,0.932099,3120
1058856,1198608,147,0.929973,3120
1061160,1198608,147,0.928365,3120
1058256,1198608,147,0.930372,3120
1060944,1198608,147,0.928516,3120
1058560,1198608,147,0.921724,3112
1061536,1198608,147,0.919404,3112
1058464,1198608,147,0.921795,3112
1061232,1198608,147,0.919644,3112
1060696,1198608,148,0.920075,3096
1061280,1198608,147,0.919593,3128
1059600,1198608,148,0.920893,3128
1060872,1198608,148,0.919875,3128
1059120,1198608,149,0.921256,3080
1061544,1198608,149,0.919347,3080
1058896,1198608,150,0.921389,3080
1061256,1198608,150,0.919537,3080
1060712,1198608,150,0.920000,3080
1064504,1198608,150,0.916896,3080
1062544,1198608,149,0.918619,3040
1060168,1198608,150,0.920489,3040
1057584,1198608,151,0.922427,3040
1054232,1198608,152,0.924804,3040
1053384,1198608,152,0.925432,3016
1057072,1198608,152,0.922817,3016
1059072,1198608,152,0.921304,3016
1055976,1198608,152,0.923603,3016
1055344,1198608,153,0.924082,2968
1053504,1198608,153,0.925394,2952
1052376,1198608,154,0.926160,2936
1050560,1198608,155,0.927345,2936
1050328,1198608,156,0.927493,2936
1054424,1198608,156,0.924744,2936
1052776,1198608,157,0.925878,2912
1052608,1198608,158,0.925990,2912
1049080,1198608,159,0.928267,2912
1045488,1198608,158,0.930503,2912
1042096,1198608,158,0.932466,2912
1039144,1198608,159,0.934065,2912
1041360,1198608,159,0.932846,2912
1044624,1198608,159,0.930979,2912
1044640,1198608,158,0.930970,2912
1044440,1198608,159,0.931090,2904
1048488,1198608,159,0.928641,2904
1051624,1198608,159,0.926613,2904
1050432,1198608,160,0.927386,2904
1050304,1198608,160,0.925947,2904
1047952,1198608,159,0.927511,2904
1047464,1198608,160,0.927815,2904
1048096,1198608,159,0.927391,2952
1047720,1198608,159,0.927661,2944
1046824,1198608,160,0.928244,2896
1049032,1198608,160,0.926834,2896
1047536,1198608,161,0.927780,2888
1045912,1198608,162,0.928775,2888
1045672,1198608,163,0.928920,2888
1044456,1198608,163,0.929672,2888
1045528,1198608,163,0.929006,2888
1047224,1198608,162,0.927974,2888
1050592,1198608,162,0.925800,2888
1053712,1198608,162,0.923664,2888
1054312,1198608,161,0.923234,2904
1050496,1198608,162,0.925821,2904
1049608,1198608,163,0.926414,2880
1047744,1198608,163,0.927631,2872
1049440,1198608,162,0.926532,2912
1045456,1198608,162,0.929035,2912
1044376,1198608,162,0.929719,2888
1040568,1198608,163,0.931889,2888
1041240,1198608,162,0.931511,2896
1041752,1198608,161,0.931215,2912
1039184,1198608,162,0.932632,2912
1040376,1198608,161,0.931982,2912
1044040,1198608,161,0.929874,2912
1043168,1198608,161,0.930408,2912
1040776,1198608,161,0.931787,2912
1041520,1198608,160,0.931364,2928
1042832,1198608,160,0.930592,2928
1045584,1198608,160,0.928948,2928
1046952,1198608,160,0.928087,2928
1046560,1198608,161,0.928328,2928
1042816,1198608,160,0.930601,2928
1045032,1198608,160,0.929279,2928
1047304,1198608,160,0.927870,2928
1046824,1198608,160,0.928195,2928
1046440,1198608,160,0.928469,2912
1049824,1198608,160,0.926316,2912
1053224,1198608,160,0.924018,2912
1051464,1198608,159,0.925272,2912
1048088,1198608,160,0.927451,2912
1047480,1198608,161,0.927845,2888
1044224,1198608,161,0.929836,2888
1041576,1198608,162,0.931355,2888
1039912,1198608,163,0.932276,2888
1042120,1198608,163,0.931021,2888
1039960,1198608,164,0.932227,2880
1038600,1198608,164,0.932989,2880
1036864,1198608,163,0.933954,2880
1037280,1198608,162,0.933737,2880
1039384,1198608,162,0.932593,2880
1037000,1198608,162,0.933900,2848
1039768,1198608,162,0.932402,2848
1036400,1198608,162,0.934211,2848
1033240,1198608,162,0.935839,2816
1034984,1198608,161,0.934948,2864
1032232,1198608,160,0.936352,2864
1030656,1198608,160,0.937126,2864
1027056,1198608,161,0.938776,2864
1027736,1198608,160,0.938471,2864
1025024,1198608,161,0.939669,2864
1021912,1198608,161,0.941008,2864
1023176,1198608,160,0.940469,2888
1024776,1198608,159,0.939776,2912
1025216,1198608,158,0.939586,2912
1022416,1198608,159,0.940778,2912
1023568,1198608,158,0.940273,2960
1027472,1198608,158,0.938546,2960
1023568,1198608,158,0.940273,2960
1022488,1198608,159,0.940728,2960
1020432,1198608,159,0.941595,2960
1017648,1198608,159,0.942723,2960
1013576,1198608,160,0.944270,2960
1017504,1198608,160,0.942761,2960
1017784,1198608,159,0.942648,2968
1017264,1198608,160,0.942851,2968
1019040,1198608,159,0.942142,2992
1015056,1198608,159,0.943724,2944
1016408,1198608,159,0.943191,2944
1019800,1198608,159,0.941838,2944
1021840,1198608,158,0.941001,2952
1022712,1198608,157,0.940621,2992
1021400,1198608,157,0.941186,2992
1019032,1198608,158,0.942146,2992
1021736,1198608,157,0.941048,2992
1021576,1198608,157,0.941134,2992
1023960,1198608,157,0.940113,2992
1022168,1198608,156,0.940908,2992
1023192,1198608,156,0.940459,2992
1024104,1198608,155,0.940058,3024
1021744,1198608,155,0.941071,3024
1017976,1198608,155,0.942607,3024
1014200,1198608,155,0.944069,3024
1014320,1198608,154,0.944024,3024
1016464,1198608,153,0.943203,3048
1017416,1198608,152,0.942835,3048
1018072,1198608,151,0.942566,3080
1019792,1198608,151,0.941864,3080
1021424,1198608,150,0.941180,3128
1018656,1198608,151,0.942298,3128
1021824,1198608,151,0.940995,3128
1019312,1198608,152,0.942021,3120
1021344,1198608,152,0.941176,3120
1022352,1198608,152,0.940738,3120
1020808,1198608,152,0.941396,3120
1020832,1198608,151,0.941387,3120
1024360,1198608,150,0.939894,3152
1026840,1198608,149,0.938790,3192
1024480,1198608,150,0.939825,3192
1025680,1198608,149,0.939303,3192
1029680,1198608,149,0.937474,3192
1028088,1198608,149,0.938228,3192
1031576,1198608,149,0.936579,3192
1034320,1198608,148,0.935225,3216
1032104,1198608,149,0.936313,3216
1028344,1198608,149,0.938101,3216
1031136,1198608,148,0.936796,3224
1033024,1198608,147,0.935870,3256
1033568,1198608,146,0.935603,3256
1036504,1198608,146,0.934095,3256
1035896,1198608,147,0.934408,3256
1036424,1198608,146,0.934136,3256
1037976,1198608,146,0.933299,3256
1041904,1198608,146,0.931125,3256
1039872,1198608,146,0.932280,3256
1037608,1198608,147,0.933502,3240
1040120,1198608,147,0.932127,3240
1041752,1198608,147,0.931193,3240
1042936,1198608,147,0.930491,3240
1040832,1198608,147,0.931707,3240
1037480,1198608,148,0.933519,3240
1038424,1198608,147,0.933006,3264
1035304,1198608,147,0.934657,3264
1037224,1198608,147,0.933641,3264
1037632,1198608,146,0.933426,3264
1041096,1198608,146,0.931520,3264
1037864,1198608,145,0.933329,3264
1039072,1198608,145,0.932658,3264
1041336,1198608,144,0.931404,3280
1043720,1198608,144,0.930014,3280
1042296,1198608,145,0.930844,3264
1046176,1198608,145,0.928533,3264
1049392,1198608,144,0.926491,3312
1045744,1198608,145,0.928765,3312
1048896,1198608,145,0.926778,3312
1045432,1198608,145,0.928953,3312
1045072,1198608,146,0.929174,3304
1045272,1198608,145,0.929054,3304
1044400,1198608,146,0.929573,3304
1048360,1198608,146,0.927124,3304
1048176,1198608,147,0.927240,3304
1046064,1198608,148,0.928547,3304
1046032,1198608,148,0.928596,3304
1044936,1198608,148,0.929283,3304
1043384,1198608,148,0.930223,3304
1044512,1198608,147,0.929559,3312
1042088,1198608,147,0.930989,3312
1041856,1198608,148,0.931120,3312
1041768,1198608,149,0.931170,3312
1042328,1198608,148,0.930853,3312
1045136,1198608,148,0.929188,3312
1047512,1198608,148,0.927711,3312
1048544,1198608,148,0.927033,3312
1051232,1198608,148,0.925256,3312
1051696,1198608,147,0.924930,3336
1049712,1198608,148,0.926238,3336
1052600,1198608,148,0.924286,3336
1053600,1198608,148,0.923564,3336
1052056,1198608,149,0.924623,3336
1052104,1198608,148,0.924591,3336
1050616,1198608,148,0.925627,3320
1047840,1198608,148,0.927441,3320
1050792,1198608,148,0.925511,3320
1048528,1198608,149,0.926987,3304
1045640,1198608,149,0.928804,3304
1047784,1198608,149,0.927456,3304
1048096,1198608,148,0.927260,3304
1048224,1198608,147,0.927179,3304
1044792,1198608,148,0.929283,3304
1042488,1198608,147,0.930684,3304
1045968,1198608,147,0.928605,3304
1049912,1198608,147,0.926098,3304
1047696,1198608,147,0.927541,3304
1049464,1198608,147,0.926388,3304
1048488,1198608,147,0.927043,3304
1049272,1198608,146,0.926537,3312
1050472,1198608,146,0.925727,3312
1051768,1198608,146,0.924834,3312
1054728,1198608,146,0.922754,3312
1054792,1198608,145,0.922709,3312
1051416,1198608,144,0.925102,3312
1050816,1198608,145,0.925511,3296
1053184,1198608,144,0.923913,3296
1051656,1198608,145,0.924979,3256
1048440,1198608,146,0.927073,3256
1045904,1198608,146,0.921473,3256
1042832,1198608,147,0.923469,3256
1043152,1198608,146,0.923266,3256
1045944,1198608,146,0.921414,3256
1043136,1198608,146,0.923276,3256
1042640,1198608,146,0.923621,3256
1044080,1198608,146,0.922670,3256
1046848,1198608,146,0.920806,3256
1049632,1198608,146,0.918837,3256
1047976,1198608,147,0.920000,3256
1046712,1198608,148,0.920865,3256
1043664,1198608,147,0.922938,3256
1041256,1198608,147,0.924484,3256
1042872,1198608,146,0.923449,3296
1046264,1198608,145,0.921210,3336
1050096,1198608,145,0.918517,3336
1053320,1198608,145,0.916098,3336
1054288,1198608,145,0.915318,3336
1057328,1198608,145,0.912853,3336
1056136,1198608,146,0.913821,3336
1055592,1198608,147,0.914288,3296
1056608,1198608,147,0.913434,3296
1057056,1198608,146,0.913030,3344
1055016,1198608,146,0.914705,3344
1056376,1198608,146,0.913583,3344
1053576,1198608,146,0.915823,3344
1050616,1198608,146,0.918066,3344
1053984,1198608,146,0.915509,3344
1052616,1198608,146,0.916588,3344
1051944,1198608,147,0.917097,3336
1052624,1198608,146,0.916588,3336
1054720,1198608,146,0.914944,3336
1053776,1198608,146,0.915713,3336
1051296,1198608,147,0.917576,3336
1050640,1198608,148,0.918078,3304
1050840,1198608,147,0.917933,3304
1054880,1198608,147,0.914843,3304
1051272,1198608,146,0.917652,3304
1048704,1198608,146,0.919527,3304
1052328,1198608,146,0.916870,3304
1051352,1198608,147,0.917593,3304
1049992,1198608,147,0.918614,3304
1049576,1198608,148,0.918911,3304
1045744,1198608,148,0.921579,3304
1043672,1198608,148,0.922964,3304
1043712,1198608,147,0.922938,3304
1045480,1198608,147,0.921754,3304
1043272,1198608,147,0.923220,3304
1044216,1198608,146,0.922603,3320
1046992,1198608,146,0.920730,3320
1047984,1198608,146,0.920017,3320
1043888,1198608,146,0.922784,3320
1045792,1198608,146,0.921505,3320
1046016,1198608,145,0.921355,3320
1047648,1198608,144,0.920243,3328
1048064,1198608,143,0.919956,3328
1047032,1198608,143,0.920697,3328
1048664,1198608,143,0.919538,3328
1046024,1198608,143,0.921377,3328
1049384,1198608,143,0.919031,3328
1053064,1198608,143,0.916299,3328
1049992,1198608,143,0.918597,3328
1046504,1198608,143,0.921054,3328
1047552,1198608,143,0.920309,3328
1050472,1198608,142,0.918240,3344
1047360,1198608,142,0.920394,3344
1048824,1198608,141,0.919350,3384
1047080,1198608,141,0.920590,3384
1050736,1198608,141,0.917984,3384
1048528,1198608,142,0.919558,3384
1046896,1198608,143,0.920683,3384
1046176,1198608,143,0.921201,3384
1049344,1198608,143,0.918983,3384
1050576,1198608,142,0.918077,3416
1050792,1198608,141,0.917920,3416
1049072,1198608,141,0.919187,3416
1053088,1198608,141,0.916214,3416
1052000,1198608,140,0.917103,3416
1048368,1198608,141,0.919714,3416
1046608,1198608,141,0.920954,3416
1047952,1198608,141,0.920003,3416
1046912,1198608,141,0.920748,3416
1049544,1198608,140,0.918909,3432
1053328,1198608,140,0.916093,3432
1056928,1198608,139,0.913262,3432
1055040,1198608,140,0.914795,3400
1051112,1198608,141,0.917768,3400
1054408,1198608,141,0.915251,3400
1057904,1198608,141,0.912408,3400
1056272,1198608,142,0.913779,3352
1053120,1198608,143,0.916238,3352
1053592,1198608,143,0.915842,3352
1054664,1198608,143,0.914976,3352
1050736,1198608,143,0.917972,3352
1052952,1198608,143,0.916293,3352
1051648,1198608,144,0.917280,3336
1055352,1198608,144,0.914410,3336
1053080,1198608,144,0.916208,3336
1050536,1198608,144,0.918129,3336
1051200,1198608,143,0.917628,3360
1048640,1198608,143,0.919496,3360
1045712,1198608,143,0.921527,3360
1046744,1198608,143,0.920802,3360
1048320,1198608,143,0.919686,3360
1051000,1198608,142,0.917757,3384
1049824,1198608,143,0.918607,3384
1053824,1198608,143,0.915603,3384
1051680,1198608,143,0.917257,3384
1050544,1198608,144,0.918112,3352
1054544,1198608,144,0.915070,3352
1055608,1198608,144,0.914195,3352
1054144,1198608,145,0.915344,3352
1055808,1198608,144,0.914022,3368
1052632,1198608,144,0.916540,3344
1050248,1198608,144,0.918331,3344
1050152,1198608,145,0.918400,3344
1047968,1198608,144,0.920008,3344
1044864,1198608,144,0.922129,3344
1047288,1198608,144,0.920476,3344
1044864,1198608,145,0.922098,3344
1048304,1198608,145,0.919742,3344
1050360,1198608,145,0.918251,3344
1053720,1198608,145,0.915714,3344
1053088,1198608,146,0.916232,3296
1051344,1198608,147,0.917534,3296
1051480,1198608,146,0.917434,3296
1051880,1198608,145,0.917138,3296
1051360,1198608,145,0.917593,3248
1053040,1198608,145,0.916305,3248
1049648,1198608,145,0.918830,3248
1045800,1198608,145,0.921511,3248
1046488,1198608,144,0.921045,3256
1049760,1198608,143,0.918767,3272
1047392,1198608,143,0.920454,3272
1045096,1198608,144,0.921993,3272
1042456,1198608,145,0.923691,3272
1045360,1198608,145,0.921787,3272
1044600,1198608,146,0.922312,3232
1047704,1198608,145,0.920201,3280
1050936,1198608,145,0.917879,3280
1052928,1198608,144,0.916378,3312
1056880,1198608,144,0.913242,3312
1059544,1198608,144,0.910979,3312
1058632,1198608,145,0.911780,3280
1054560,1198608,146,0.915076,3280
1051008,1198608,147,0.917786,3240
1052592,1198608,147,0.916577,3240
1056160,1198608,146,0.913785,3264
1060256,1198608,146,0.910324,3264
1057888,1198608,147,0.912335,3264
1059688,1198608,147,0.910774,3264
1056032,1198608,148,0.913811,3264
1056280,1198608,147,0.913612,3264
1053240,1198608,147,0.916032,3264
1056784,1198608,147,0.913203,3264
1053832,1198608,147,0.915578,3264
1054080,1198608,146,0.915374,3280
1050920,1198608,146,0.917786,3280
1053056,1198608,146,0.916159,3280
1051872,1198608,146,0.917085,3280
1050296,1198608,146,0.918274,3280
1049032,1198608,147,0.919193,3256
1051664,1198608,146,0.917292,3256
1052504,1198608,145,0.916661,3264
1055728,1198608,145,0.914131,3264
1054512,1198608,146,0.915089,3264
1056304,1198608,145,0.913670,3264
1054504,1198608,145,0.915132,3264
1052808,1198608,146,0.916432,3264
1049488,1198608,146,0.918909,3248
1046336,1198608,146,0.921121,3248
1047312,1198608,145,0.920459,3248
1046320,1198608,145,0.921164,3248
1043352,1198608,146,0.923108,3248
1041576,1198608,147,0.924240,3224
1045152,1198608,147,0.921925,3224
1042304,1198608,147,0.923786,3224
1039136,1198608,148,0.925724,3224
1038720,1198608,148,0.926004,3216
1035648,1198608,149,0.927778,3216
1034808,1198608,149,0.928301,3168
1031872,1198608,148,0.929947,3168
1031152,1198608,148,0.930356,3160
1034128,1198608,148,0.928734,3160
1030552,1198608,148,0.930669,3160
1028376,1198608,149,0.931781,3160
1024504,1198608,149,0.933696,3160
1020456,1198608,150,0.935572,3144
1016632,1198608,151,0.937242,3144
1018408,1198608,150,0.936467,3168
1018952,1198608,149,0.936229,3168
1018232,1198608,149,0.936565,3168
1020640,1198608,148,0.935493,3184
1020088,1198608,149,0.935744,3176
1019840,1198608,150,0.935854,3176
1018032,1198608,150,0.936669,3176
1020592,1198608,149,0.935525,3208
1017400,1198608,150,0.936928,3208
1016056,1198608,150,0.937520,3208
1012688,1198608,150,0.938928,3208
1012080,1198608,151,0.939172,3208
1013416,1198608,151,0.938614,3208
1012368,1198608,152,0.939038,3208
1009032,1198608,152,0.940367,3208
1012832,1198608,151,0.938861,3232
1016704,1198608,151,0.937236,3232
1019552,1198608,151,0.935978,3232
1018840,1198608,152,0.936292,3232
1019000,1198608,151,0.936222,3232
1019984,1198608,150,0.935779,3248
1022112,1198608,149,0.934795,3296
1025072,1198608,149,0.933383,3296
1022648,1198608,148,0.934570,3296
1025304,1198608,148,0.933295,3296
1021776,1198608,149,0.934949,3296
1018248,1198608,149,0.936558,3264
1018800,1198608,148,0.936313,3272
1022464,1198608,147,0.934651,3304
1026160,1198608,147,0.932877,3304
1026688,1198608,146,0.932595,3352
1026024,1198608,146,0.932955,3328
1027624,1198608,146,0.932145,3328
1030728,1198608,146,0.930540,3328
1032056,1198608,146,0.929815,3328
1032184,1198608,145,0.929747,3328
1031576,1198608,146,0.930070,3328
1032536,1198608,146,0.929533,3328
1029832,1198608,147,0.930954,3328
1031944,1198608,147,0.929823,3328
1032360,1198608,146,0.929589,3352
1035392,1198608,146,0.927899,3352
1038728,1198608,145,0.925966,3368
1041408,1198608,144,0.924330,3392
1044240,1198608,144,0.922505,3392
1040840,1198608,143,0.924709,3392
1040592,1198608,144,0.924870,3376
1037664,1198608,145,0.926614,3376
1040432,1198608,145,0.924938,3376
1037408,1198608,145,0.926763,3376
1037936,1198608,145,0.926428,3376
1034328,1198608,146,0.928479,3376
1033888,1198608,147,0.928721,3376
1029848,1198608,147,0.930896,3376
1028048,1198608,147,0.931837,3376
1026480,1198608,148,0.932631,3344
1028592,1198608,148,0.931555,3344
1026768,1198608,149,0.932473,3328
1023168,1198608,149,0.934224,3328
1023144,1198608,150,0.934235,3328
1026032,1198608,150,0.932834,3328
1024536,1198608,151,0.933555,3328
1020720,1198608,152,0.935327,3328
1020392,1198608,153,0.935478,3320
1024408,1198608,152,0.933597,3368
1021432,1198608,152,0.935007,3368
1024312,1198608,152,0.933643,3368
1027056,1198608,152,0.932288,3368
1030712,1198608,151,0.930414,3392
1031128,1198608,150,0.930183,3416
1032608,1198608,149,0.929387,3432
1030576,1198608,149,0.930490,3432
1026888,1198608,149,0.932387,3432
1023528,1198608,148,0.934052,3432
1023112,1198608,149,0.934246,3432
1026256,1198608,149,0.932721,3432
1023504,1198608,150,0.934052,3408
1024912,1198608,149,0.933364,3448
1022064,1198608,149,0.934725,3448
1024744,1198608,149,0.933445,3448
1026464,1198608,149,0.932588,3448
1027968,1198608,148,0.931821,3488
1024456,1198608,149,0.933544,3480
1027976,1198608,148,0.931821,3480
1031288,1198608,148,0.930091,3480
1028352,1198608,149,0.931607,3480
1027648,1198608,150,0.931961,3480
1024416,1198608,150,0.933563,3480
1025208,1198608,149,0.933179,3488
1022048,1198608,149,0.934692,3488
1024056,1198608,149,0.933730,3488
1026224,1198608,149,0.932662,3488
1023488,1198608,150,0.933984,3472
1026048,1198608,149,0.932740,3504
1027592,1198608,149,0.931953,3504
1024936,1198608,148,0.933303,3504
1028024,1198608,148,0.931761,3504
1026192,1198608,149,0.932670,3504
1029784,1198608,149,0.930839,3504
1028080,1198608,150,0.931712,3496
1025312,1198608,151,0.933079,3496
1026944,1198608,151,0.932256,3496
1028992,1198608,151,0.931201,3496
1031176,1198608,151,0.930040,3496
1031960,1198608,150,0.929610,3520
1035240,1198608,150,0.927782,3520
1033104,1198608,149,0.929018,3520
1033784,1198608,148,0.928646,3520
1034096,1198608,147,0.928474,3520
1030800,1198608,147,0.930276,3520
1034360,1198608,147,0.928328,3520
1032088,1198608,147,0.929593,3520
1031736,1198608,148,0.929781,3520
1030712,1198608,148,0.930347,3520
1027232,1198608,148,0.932149,3520
1028504,1198608,147,0.931502,3536
1031328,1198608,147,0.930015,3536
1028984,1198608,148,0.931233,3536
1026024,1198608,149,0.932725,3512
1029584,1198608,149,0.930913,3512
1033608,1198608,149,0.928747,3512
1035344,1198608,149,0.927755,3512
1032128,1198608,149,0.928576,3512
1035688,1198608,149,0.926559,3512
1032544,1198608,150,0.928323,3512
1032720,1198608,149,0.928226,3512
1036808,1198608,149,0.925881,3512
1037272,1198608,149,0.925581,3512
1040400,1198608,148,0.923678,3528
1041528,1198608,147,0.922940,3576
1038392,1198608,147,0.924904,3576
1036376,1198608,148,0.926101,3568
1038472,1198608,148,0.924832,3568
1040000,1198608,148,0.923871,3568
1040688,1198608,147,0.923438,3576
1040648,1198608,148,0.923463,3576
1042336,1198608,148,0.922364,3576
1045680,1198608,147,0.920123,3624
1048384,1198608,147,0.918207,3624
1051536,1198608,147,0.915860,3624
1050608,1198608,147,0.916601,3608
1053448,1198608,147,0.914405,3608
1050112,1198608,148,0.916944,3592
1046448,1198608,148,0.919586,3592
1048992,1198608,148,0.917759,3592
1046800,1198608,147,0.919376,3592
1047344,1198608,146,0.918997,3592
1049552,1198608,146,0.917389,3592
1045808,1198608,146,0.920057,3592
1048176,1198608,146,0.918377,3592
1047144,1198608,146,0.919170,3544
1050904,1198608,145,0.916429,3592
1049272,1198608,145,0.917661,3592
1051904,1198608,145,0.915678,3592
1049720,1198608,146,0.917301,3592
1052552,1198608,146,0.915148,3592
1048768,1198608,147,0.917955,3592
1046184,1198608,148,0.919767,3592
1047256,1198608,147,0.919020,3600
1045128,1198608,148,0.920480,3600
1043976,1198608,148,0.921312,3552
1047056,1198608,147,0.919204,3584
1044352,1198608,146,0.921106,3584
1046136,1198608,146,0.919872,3584
1049736,1198608,146,0.917295,3584
1051664,1198608,146,0.915830,3584
1048744,1198608,146,0.918024,3568
1051928,1198608,145,0.915678,3568
1047904,1198608,145,0.918655,3568
1050800,1198608,145,0.916524,3568
1050672,1198608,146,0.916619,3568
1050736,1198608,145,0.916572,3568
1047696,1198608,145,0.918801,3568
1048320,1198608,144,0.918360,3568
1046056,1198608,144,0.919970,3568
1044928,1198608,145,0.920765,3520
1048808,1198608,145,0.918047,3520
1047864,1198608,144,0.918801,3496
1051808,1198608,144,0.915896,3496
1053536,1198608,144,0.914536,3496
1050872,1198608,144,0.916596,3496
1052392,1198608,144,0.915417,3496
1050392,1198608,144,0.916968,3472
1047416,1198608,144,0.919131,3472
1048656,1198608,144,0.918224,3472
1050888,1198608,144,0.916566,3472
1049560,1198608,144,0.917574,3472
1045872,1198608,143,0.920226,3472
1049144,1198608,143,0.917909,3472
1046768,1198608,144,0.919580,3472
1046232,1198608,145,0.919975,3432
1043624,1198608,146,0.921722,3424
1041960,1198608,146,0.922834,3408
1042992,1198608,146,0.922143,3408
1046112,1198608,146,0.920041,3408
1047760,1198608,146,0.918868,3408
1050624,1198608,146,0.916773,3408
1051384,1198608,145,0.916196,3424
1047912,1198608,145,0.918762,3408
1045608,1198608,146,0.920350,3408
1045024,1198608,146,0.920786,3392
1041832,1198608,147,0.922875,3376
1038248,1198608,147,0.897146,3376
1035688,1198608,148,0.899231,3344
1037184,1198608,148,0.897999,3344
1039112,1198608,148,0.896379,3344
1035992,1198608,148,0.898953,3344
1034272,1198608,148,0.900334,3344
1033200,1198608,149,0.901160,3336
1037104,1198608,149,0.898070,3336
1039616,1198608,149,0.895964,3336
1042760,1198608,149,0.893212,3336
1041936,1198608,149,0.893978,3336
1044904,1198608,149,0.891281,3336
1047960,1198608,149,0.888358,3336
1046056,1198608,148,0.890259,3336
1044272,1198608,148,0.891944,3336
1042624,1198608,148,0.893459,3336
1044664,1198608,148,0.891588,3336
1045984,1198608,147,0.890371,3336
1045576,1198608,148,0.890750,3336
1049040,1198608,148,0.887398,3336
1047496,1198608,148,0.888943,3336
1048608,1198608,148,0.887821,3336
1045072,1198608,149,0.891171,3336
1044848,1198608,150,0.891376,3336
1042680,1198608,150,0.893368,3336
1040584,1198608,150,0.895226,3336
1038544,1198608,150,0.896975,3336
1041152,1198608,149,0.894775,3344
1044672,1198608,148,0.891646,3360
1047064,1198608,148,0.889377,3360
1049128,1198608,147,0.887351,3392
1047432,1198608,148,0.889034,3352
1049712,1198608,147,0.886796,3368
1053760,1198608,147,0.882572,3368
1054352,1198608,146,0.881917,3384
1051552,1198608,147,0.884871,3384
1049968,1198608,147,0.886525,3384
1050952,1198608,146,0.885517,3400
1047768,1198608,147,0.888666,3400
1051640,1198608,147,0.884764,3400
1052368,1198608,146,0.884009,3400
1056328,1198608,146,0.879668,3400
1055984,1198608,147,0.880063,3392
1052424,1198608,147,0.883959,3392
1050144,1198608,148,0.886309,3376
1048000,1198608,148,0.888466,3376
1051600,1198608,147,0.884830,3424
1049584,1198608,147,0.886916,3424
1051848,1198608,146,0.884591,3456
1052024,1198608,145,0.884408,3456
1055200,1198608,144,0.881010,3464
1054344,1198608,145,0.881943,3464
1056904,1198608,145,0.879054,3464
1053112,1198608,145,0.883261,3464
1053280,1198608,144,0.883083,3464
1057200,1198608,144,0.878717,3464
1053624,1198608,145,0.882666,3464
1055736,1198608,145,0.880312,3464
1055056,1198608,146,0.881063,3464
1051096,1198608,147,0.885256,3464
1050176,1198608,147,0.886277,3424
1049408,1198608,148,0.887066,3400
1051096,1198608,147,0.885322,3448
1054528,1198608,147,0.881657,3448
1055208,1198608,146,0.880914,3448
1056840,1198608,146,0.879036,3448
1058336,1198608,146,0.877257,3448
1059520,1198608,145,0.875800,3496
1057352,1198608,144,0.878452,3496
1060872,1198608,144,0.874219,3496
1056992,1198608,144,0.878863,3496
1060816,1198608,144,0.874288,3496
1056912,1198608,144,0.878954,3496
1054584,1198608,145,0.881544,3496
1053512,1198608,145,0.882751,3496
1050992,1198608,145,0.885428,3496
1052136,1198608,144,0.884251,3496
1053984,1198608,144,0.882245,3496
1053520,1198608,145,0.882768,3472
1052032,1198608,146,0.884334,3472
1051904,1198608,147,0.884466,3472
1048656,1198608,147,0.887782,3472
1046888,1198608,147,0.889529,3472
1047536,1198608,146,0.888912,3472
1049440,1198608,146,0.887011,3472
1051320,1198608,146,0.885068,3472
1051552,1198608,145,0.884830,3472
1055056,1198608,145,0.881054,3472
1055408,1198608,144,0.880667,3472
1058000,1198608,144,0.877677,3472
1055208,1198608,145,0.880843,3464
1051264,1198608,146,0.885035,3464
1052352,1198608,146,0.883858,3464
1056312,1198608,146,0.879506,3464
1054232,1198608,146,0.881883,3440
1053016,1198608,147,0.883185,3440
1054584,1198608,147,0.881448,3440
1056936,1198608,147,0.878772,3440
1054824,1198608,147,0.881186,3440
1054920,1198608,146,0.881081,3440
1054336,1198608,147,0.881753,3408
1053104,1198608,147,0.883134,3400
1052056,1198608,147,0.884309,3376
1054640,1198608,147,0.881509,3376
1052944,1198608,148,0.883329,3376
1055824,1198608,148,0.880152,3376
1054304,1198608,148,0.881900,3352
1055168,1198608,148,0.880905,3352
1058920,1198608,148,0.876571,3352
1062000,1198608,148,0.872759,3352
1059552,1198608,149,0.875762,3352
1060312,1198608,148,0.874806,3384
1058584,1198608,148,0.876938,3376
1057248,1198608,148,0.878543,3376
1054688,1198608,148,0.881457,3376
1054752,1198608,147,0.881387,3376
1055088,1198608,146,0.881010,3384
1055640,1198608,145,0.880401,3384
1055096,1198608,146,0.881002,3384
1055176,1198608,145,0.880914,3384
1054440,1198608,146,0.881718,3384
1055040,1198608,145,0.881054,3392
1054360,1198608,146,0.881796,3392
1054720,1198608,145,0.881396,3400
1052176,1198608,145,0.884159,3400
1054264,1198608,144,0.881917,3424
1050552,1198608,144,0.885850,3424
1053192,1198608,144,0.883066,3424
1052416,1198608,144,0.883934,3424
1051328,1198608,144,0.885109,3424
1054008,1198608,144,0.882245,3424
1056800,1198608,144,0.879109,3424
1054128,1198608,144,0.882116,3424
1056824,1198608,143,0.879090,3464
1054864,1198608,144,0.881300,3440
1050816,1198608,144,0.885615,3440
1053040,1198608,143,0.883295,3456
1051208,1198608,144,0.885199,3456
1053592,1198608,144,0.882657,3456
1053608,1198608,143,0.882640,3456
1052392,1198608,144,0.883925,3456
1053384,1198608,143,0.882853,3480
1049336,1198608,144,0.887011,3480
1051352,1198608,144,0.884929,3480
1050216,1198608,145,0.886084,3480
1051368,1198608,145,0.884863,3480
1048776,1198608,146,0.887469,3480
1050384,1198608,145,0.885858,3488
1047040,1198608,146,0.889187,3440
1049240,1198608,146,0.887003,3440
1049064,1198608,147,0.887177,3440
1048560,1198608,148,0.887680,3432
1052560,1198608,147,0.883573,3480
1056272,1198608,147,0.879479,3480
1054800,1198608,148,0.881133,3464
1057656,1198608,148,0.877862,3464
1057624,1198608,149,0.877899,3464
1057656,1198608,148,0.877862,3464
1054864,1198608,148,0.881063,3464
1052232,1198608,148,0.883950,3448
1051552,1198608,149,0.884657,3448
1048288,1198608,150,0.887930,3448
1045536,1198608,151,0.890550,3448
1044552,1198608,152,0.891471,3432
1048416,1198608,152,0.887774,3432
1050848,1198608,152,0.885297,3432
1047536,1198608,152,0.888628,3432
1046400,1198608,153,0.889726,3416
1043696,1198608,153,0.892262,3416
1043152,1198608,154,0.892750,3416
1045600,1198608,154,0.890475,3416
1043576,1198608,154,0.892370,3416
1043128,1198608,155,0.892772,3416
1044808,1198608,154,0.891237,3432
1043080,1198608,154,0.892843,3432
1045304,1198608,154,0.890780,3432
1042720,1198608,154,0.893163,3432
1046344,1198608,153,0.889831,3456
1044816,1198608,153,0.891296,3456
1048880,1198608,152,0.887429,3464
1049872,1198608,151,0.886437,3472
1048680,1198608,150,0.887712,3472
1048704,1198608,149,0.887688,3472
1049616,1198608,149,0.886741,3472
1050784,1198608,148,0.885517,3520
1052168,1198608,147,0.884092,3520
1055224,1198608,147,0.880764,3520
1053616,1198608,148,0.882520,3512
1056264,1198608,148,0.879560,3512
1058632,1198608,148,0.876778,3512
1061048,1198608,148,0.873805,3512
1057048,1198608,149,0.878617,3464
1058728,1198608,148,0.876646,3480
1055104,1198608,149,0.880808,3456
1058048,1198608,149,0.877416,3456
1056352,1198608,149,0.879416,3456
1056584,1198608,148,0.879154,3456
1057352,1198608,147,0.878240,3488
1053496,1198608,147,0.882572,3488
1053648,1198608,146,0.882409,3488
1053328,1198608,146,0.882802,3488
1054032,1198608,145,0.882047,3488
1050496,1198608,146,0.885745,3488
1053120,1198608,146,0.882973,3488
1051592,1198608,147,0.884574,3488
1053176,1198608,146,0.882879,3520
1050968,1198608,146,0.885232,3520
1052096,1198608,145,0.884051,3536
1049472,1198608,145,0.886773,3536
1052376,1198608,145,0.883758,3536
1050744,1198608,145,0.885493,3536
1053976,1198608,145,0.882056,3536
1050168,1198608,145,0.886076,3536
1047872,1198608,145,0.888389,3536
1049248,1198608,144,0.887035,3544
1046056,1198608,145,0.890109,3544
1048168,1198608,144,0.888071,3568
1048088,1198608,145,0.888148,3568
1046840,1198608,145,0.889423,3536
1047096,1198608,144,0.889179,3536
1051184,1198608,144,0.885093,3536
1049808,1198608,145,0.886493,3528
1050704,1198608,145,0.885542,3528
1050784,1198608,144,0.885460,3528
1047072,1198608,144,0.889164,3528
1045296,1198608,145,0.890854,3504
1044512,1198608,146,0.891581,3496
1048440,1198608,146,0.887829,3496
1050880,1198608,146,0.885346,3496
1052904,1198608,146,0.883193,3496
1052880,1198608,147,0.883219,3496
1056152,1198608,147,0.879596,3496
1055160,1198608,148,0.880711,3488
1054632,1198608,149,0.881291,3488
1056104,1198608,148,0.879641,3504
1059816,1198608,148,0.875261,3504
1057128,1198608,149,0.878424,3504
1053904,1198608,150,0.882013,3504
1051928,1198608,151,0.884134,3480
1052920,1198608,150,0.883083,3488
1053704,1198608,149,0.882237,3496
1050424,1198608,149,0.885712,3496
1052440,1198608,149,0.883581,3496
1055064,1198608,149,0.880702,3496
1054616,1198608,150,0.881247,3448
1058216,1198608,150,0.877117,3448
1056560,1198608,150,0.879081,3448
1059936,1198608,150,0.875068,3448
1056480,1198608,150,0.879172,3448
1053208,1198608,150,0.882819,3448
1056184,1198608,150,0.879506,3448
1053968,1198608,151,0.881952,3448
1054400,1198608,150,0.881483,3448
1054768,1198608,149,0.881046,3480
1054720,1198608,149,0.881151,3480
1058800,1198608,149,0.876448,3480
1056776,1198608,149,0.878854,3480
1057888,1198608,148,0.877518,3528
1055336,1198608,148,0.880472,3528
1055472,1198608,147,0.880321,3528
1053328,1198608,148,0.882683,3504
1050936,1198608,148,0.885232,3504
1047336,1198608,149,0.888797,3504
1048320,1198608,149,0.887798,3504
1049368,1198608,149,0.886717,3504
1051296,1198608,148,0.884756,3512
1049792,1198608,148,0.886373,3472
1048456,1198608,148,0.887743,3472
1050568,1198608,148,0.885591,3472
1047416,1198608,149,0.888705,3472
1048536,1198608,149,0.887571,3472
1047352,1198608,150,0.888766,3424
1050096,1198608,150,0.886020,3424
1050272,1198608,149,0.885842,3424
1049728,1198608,149,0.886437,3424
1046488,1198608,149,0.889635,3424
1044720,1198608,150,0.891281,3424
1046928,1198608,149,0.889210,3432
1047744,1198608,148,0.888427,3432
1048880,1198608,148,0.887272,3432
1046624,1198608,149,0.889453,3432
1050536,1198608,148,0.885582,3464
1048320,1198608,148,0.887837,3464
1049848,1198608,147,0.886325,3464
1049832,1198608,148,0.886341,3464
1051880,1198608,148,0.884201,3464
1050032,1198608,149,0.886092,3464
1050656,1198608,148,0.885460,3464
1047224,1198608,149,0.888851,3464
1046904,1198608,149,0.889202,3464
1049176,1198608,148,0.886971,3488
1050536,1198608,148,0.885558,3488
1049240,1198608,149,0.886860,3488
1049632,1198608,148,0.886461,3496
1047544,1198608,149,0.888512,3496
1050896,1198608,149,0.885134,3496
1047832,1198608,149,0.888249,3480
1049128,1198608,148,0.886979,3480
1045112,1198608,149,0.890824,3480
1048736,1198608,149,0.887319,3480
1046208,1198608,150,0.889756,3480
1048352,1198608,150,0.887649,3480
1045944,1198608,151,0.889974,3464
1047752,1198608,150,0.888226,3488
1045944,1198608,151,0.889974,3464
1042824,1198608,151,0.892871,3464
1046072,1198608,150,0.889876,3488
1048728,1198608,150,0.887272,3488
1047968,1198608,151,0.888032,3472
1046576,1198608,150,0.889461,3472
1048064,1198608,149,0.888032,3472
1051288,1198608,149,0.884756,3472
1049384,1198608,149,0.886733,3472
1053352,1198608,149,0.882589,3472
1052008,1198608,149,0.884084,3448
1051696,1198608,150,0.884408,3448
1049272,1198608,150,0.886916,3448
1045304,1198608,150,0.890765,3448
1043808,1198608,150,0.892176,3448
1047800,1198608,150,0.888404,3448
1046592,1198608,151,0.889559,3448
1049960,1198608,151,0.886229,3448
1048888,1198608,152,0.887295,3448
1052088,1198608,151,0.884034,3464
1051912,1198608,152,0.884217,3464
1052208,1198608,151,0.883909,3464
1050624,1198608,151,0.885591,3464
1049456,1198608,151,0.886860,3416
1045880,1198608,151,0.890348,3416
1043488,1198608,151,0.892593,3400
1046368,1198608,151,0.889906,3400
1047440,1198608,150,0.888889,3400
1044752,1198608,151,0.891405,3400
1042528,1198608,151,0.893445,3400
1044408,1198608,150,0.891741,3424
1046720,1198608,150,0.889552,3424
1045488,1198608,151,0.890735,3392
1045912,1198608,150,0.890319,3416
1042824,1198608,151,0.893163,3376
1046864,1198608,151,0.889415,3376
1044656,1198608,152,0.891471,3376
1048080,1198608,152,0.888203,3376
1044280,1198608,152,0.891836,3352
1048088,1198608,152,0.888218,3352
1049872,1198608,151,0.886453,3360
1049024,1198608,152,0.887295,3360
1052744,1198608,152,0.883455,3360
1052680,1198608,153,0.883523,3360
1055760,1198608,152,0.880134,3408
1058680,1198608,152,0.876731,3408
1061624,1198608,152,0.873100,3408
1059392,1198608,152,0.875886,3408
1060088,1198608,151,0.875039,3416
1057032,1198608,152,0.878635,3416
1057544,1198608,151,0.878028,3432
1056752,1198608,152,0.878945,3424
1057904,1198608,152,0.877565,3424
1058640,1198608,151,0.876703,3424
1055416,1198608,152,0.880392,3424
1056704,1198608,152,0.878890,3424
1060160,1198608,152,0.874767,3424
1059600,1198608,152,0.875502,3424
1061312,1198608,152,0.873349,3424
1059808,1198608,152,0.875252,3424
1059392,1198608,153,0.875781,3400
1063384,1198608,153,0.911264,3400
1061928,1198608,152,0.912652,3368
1063200,1198608,152,0.911499,3368
1065720,1198608,151,0.909210,3368
1068280,1198608,150,0.906745,3384
1067192,1198608,150,0.907856,3376
1070040,1198608,149,0.904999,3416
1068736,1198608,149,0.906358,3416
1071712,1198608,148,0.903305,3424
1069696,1198608,149,0.905389,3424
1071880,1198608,148,0.903101,3448
1067792,1198608,148,0.907300,3448
1066920,1198608,148,0.908185,3448
1065352,1198608,148,0.909700,3448
1067056,1198608,147,0.908101,3448
1069688,1198608,147,0.905470,3448
1070480,1198608,146,0.904655,3456
1067920,1198608,147,0.907246,3424
1071520,1198608,147,0.903558,3424
1068984,1198608,147,0.906208,3416
1065536,1198608,148,0.909515,3416
1066784,1198608,147,0.908330,3432
1065536,1198608,148,0.909515,3416
1062368,1198608,149,0.912354,3416
1062744,1198608,148,0.912020,3424
1061600,1198608,149,0.913009,3424
1065624,1198608,149,0.951086,3424
1066600,1198608,149,0.950567,3424
1070136,1198608,149,0.948663,3424
1068088,1198608,149,0.949794,3424
1069720,1198608,148,0.948909,3440
1068944,1198608,149,0.949329,3440
1066680,1198608,148,0.944357,3440
1062808,1198608,149,0.946501,3440
1064720,1198608,149,0.945437,3440
1065008,1198608,148,0.945277,3440
1068544,1198608,148,0.943205,3440
1067080,1198608,148,0.944121,3400
1063912,1198608,147,0.945955,3400
1064248,1198608,146,0.945767,3408
1064592,1198608,145,0.945578,3408
1061072,1198608,146,0.947459,3392
1060672,1198608,147,0.947668,3384
1060696,1198608,146,0.947655,3384
1056928,1198608,147,0.949508,3384
1053528,1198608,147,0.951092,3384
1055096,1198608,146,0.950362,3432
1055376,1198608,145,0.950230,3440
1054432,1198608,145,0.950690,3424
1052160,1198608,146,0.951707,3400
1054216,1198608,145,0.950784,3432
1055832,1198608,145,0.950022,3432
1054360,1198608,145,0.950726,3416
1058432,1198608,145,0.948792,3416
1058264,1198608,146,0.948874,3416
1061768,1198608,145,0.947095,3448
1062032,1198608,144,0.946957,3448
1058008,1198608,145,0.948983,3448
1055632,1198608,145,0.950130,3448
1056968,1198608,145,0.949481,3448
1053344,1198608,146,0.951145,3448
1052968,1198608,147,0.951315,3440
1051160,1198608,147,0.952120,3440
1047464,1198608,148,0.953646,3440
1051096,1198608,148,0.952127,3440
1051232,1198608,147,0.952068,3440
1051152,1198608,148,0.952103,3440
1051848,1198608,147,0.951797,3456
1053752,1198608,147,0.950938,3456
1056664,1198608,147,0.949576,3456
1054480,1198608,148,0.950599,3432
1053040,1198608,149,0.951244,3432
1051160,1198608,150,0.952072,3408
1052992,1198608,149,0.951276,3408
1053976,1198608,148,0.950823,3440
1056616,1198608,147,0.949599,3456
1060488,1198608,147,0.947676,3456
1058992,1198608,147,0.948450,3456
1056256,1198608,148,0.949768,3456
1057760,1198608,148,0.949029,3456
1060056,1198608,147,0.947895,3456
1059240,1198608,147,0.948328,3456
1058640,1198608,148,0.948628,3448
1059136,1198608,147,0.948367,3480
1063152,1198608,146,0.946287,3496
1060208,1198608,147,0.947822,3496
1063320,1198608,147,0.946171,3496
1062640,1198608,147,0.946561,3496
1058696,1198608,148,0.948577,3496
1059616,1198608,148,0.948096,3496
1058872,1198608,148,0.948498,3480
1061280,1198608,147,0.947282,3480
1063064,1198608,146,0.946339,3488
1059792,1198608,145,0.948084,3488
1058352,1198608,145,0.948819,3488
1057368,1198608,144,0.947230,3488
1053904,1198608,144,0.948920,3488
1052888,1198608,143,0.949433,3488
1053648,1198608,142,0.949080,3496
1055896,1198608,142,0.947994,3496
1052992,1198608,143,0.949360,3496
1056520,1198608,143,0.947667,3496
1060176,1198608,143,0.945791,3496
1061584,1198608,142,0.945025,3528
1065184,1198608,141,0.942997,3552
1062672,1198608,141,0.944444,3552
1062736,1198608,140,0.944409,3552
1060608,1198608,140,0.945610,3504
1058440,1198608,141,0.946732,3504
1054440,1198608,142,0.948684,3504
1051848,1198608,141,0.949918,3504
1049752,1198608,141,0.950860,3504
1045712,1198608,142,0.952542,3504
1047576,1198608,141,0.951777,3512
1051288,1198608,141,0.950164,3512
1055056,1198608,141,0.948412,3512
1051688,1198608,142,0.949964,3512
1052968,1198608,142,0.949363,3512
1052680,1198608,143,0.949499,3504
1048592,1198608,144,0.951294,3504
1045000,1198608,145,0.952770,3504
1045384,1198608,144,0.952607,3528
1045424,1198608,143,0.952591,3528
1048920,1198608,143,0.951124,3528
1048136,1198608,144,0.951466,3504
1048472,1198608,143,0.951321,3512
1052432,1198608,142,0.949568,3552
1051152,1198608,143,0.950157,3520
1048264,1198608,144,0.951406,3520
1046696,1198608,145,0.952058,3520
1044016,1198608,146,0.953133,3520
1044672,1198608,145,0.952871,3528
1043912,1198608,145,0.953202,3496
1045600,1198608,145,0.952513,3496
1044576,1198608,144,0.952979,3448
1044704,1198608,143,0.952929,3448
1047512,1198608,143,0.951771,3448
1049232,1198608,143,0.951025,3448
1050688,1198608,142,0.950390,3456
1053624,1198608,141,0.949061,3464
1054120,1198608,141,0.948808,3464
1051768,1198608,142,0.949885,3464
1052456,1198608,142,0.949553,3464
1049000,1198608,143,0.951076,3464
1048952,1198608,142,0.951138,3464
1048608,1198608,143,0.951298,3432
1052616,1198608,142,0.949524,3464
1052088,1198608,143,0.949767,3456
1052504,1198608,142,0.949579,3456
1054872,1198608,141,0.948465,3488
1054712,1198608,141,0.948563,3488
1057360,1198608,140,0.947265,3520
1055576,1198608,141,0.948140,3512
1057768,1198608,140,0.947058,3528
1061088,1198608,139,0.945317,3576
1057384,1198608,139,0.947249,3576
1057168,1198608,140,0.947357,3576
1056768,1198608,140,0.947577,3576
1052944,1198608,139,0.949433,3576
1056848,1198608,139,0.947562,3576
1056728,1198608,140,0.947620,3576
1052856,1198608,140,0.949473,3576
1053400,1198608,139,0.949213,3600
1050288,1198608,139,0.950628,3600
1051592,1198608,138,0.950050,3608
1053744,1198608,137,0.949065,3624
1054864,1198608,137,0.948518,3624
1054296,1198608,137,0.948815,3608
1051168,1198608,138,0.950245,3592
1048872,1198608,139,0.951240,3592
1048184,1198608,140,0.951534,3584
1045856,1198608,140,0.952529,3536
1045704,1198608,141,0.952591,3536
1042240,1198608,142,0.953953,3504
1043968,1198608,142,0.953271,3504
1046368,1198608,141,0.952297,3552
1044000,1198608,142,0.953240,3552
1045352,1198608,141,0.952693,3584
1041744,1198608,142,0.954092,3584
1042728,1198608,141,0.953713,3600
1044632,1198608,141,0.952954,3600
1048328,1198608,141,0.951426,3600
1049688,1198608,141,0.950825,3600
1049224,1198608,141,0.951049,3592
1050120,1198608,141,0.950642,3592
1050784,1198608,140,0.950351,3592
1052232,1198608,140,0.949684,3592
1051544,1198608,140,0.950014,3592
1047568,1198608,140,0.941752,3592
1046592,1198608,140,0.942262,3592
1049928,1198608,139,0.940543,3640
1053920,1198608,139,0.938353,3640
1055320,1198608,139,0.937528,3640
1057256,1198608,139,0.936361,3640
1060928,1198608,139,0.934051,3640
1058560,1198608,140,0.935540,3640
1057872,1198608,141,0.935965,3632
1057088,1198608,141,0.936471,3624
1057936,1198608,140,0.935961,3624
1056568,1198608,140,0.936837,3576
1057768,1198608,139,0.936101,3608
1054112,1198608,139,0.938263,3608
1054088,1198608,140,0.938276,3608
1058056,1198608,140,0.935927,3608
1061688,1198608,140,0.933611,3608
1064408,1198608,140,0.931756,3608
1066608,1198608,140,0.930171,3608
1063112,1198608,140,0.932637,3608
1063432,1198608,139,0.932422,3608
1061744,1198608,140,0.933574,3560
1062816,1198608,140,0.932835,3560
1058912,1198608,140,0.935373,3560
1061952,1198608,139,0.933428,3576
1061728,1198608,139,0.933606,3576
1063944,1198608,139,0.932096,3576
1062832,1198608,140,0.932878,3528
1059792,1198608,141,0.934855,3512
1055920,1198608,142,0.937198,3512
1059184,1198608,142,0.935204,3512
1062392,1198608,141,0.933143,3520
1062736,1198608,140,0.932910,3528
1062392,1198608,141,0.933138,3528
1059280,1198608,141,0.935165,3528
1059744,1198608,140,0.934860,3552
1062672,1198608,139,0.932968,3552
1059400,1198608,140,0.935085,3536
1058992,1198608,140,0.935368,3536
1059408,1198608,139,0.935100,3552
1059152,1198608,140,0.935259,3552
1058792,1198608,140,0.935516,3544
1060096,1198608,140,0.934673,3544
1058056,1198608,141,0.935936,3544
1059896,1198608,141,0.934769,3544
1058264,1198608,142,0.935790,3528
1057304,1198608,142,0.936399,3528
1058920,1198608,141,0.935398,3560
1056856,1198608,142,0.936666,3528
1059272,1198608,142,0.935170,3528
1060304,1198608,142,0.934491,3528
1063800,1198608,141,0.932194,3528
1063568,1198608,142,0.932351,3528
1066536,1198608,142,0.930246,3528
1068792,1198608,142,0.928547,3528
1066512,1198608,143,0.930234,3520
1065128,1198608,144,0.931217,3520
1063296,1198608,145,0.932476,3520
1059976,1198608,145,0.934704,3472
1057488,1198608,146,0.936236,3472
1060432,1198608,146,0.934384,3472
1057520,1198608,146,0.936217,3472
1058264,1198608,145,0.935746,3504
1061968,1198608,145,0.933370,3504
1062472,1198608,144,0.933032,3512
1065776,1198608,144,0.930732,3512
1063888,1198608,144,0.932079,3512
1067040,1198608,144,0.929823,3512
1067616,1198608,143,0.929389,3528
1065616,1198608,143,0.930868,3528
1066384,1198608,142,0.930315,3536
1062592,1198608,142,0.894891,3536
1064992,1198608,142,0.892276,3536
1063984,1198608,142,0.893420,3536
1067760,1198608,142,0.889158,3536
1066424,1198608,143,0.890686,3536
1066720,1198608,142,0.890351,3536
1063680,1198608,143,0.893711,3520
1064552,1198608,143,0.892721,3520
1064512,1198608,143,0.892817,3520
1062984,1198608,143,0.894498,3520
1064136,1198608,143,0.893223,3520
1060968,1198608,144,0.896525,3520
1062032,1198608,144,0.895389,3520
1061856,1198608,144,0.895620,3520
1062240,1198608,143,0.895224,3520
1061112,1198608,144,0.896395,3504
1064392,1198608,143,0.892955,3512
1061976,1198608,143,0.895554,3512
1062472,1198608,142,0.895041,3512
1066040,1198608,142,0.891144,3512
1065928,1198608,143,0.891269,3512
1066640,1198608,142,0.890460,3520
1065608,1198608,142,0.891669,3520
1061512,1198608,143,0.896021,3520
1062240,1198608,143,0.895224,3520
1059600,1198608,144,0.897904,3504
1062232,1198608,143,0.895249,3504
1064880,1198608,142,0.892425,3512
1062944,1198608,142,0.894590,3472
1066000,1198608,141,0.891287,3472
1063440,1198608,142,0.894076,3464
1066536,1198608,141,0.890640,3512
1063128,1198608,140,0.894456,3512
1066784,1198608,140,0.890414,3512
1063160,1198608,140,0.894422,3512
1062088,1198608,140,0.895587,3512
1065520,1198608,140,0.891881,3512
1069168,1198608,140,0.887645,3512
1067536,1198608,139,0.889666,3512
1068960,1198608,139,0.887949,3512
1068192,1198608,139,0.888945,3480
1064328,1198608,140,0.893266,3480
1064576,1198608,139,0.892955,3520
1064544,1198608,140,0.892990,3520
1066424,1198608,140,0.890866,3520
1068296,1198608,140,0.888665,3520
1066104,1198608,141,0.891188,3504
1068832,1198608,141,0.887997,3504
1066520,1198608,142,0.890668,3504
1068032,1198608,142,0.888880,3504
1065248,1198608,143,0.892031,3504
1066392,1198608,142,0.890758,3504
1063528,1198608,143,0.893890,3504
1066128,1198608,143,0.891000,3504
1062272,1198608,143,0.895207,3504
1061632,1198608,143,0.895915,3504
1065600,1198608,143,0.891642,3504
1068488,1198608,143,0.888289,3504
1065336,1198608,143,0.891934,3504
1065672,1198608,142,0.891553,3512
1061912,1198608,143,0.895587,3496
1062256,1198608,142,0.895199,3528
1060376,1198608,142,0.897159,3528
1060408,1198608,141,0.897127,3528
1056904,1198608,141,0.900585,3496
1053256,1198608,141,0.903916,3496
1056224,1198608,141,0.901215,3496
1060296,1198608,140,0.897279,3536
1056304,1198608,141,0.901105,3536
1052744,1198608,142,0.904284,3536
1050672,1198608,142,0.906082,3536
1054600,1198608,142,0.902652,3536
1058624,1198608,142,0.898870,3536
1059408,1198608,141,0.898061,3584
1055336,1198608,142,0.901903,3584
1051456,1198608,142,0.905344,3584
1051968,1198608,141,0.904909,3584
1053224,1198608,141,0.903783,3584
1051624,1198608,141,0.905222,3560
1054776,1198608,141,0.902430,3560
1053288,1198608,142,0.903748,3560
1055488,1198608,141,0.901779,3568
1053712,1198608,141,0.903412,3568
1057360,1198608,141,0.900045,3568
1053656,1198608,141,0.903461,3568
1053104,1198608,141,0.903992,3560
1049744,1198608,142,0.906828,3560
1048160,1198608,142,0.908171,3528
1047488,1198608,143,0.908715,3512
1049496,1198608,143,0.907070,3512
1045864,1198608,143,0.909974,3512
1049872,1198608,142,0.906795,3520
1053464,1198608,142,0.903713,3520
1056840,1198608,142,0.900623,3520
1060528,1198608,142,0.897015,3520
1058224,1198608,143,0.899270,3520
1057888,1198608,144,0.899598,3512
1059856,1198608,144,0.897644,3512
1059720,1198608,145,0.897778,3512
1061472,1198608,144,0.895972,3560
1057840,1198608,144,0.899598,3560
1059192,1198608,144,0.898249,3560
1060264,1198608,144,0.897143,3560
1062304,1198608,144,0.895016,3560
1060096,1198608,144,0.897327,3544
1056840,1198608,144,0.900511,3544
1054184,1198608,144,0.902973,3544
1055272,1198608,144,0.901954,3544
1058320,1198608,144,0.899063,3544
1061488,1198608,144,0.895874,3544
1057472,1198608,145,0.899872,3496
1057088,1198608,146,0.900256,3472
1053008,1198608,146,0.903986,3472
1056784,1198608,146,0.900540,3472
1055056,1198608,145,0.902214,3472
1055424,1198608,144,0.901859,3496
1054776,1198608,145,0.902466,3472
1054056,1198608,145,0.903150,3472
1051688,1198608,146,0.905201,3472
1054592,1198608,146,0.902631,3472
1054136,1198608,146,0.903108,3440
1055816,1198608,146,0.901553,3440
1054832,1198608,147,0.902473,3408
1057264,1198608,147,0.900196,3408
1055336,1198608,148,0.901975,3408
1053792,1198608,148,0.903397,3408
1053808,1198608,147,0.903383,3408
1055432,1198608,146,0.901917,3424
1056864,1198608,146,0.900555,3424
1059616,1198608,146,0.897873,3424
1061496,1198608,146,0.895940,3424
1063448,1198608,146,0.893856,3424
1060848,1198608,146,0.896597,3424
1064584,1198608,146,0.892634,3424
1062192,1198608,147,0.895174,3424
1063576,1198608,147,0.893668,3424
1061888,1198608,148,0.895439,3424
1064368,1198608,148,0.892765,3424
1060368,1198608,149,0.896935,3424
1059944,1198608,150,0.897382,3400
1059320,1198608,150,0.898046,3400
1061936,1198608,150,0.895364,3400
1064304,1198608,149,0.892834,3424
1066464,1198608,149,0.890387,3424
1064816,1198608,150,0.892224,3424
1063968,1198608,150,0.893197,3424
1066056,1198608,150,0.890848,3424
1067472,1198608,150,0.889177,3424
1067000,1198608,151,0.889721,3424
1066104,1198608,151,0.890794,3424
1066168,1198608,150,0.890722,3424
1069136,1198608,150,0.887215,3424
1065232,1198608,151,0.891713,3424
1068240,1198608,151,0.888223,3424
1064576,1198608,151,0.892443,3416
1064912,1198608,150,0.892066,3424
1061808,1198608,150,0.895422,3424
1064256,1198608,150,0.892782,3424
1063608,1198608,151,0.893480,3424
1066936,1198608,151,0.889740,3424
1064960,1198608,152,0.891969,3416
1063088,1198608,152,0.894042,3416
1060320,1198608,153,0.896895,3416
1057712,1198608,153,0.899499,3408
1056560,1198608,153,0.900630,3408
1057064,1198608,152,0.900128,3440
1060264,1198608,152,0.896975,3440
1064152,1198608,152,0.892877,3440
1061472,1198608,153,0.895702,3440
1059024,1198608,153,0.898202,3440
1062920,1198608,153,0.894195,3440
1064280,1198608,153,0.892686,3440
1066072,1198608,153,0.890650,3440
1067392,1198608,152,0.889121,3456
1065800,1198608,153,0.890991,3408
1063488,1198608,153,0.893574,3408
1067352,1198608,153,0.889223,3408
1064376,1198608,153,0.892617,3408
1067248,1198608,153,0.889344,3408
1065088,1198608,153,0.891837,3408
1066704,1198608,152,0.889996,3432
1065296,1198608,153,0.891616,3400
1066072,1198608,152,0.890704,3440
1068336,1198608,152,0.888034,3440
1064528,1198608,152,0.892416,3440
1062432,1198608,152,0.894708,3440
1063808,1198608,152,0.893197,3440
1064688,1198608,152,0.892189,3440
1063792,1198608,152,0.893214,3440
1065776,1198608,152,0.890982,3440
1062600,1198608,153,0.894439,3432
1066448,1198608,152,0.890206,3456
1064608,1198608,152,0.892311,3456
1064888,1198608,151,0.892004,3456
1062352,1198608,152,0.894724,3456
1062992,1198608,151,0.894042,3464
1059616,1198608,151,0.897573,3440
1062112,1198608,150,0.895000,3480
1061616,1198608,150,0.895562,3480
1062224,1198608,149,0.894933,3480
1058640,1198608,150,0.898537,3480
1059784,1198608,149,0.897398,3496
1058488,1198608,149,0.898716,3496
1060448,1198608,148,0.896775,3504
1058520,1198608,148,0.898731,3496
1060224,1198608,148,0.897007,3496
1056184,1198608,149,0.900898,3496
1056008,1198608,150,0.901060,3496
1059376,1198608,150,0.897802,3496
1058640,1198608,150,0.898568,3496
1060512,1198608,150,0.896670,3496
1056736,1198608,150,0.900383,3496
1057984,1198608,149,0.899186,3512
1058184,1198608,148,0.898994,3512
1056800,1198608,149,0.900308,3512
1056272,1198608,149,0.900890,3464
1054656,1198608,150,0.902387,3440
1051424,1198608,149,0.889707,3440
1049040,1198608,150,0.892007,3440
1052488,1198608,150,0.888600,3440
1048840,1198608,150,0.892196,3440
1052200,1198608,150,0.888889,3440
1050328,1198608,150,0.890777,3440
1053568,1198608,150,0.887504,3440
1051656,1198608,150,0.889478,3440
1054248,1198608,150,0.886802,3440
1054384,1198608,149,0.886661,3440
1053088,1198608,150,0.887994,3440
1053456,1198608,149,0.887618,3440
1050960,1198608,150,0.890154,3400
1052360,1198608,150,0.888721,3400
1054240,1198608,150,0.886752,3400
1051552,1198608,150,0.889525,3400
1051584,1198608,149,0.889494,3400
1048376,1198608,150,0.892586,3392
1049864,1198608,150,0.891131,3392
1051568,1198608,150,0.889422,3392
1052400,1198608,149,0.888568,3416
1052016,1198608,150,0.888961,3408
1050360,1198608,151,0.890591,3408
1049224,1198608,150,0.891772,3408
1048104,1198608,151,0.892825,3408
1049640,1198608,151,0.891330,3408
1053288,1198608,151,0.887676,3408
1053952,1198608,150,0.886993,3408
1051912,1198608,151,0.889065,3408
1050712,1198608,152,0.890248,3408
1048200,1198608,152,0.892691,3408
1050928,1198608,151,0.890068,3424
1054856,1198608,151,0.886033,3424
1058832,1198608,151,0.881635,3424
1055336,1198608,151,0.885526,3424
1051600,1198608,151,0.889407,3424
1054248,1198608,151,0.886669,3424
1053520,1198608,152,0.887430,3416
1054328,1198608,152,0.886544,3416
1053616,1198608,153,0.887290,3408
1055936,1198608,153,0.884799,3408
1058040,1198608,153,0.882438,3408
1062128,1198608,153,0.877617,3408
1059984,1198608,153,0.880220,3408
1057240,1198608,154,0.883353,3384
1053272,1198608,154,0.887618,3384
1057168,1198608,153,0.883468,3400
1060352,1198608,152,0.879857,3400
1060072,1198608,153,0.880193,3392
1056040,1198608,154,0.884704,3392
1060040,1198608,153,0.880211,3408
1057072,1198608,154,0.883565,3408
1061064,1198608,153,0.878961,3448
1064728,1198608,153,0.874389,3448
1062344,1198608,153,0.877423,3448
1062944,1198608,152,0.876688,3448
1059064,1198608,151,0.881399,3448
1060096,1198608,150,0.880211,3448
1064152,1198608,150,0.875243,3448
1061184,1198608,149,0.878990,3448
1058528,1198608,148,0.882169,3448
1061344,1198608,148,0.878857,3448
1065152,1198608,148,0.874092,3448
1061256,1198608,149,0.878904,3448
1062400,1198608,149,0.877472,3448
1059920,1198608,149,0.880471,3448
1063720,1198608,149,0.875845,3448
1063344,1198608,149,0.876382,3440
1067296,1198608,149,0.871224,3440
1063400,1198608,150,0.876273,3424
1063512,1198608,149,0.876134,3424
1063168,1198608,150,0.876599,3392
1063336,1198608,149,0.876392,3392
1060456,1198608,149,0.879913,3392
1057088,1198608,149,0.883775,3392
1054888,1198608,149,0.886184,3392
1051392,1198608,149,0.889786,3392
1054272,1198608,149,0.886827,3392
1053552,1198608,149,0.887627,3384
1049800,1198608,149,0.891384,3384
1051832,1198608,148,0.889399,3392
1052624,1198608,148,0.888560,3392
1055632,1198608,148,0.885398,3392
1056544,1198608,147,0.884385,3424
1056928,1198608,146,0.883968,3424
1056664,1198608,147,0.884255,3424
1057552,1198608,147,0.883230,3424
1055288,1198608,147,0.885763,3392
1059168,1198608,146,0.881472,3424
1057792,1198608,146,0.883071,3424
1058472,1198608,145,0.882304,3432
1055328,1198608,144,0.885831,3432
1051368,1198608,145,0.889864,3432
1051576,1198608,144,0.889660,3432
1055112,1198608,144,0.886008,3432
1052104,1198608,145,0.889136,3384
1054296,1198608,145,0.886860,3384
1051072,1198608,145,0.890154,3384
1054040,1198608,145,0.887125,3384
1054000,1198608,146,0.887166,3384
1054616,1198608,145,0.886527,3384
1051768,1198608,145,0.889509,3344
1055184,1198608,145,0.885974,3344
1053688,1198608,145,0.887577,3344
1054328,1198608,144,0.886885,3376
1052024,1198608,145,0.889224,3376
1055224,1198608,144,0.885898,3424
1051688,1198608,143,0.889604,3424
1053136,1198608,143,0.888107,3424
1051048,1198608,143,0.890233,3424
1048376,1198608,144,0.892780,3424
1047400,1198608,143,0.893769,3424
1046080,1198608,144,0.894963,3424
1043304,1198608,145,0.897386,3424
1041104,1198608,146,0.899236,3416
1039224,1198608,145,0.900835,3416
1040184,1198608,144,0.900026,3464
1043664,1198608,144,0.897085,3464
1046632,1198608,144,0.894431,3464
1044928,1198608,145,0.895947,3464
1044992,1198608,144,0.895891,3464
1047824,1198608,144,0.893299,3464
1051376,1198608,144,0.889872,3464
1049096,1198608,144,0.871766,3464
1045208,1198608,145,0.875981,3464
1045808,1198608,144,0.875331,3480
1042072,1198608,145,0.879167,3480
1045144,1198608,145,0.875981,3480
1045816,1198608,144,0.875247,3504
1047320,1198608,144,0.873578,3504
1049232,1198608,144,0.871407,3504
1045752,1198608,144,0.875264,3504
1042920,1198608,144,0.878245,3504
1041832,1198608,145,0.879334,3504
1041192,1198608,146,0.879974,3496
1043360,1198608,146,0.877758,3496
1046384,1198608,146,0.874547,3496
1045400,1198608,147,0.875610,3480
1041928,1198608,147,0.879215,3480
1045008,1198608,147,0.876022,3480
1045504,1198608,146,0.875501,3480
1041816,1198608,146,0.879326,3480
1042616,1198608,145,0.878511,3496
1044320,1198608,144,0.876772,3496
1040464,1198608,145,0.880638,3496
1040936,1198608,144,0.880178,3496
1043384,1198608,143,0.877709,3520
1039816,1198608,143,0.881287,3520
1041280,1198608,143,0.879817,3520
1040504,1198608,143,0.880661,3480
1042472,1198608,143,0.878672,3480
1040792,1198608,144,0.880334,3480
1044128,1198608,144,0.876938,3480
1042040,1198608,144,0.879127,3456
1044880,1198608,144,0.876181,3456
1041656,1198608,145,0.879461,3456
1044216,1198608,144,0.876855,3472
1042640,1198608,144,0.878511,3472
1046552,1198608,144,0.874392,3472
1046064,1198608,144,0.874983,3456
1046520,1198608,143,0.874470,3480
1043336,1198608,144,0.877799,3480
1045120,1198608,144,0.875905,3480
1042224,1198608,144,0.878920,3480
1039744,1198608,145,0.881387,3440
1039128,1198608,146,0.881974,3440
1035336,1198608,146,0.885511,3440
1033328,1198608,146,0.887319,3440
1033520,1198608,145,0.887152,3440
1032560,1198608,146,0.887979,3440
1033224,1198608,146,0.887367,3440
1030352,1198608,146,0.889837,3440
1031712,1198608,145,0.888700,3440
1029344,1198608,146,0.890690,3408
1028312,1198608,146,0.891563,3408
1030712,1198608,145,0.889605,3408
1031016,1198608,144,0.889351,3408
1032464,1198608,144,0.888089,3408
1031160,1198608,145,0.889191,3408
1033072,1198608,145,0.887526,3408
1033792,1198608,144,0.886888,3424
1037768,1198608,144,0.883267,3424
1033792,1198608,145,0.886846,3424
1035320,1198608,145,0.885454,3424
1034176,1198608,146,0.886468,3424
1031168,1198608,147,0.889050,3424
1035160,1198608,147,0.885554,3424
1032464,1198608,147,0.887986,3384
1030976,1198608,148,0.889285,3336
1026984,1198608,148,0.892560,3336
1025408,1198608,148,0.893823,3336
1027568,1198608,148,0.892099,3336
1030384,1198608,148,0.889777,3336
1032544,1198608,148,0.887918,3336
1029280,1198608,148,0.890684,3336
1029856,1198608,147,0.890213,3336
1033000,1198608,146,0.887533,3376
1033056,1198608,145,0.887485,3376
1032288,1198608,146,0.888164,3352
1028552,1198608,147,0.891280,3328
1025032,1198608,148,0.894044,3328
1027560,1198608,147,0.892035,3376
1028232,1198608,147,0.891460,3376
1031488,1198608,147,0.888741,3376
1034888,1198608,147,0.885753,3376
1034696,1198608,148,0.885924,3376
1036032,1198608,147,0.884683,3424
1033088,1198608,147,0.887333,3424
1032384,1198608,148,0.887938,3424
1035032,1198608,147,0.885604,3448
1034064,1198608,148,0.886461,3448
1033464,1198608,149,0.886985,3448
1034312,1198608,148,0.886221,3472
1034248,1198608,149,0.886278,3472
1030296,1198608,149,0.889697,3472
1030744,1198608,148,0.889325,3472
1034536,1198608,148,0.886023,3472
1034064,1198608,149,0.886440,3472
1036744,1198608,149,0.883990,3472
1040224,1198608,149,0.880661,3472
1042224,1198608,149,0.878639,3472
1040776,1198608,149,0.880123,3472
1042568,1198608,149,0.878293,3472
1042504,1198608,150,0.878358,3472
1040816,1198608,151,0.880037,3472
1041624,1198608,151,0.879191,3472
1040928,1198608,152,0.879887,3464
1044424,1198608,152,0.876298,3464
1045768,1198608,152,0.874829,3464
1045600,1198608,153,0.875009,3464
1049384,1198608,153,0.870790,3464
1045936,1198608,153,0.874650,3464
1045192,1198608,154,0.875475,3432
1049144,1198608,153,0.871126,3456
1047688,1198608,153,0.872816,3448
1048456,1198608,152,0.871954,3456
1051400,1198608,151,0.868568,3464
1051120,1198608,150,0.869019,3456
1051904,1198608,149,0.868086,3464
1048856,1198608,148,0.871712,3464
1045032,1198608,147,0.875964,3464
1046880,1198608,146,0.873952,3504
1049672,1198608,146,0.870800,3504
1046232,1198608,146,0.874650,3504
1049096,1198608,146,0.871452,3504
1046696,1198608,147,0.874099,3504
1049208,1198608,147,0.871271,3504
1048696,1198608,147,0.871901,3504
1047864,1198608,146,0.872956,3480
1046920,1198608,146,0.874064,3456
1050968,1198608,146,0.869475,3456
1054072,1198608,146,0.865710,3456
1058112,1198608,146,0.860490,3456
1054040,1198608,147,0.865690,3456
1056464,1198608,147,0.862581,3456
1056352,1198608,148,0.862725,3456
1059392,1198608,147,0.858640,3504
1058040,1198608,146,0.860585,3504
1061024,1198608,146,0.856450,3504
1058280,1198608,147,0.860203,3504
1057552,1198608,147,0.861229,3504
1060224,1198608,147,0.857564,3504
1063176,1198608,147,0.853292,3504
1061976,1198608,148,0.855031,3504
1062448,1198608,147,0.854352,3504
1060224,1198608,148,0.857520,3488
1061664,1198608,148,0.855431,3488
1059656,1198608,148,0.858302,3488
1058696,1198608,149,0.859668,3440
1060216,1198608,149,0.857531,3440
1064248,1198608,148,0.851726,3440
1060568,1198608,148,0.857109,3440
1059000,1198608,148,0.859388,3392
1061128,1198608,148,0.856393,3392
1060712,1198608,148,0.857076,3368
1063576,1198608,148,0.852903,3368
1065248,1198608,148,0.850322,3368
1064512,1198608,148,0.851510,3368
1065448,1198608,147,0.850041,3400
1061488,1198608,148,0.855931,3360
1064400,1198608,148,0.851618,3360
1062248,1198608,148,0.854871,3344
1064096,1198608,148,0.852097,3344
1063424,1198608,147,0.853233,3344
1064848,1198608,147,0.851040,3344
1062704,1198608,147,0.854340,3304
1065784,1198608,147,0.849672,3304
1062944,1198608,148,0.853923,3304
1059016,1198608,148,0.859485,3304
1061904,1198608,148,0.855420,3304
1064936,1198608,148,0.850894,3304
1064704,1198608,149,0.851245,3304
1064984,1198608,148,0.850809,3312
1063368,1198608,149,0.853280,3272
1064680,1198608,149,0.851257,3272
1060752,1198608,148,0.857087,3272
1062432,1198608,148,0.854641,3272
1061120,1198608,148,0.856573,3272
1062152,1198608,147,0.855111,3272
1061264,1198608,148,0.856371,3272
1064016,1198608,147,0.852359,3296
1062064,1198608,148,0.855203,3296
1063976,1198608,147,0.852359,3336
1061016,1198608,147,0.856696,3336
1061048,1198608,146,0.856652,3336
1057088,1198608,146,0.862053,3336
1057816,1198608,146,0.861040,3336
1054152,1198608,146,0.865798,3304
1054792,1198608,145,0.864998,3312
1053504,1198608,146,0.866579,3312
1056864,1198608,146,0.862312,3312
1056208,1198608,147,0.863165,3304
1058648,1198608,147,0.859914,3304
1056200,1198608,147,0.863206,3280
1053104,1198608,148,0.867101,3232
1056352,1198608,148,0.863012,3232
1057184,1198608,147,0.861887,3272
1056232,1198608,148,0.863114,3272
1057472,1198608,147,0.861449,3320
1053976,1198608,147,0.865936,3320
1054672,1198608,146,0.865068,3328
1053272,1198608,147,0.866783,3328
1052280,1198608,147,0.868058,3304
1050072,1198608,148,0.870645,3288
1052288,1198608,147,0.868058,3296
1056016,1198608,147,0.863420,3296
1052416,1198608,148,0.867877,3272
1051792,1198608,148,0.868672,3272
1052024,1198608,147,0.868398,3272
1049432,1198608,147,0.871443,3272
1052224,1198608,146,0.868162,3320
1053016,1198608,145,0.867188,3344
1054032,1198608,144,0.865955,3344
1051256,1198608,145,0.869271,3344
1052096,1198608,144,0.868247,3376
1051048,1198608,145,0.869475,3376
1054216,1198608,145,0.865631,3376
1052880,1198608,146,0.867313,3328
1053976,1198608,145,0.865955,3352
1050216,1198608,145,0.870517,3304
1053320,1198608,144,0.866831,3336
1051536,1198608,144,0.869009,3336
1052392,1198608,143,0.867963,3368
1050192,1198608,144,0.870526,3368
1050320,1198608,143,0.870380,3368
1048832,1198608,144,0.872061,3368
1049960,1198608,143,0.870781,3376
1049120,1198608,143,0.871793,3368
1053136,1198608,143,0.867073,3368
1050056,1198608,144,0.870681,3368
1051528,1198608,143,0.868963,3384
1049320,1198608,144,0.871506,3376
1049904,1198608,143,0.870827,3392
1049440,1198608,143,0.871434,3368
1051224,1198608,143,0.869336,3368
1047200,1198608,143,0.873909,3368
1047424,1198608,142,0.873665,3368
1046000,1198608,143,0.875196,3368
1049328,1198608,143,0.871506,3368
1045656,1198608,143,0.875560,3368
1049648,1198608,143,0.871145,3368
1049544,1198608,144,0.871262,3368
1048512,1198608,145,0.872417,3368
1050880,1198608,145,0.869680,3368
1051344,1198608,144,0.869112,3392
1049080,1198608,144,0.871757,3392
1050128,1198608,143,0.870572,3392
1048984,1198608,144,0.871883,3376
1050352,1198608,143,0.870315,3392
1049936,1198608,144,0.870809,3376
1049464,1198608,145,0.871343,3376
1050504,1198608,145,0.870104,3376
1052736,1198608,144,0.867457,3400
1048720,1198608,145,0.872115,3384
1051840,1198608,144,0.868512,3408
1050032,1198608,145,0.870608,3408
1052488,1198608,145,0.867686,3408
1050496,1198608,145,0.870113,3376
1046480,1198608,145,0.874624,3376
1049384,1198608,145,0.871379,3376
1050560,1198608,144,0.870012,3400
1047592,1198608,143,0.873447,3400
1046592,1198608,143,0.874581,3400
1045104,1198608,144,0.876156,3400
1046456,1198608,143,0.874675,3448
1044712,1198608,144,0.876565,3400
1046392,1198608,144,0.874744,3400
1045296,1198608,144,0.875972,3384
1045704,1198608,143,0.875543,3384
1042600,1198608,144,0.878784,3336
1046352,1198608,144,0.874855,3336
1045856,1198608,145,0.875382,3336
1044792,1198608,144,0.876598,3336
1047712,1198608,144,0.873439,3336
1049008,1198608,143,0.871999,3344
1052720,1198608,143,0.867658,3344
1051648,1198608,144,0.868925,3344
1052832,1198608,143,0.867495,3368
1054944,1198608,142,0.864919,3368
1052296,1198608,143,0.868171,3336
1052648,1198608,142,0.867734,3352
1050800,1198608,142,0.869957,3352
1052472,1198608,142,0.867944,3352
1049424,1198608,142,0.871542,3336
1050088,1198608,141,0.870790,3336
1049304,1198608,142,0.871685,3328
1045768,1198608,143,0.875534,3328
1046928,1198608,142,0.874297,3328
1046168,1198608,143,0.875136,3304
1046712,1198608,142,0.874547,3312
1047976,1198608,142,0.873123,3312
1044896,1198608,142,0.876498,3280
1044104,1198608,142,0.877365,3280
1045496,1198608,142,0.875871,3280
1042776,1198608,143,0.878664,3280
1041144,1198608,143,0.880334,3272
1041304,1198608,142,0.880178,3272
1037296,1198608,143,0.883983,3264
1039224,1198608,142,0.882164,3288
1039800,1198608,141,0.881578,3328
1043352,1198608,141,0.878034,3328
1039304,1198608,141,0.882050,3328
1039840,1198608,140,0.881517,3352
1038776,1198608,141,0.882526,3352
1040896,1198608,141,0.880451,3352
1037184,1198608,141,0.884005,3352
1034568,1198608,140,0.886440,3352
1031704,1198608,140,0.888943,3352
1034200,1198608,140,0.886762,3352
1036904,1198608,139,0.884334,3368
1039816,1198608,139,0.881570,3368
1038944,1198608,139,0.882443,3368
1040352,1198608,139,0.881056,3368
1037184,1198608,138,0.884122,3368
1037416,1198608,137,0.883909,3368
1036840,1198608,138,0.884472,3328
1039888,1198608,138,0.881586,3328
1037368,1198608,139,0.883946,3328
1039168,1198608,139,0.882225,3328
1037464,1198608,140,0.883814,3328
1039152,1198608,139,0.882225,3344
1038456,1198608,140,0.882894,3328
1040680,1198608,140,0.880731,3328
1037344,1198608,141,0.883924,3280
1039624,1198608,141,0.881746,3280
1036104,1198608,142,0.885008,3280
1036960,1198608,141,0.884188,3328
1034024,1198608,142,0.886818,3320
1031984,1198608,141,0.888660,3312
1031392,1198608,142,0.889171,3296
1034920,1198608,141,0.886129,3304
1037440,1198608,141,0.883814,3304
1035720,1198608,141,0.885418,3304
1032520,1198608,142,0.888252,3256
1035240,1198608,142,0.885846,3256
1036840,1198608,141,0.884378,3288
1034136,1198608,142,0.886804,3272
1030104,1198608,142,0.890258,3272
1031712,1198608,142,0.888882,3272
1029600,1198608,143,0.890632,3272
1030744,1198608,143,0.889651,3272
1027776,1198608,142,0.892137,3272
1029192,1198608,142,0.890963,3272
1026560,1198608,143,0.893055,3272
1029760,1198608,143,0.890462,3272
1031896,1198608,143,0.888646,3272
1032000,1198608,142,0.888558,3272
1031968,1198608,143,0.888585,3272
1035104,1198608,143,0.885825,3272
1033960,1198608,143,0.886874,3272
1037808,1198608,143,0.883370,3272
1034904,1198608,143,0.886044,3272
1037136,1198608,143,0.883990,3272
1035832,1198608,144,0.885174,3272
1039928,1198608,144,0.881325,3272
1039576,1198608,144,0.881708,3272
1040656,1198608,143,0.880646,3296
1037936,1198608,142,0.883318,3296
1039504,1198608,142,0.881799,3296
1039168,1198608,142,0.882172,3288
1038888,1198608,142,0.882489,3280
1039728,1198608,142,0.881647,3280
1039712,1198608,143,0.881662,3280
1039216,1198608,143,0.882209,3248
1039728,1198608,142,0.881708,3264
1042040,1198608,142,0.879414,3264
1038792,1198608,142,0.882594,3264
1040248,1198608,142,0.881164,3264
1043968,1198608,142,0.877423,3264
1040864,1198608,143,0.880552,3232
1042656,1198608,143,0.878736,3232
1040440,1198608,143,0.880971,3224
1037088,1198608,143,0.884166,3224
1040312,1198608,143,0.881094,3224
1038400,1198608,144,0.882946,3184
1042064,1198608,144,0.879374,3184
1043192,1198608,143,0.878212,3216
1042736,1198608,144,0.878696,3192
1045128,1198608,144,0.876198,3192
1042720,1198608,145,0.878664,3192
1040304,1198608,146,0.881040,3192
1037672,1198608,146,0.883570,3192
1038368,1198608,145,0.882916,3200
1037168,1198608,146,0.884056,3168
1039672,1198608,146,0.881670,3168
1040960,1198608,145,0.880412,3184
1041936,1198608,144,0.879429,3208
1040248,1198608,145,0.881094,3192
1038904,1198608,145,0.882421,3192
1034864,1198608,146,0.886108,3192
1034800,1198608,147,0.886165,3192
1038376,1198608,147,0.882871,3192
1036976,1198608,147,0.884210,3192
1034760,1198608,147,0.886242,3192
1031880,1198608,146,0.888808,3192
1035256,1198608,146,0.885846,3192
1031776,1198608,146,0.888896,3192
1034680,1198608,146,0.886355,3192
1035912,1198608,145,0.885260,3192
1034408,1198608,145,0.886636,3192
1035880,1198608,145,0.885289,3192
1034528,1198608,146,0.886531,3144
1031552,1198608,147,0.889090,3136
1033616,1198608,147,0.887291,3136
1034416,1198608,147,0.886552,3136
1036664,1198608,147,0.884502,3136
1034040,1198608,148,0.886839,3136
1035896,1198608,148,0.885152,3136
1037096,1198608,148,0.884019,3136
1034416,1198608,149,0.886426,3136
1038512,1198608,149,0.882662,3136
1038904,1198608,148,0.882293,3136
1035848,1198608,149,0.885109,3136
1034648,1198608,149,0.886221,3136
1034752,1198608,148,0.886129,3136
1036368,1198608,147,0.884676,3144
1037128,1198608,146,0.883961,3168
1034008,1198608,146,0.886818,3144
1037968,1198608,146,0.883207,3144
1036000,1198608,146,0.885052,3144
1038480,1198608,146,0.882729,3144
1034816,1198608,147,0.886066,3144
1037696,1198608,147,0.883415,3144
1033744,1198608,148,0.886965,3144
1036008,1198608,148,0.884915,3144
1034656,1198608,149,0.886122,3144
1038128,1198608,149,0.882924,3144
1034568,1198608,150,0.886158,3144
1033096,1198608,150,0.887498,3128
1037104,1198608,150,0.883887,3128
1036256,1198608,151,0.884683,3104
1038176,1198608,151,0.882871,3104
1036768,1198608,152,0.884210,3064
1037624,1198608,151,0.883408,3080
1040376,1198608,151,0.880754,3080
1038704,1198608,151,0.882398,3080
1040880,1198608,150,0.880272,3120
1037680,1198608,150,0.883363,3120
1034136,1198608,150,0.886601,3120
1034856,1198608,149,0.885959,3128
1031608,1198608,150,0.888788,3104
1031312,1198608,151,0.889043,3096
1028424,1198608,151,0.891454,3096
1032088,1198608,151,0.888389,3096
1033600,1198608,151,0.887048,3096
1034016,1198608,150,0.886685,3096
1037496,1198608,150,0.883511,3096
1034264,1198608,151,0.886426,3096
1032360,1198608,152,0.888075,3096
1033328,1198608,151,0.887215,3128
1033192,1198608,152,0.887333,3128
1032648,1198608,153,0.887808,3120
1030208,1198608,153,0.889903,3120
1027064,1198608,153,0.892510,3080
1027088,1198608,152,0.892491,3080
1024232,1198608,152,0.894731,3080
1020680,1198608,153,0.897347,3080
1022032,1198608,152,0.896367,3080
1020880,1198608,153,0.897203,3080
1024112,1198608,152,0.894821,3080
1024728,1198608,151,0.894355,3080
1024448,1198608,152,0.894573,3072
1022080,1198608,151,0.896425,3048
1025440,1198608,150,0.893890,3072
1022072,1198608,149,0.896484,3072
1021080,1198608,149,0.897238,3072
1020944,1198608,150,0.897335,3072
1020368,1198608,150,0.897782,3072
1022728,1198608,150,0.896038,3072
1023184,1198608,149,0.895689,3088
1023496,1198608,148,0.895451,3096
1025104,1198608,148,0.894202,3096
1022976,1198608,147,0.895872,3096
1021184,1198608,147,0.897215,3096
1024296,1198608,147,0.894888,3096
1023568,1198608,147,0.895469,3096
1020840,1198608,147,0.897496,3096
1018784,1198608,148,0.898970,3064
1020512,1198608,148,0.897719,3064
1018192,1198608,147,0.899413,3064
1014864,1198608,146,0.901720,3064
1018096,1198608,146,0.899512,3064
1019040,1198608,146,0.898825,3064
1021512,1198608,146,0.897036,3064
1024272,1198608,146,0.894966,3064
1026752,1198608,146,0.893030,3064
1022728,1198608,147,0.896079,3064
1018888,1198608,148,0.898831,3064
1017440,1198608,148,0.899863,3064
1019464,1198608,148,0.898427,3064
1020480,1198608,147,0.897696,3080
1019968,1198608,147,0.898105,3064
1021208,1198608,147,0.897186,3064
1023232,1198608,147,0.895671,3064
1021624,1198608,146,0.896920,3064
1019584,1198608,147,0.898376,3064
1016504,1198608,148,0.900532,3016
1019144,1198608,148,0.898685,3016
1021184,1198608,147,0.897238,3016
1021624,1198608,146,0.896920,3016
1023440,1198608,146,0.895552,3016
1024656,1198608,145,0.894604,3064
1022624,1198608,145,0.896161,3056
1021888,1198608,145,0.896769,3008
1020456,1198608,146,0.897799,3008
1019480,1198608,146,0.898539,2984
1018016,1198608,147,0.899556,2984
1020464,1198608,147,0.897810,2984
1022152,1198608,147,0.896560,2984
1021576,1198608,147,0.897024,2968
1021208,1198608,146,0.897381,2936
1017776,1198608,146,0.899820,2936
1015528,1198608,147,0.901334,2936
1018224,1198608,147,0.899479,2936
1021792,1198608,147,0.896926,2936
1023744,1198608,147,0.895457,2936
1023616,1198608,148,0.895552,2936
1023080,1198608,149,0.895967,2912
1027016,1198608,149,0.892943,2912
1029752,1198608,149,0.890723,2912
1029456,1198608,149,0.891002,2912
1026288,1198608,149,0.893545,2912
1029368,1198608,149,0.891073,2912
1029048,1198608,150,0.891331,2912
1032104,1198608,150,0.888774,2912
1030848,1198608,149,0.889903,2912
1033208,1198608,149,0.887877,2912
1035936,1198608,149,0.885447,2912
1034272,1198608,150,0.886916,2912
1031408,1198608,149,0.889438,2912
1034888,1198608,149,0.886419,2912
1037144,1198608,149,0.884356,2912
1036112,1198608,150,0.885289,2912
1039544,1198608,150,0.882081,2912
1039208,1198608,151,0.882406,2904
1040768,1198608,150,0.880878,2944
1036960,1198608,151,0.884451,2944
1040832,1198608,151,0.880770,2944
1037272,1198608,152,0.884122,2944
1038344,1198608,151,0.883088,2992
1035456,1198608,152,0.885718,2992
1039048,1198608,152,0.882383,2992
1037448,1198608,153,0.883873,2992
1039336,1198608,153,0.882065,2992
1040192,1198608,153,0.881202,2992
1041192,1198608,153,0.880186,2992
1043456,1198608,153,0.877880,2992
1040712,1198608,152,0.880700,2992
1044552,1198608,152,0.876805,2992
1044136,1198608,153,0.877234,2992
1045264,1198608,152,0.876039,3016
1044128,1198608,152,0.877267,3016
1044032,1198608,153,0.877365,3016
1045904,1198608,153,0.875365,3016
1047032,1198608,153,0.874108,3016
1047200,1198608,152,0.873926,3016
1045584,1198608,153,0.875686,2984
1045936,1198608,152,0.875297,3000
1045544,1198608,153,0.875720,2992
1044296,1198608,153,0.877086,2976
1047840,1198608,153,0.873273,2976
1050472,1198608,153,0.870270,2976
1048240,1198608,154,0.872780,2976
1050128,1198608,154,0.870608,2976
1049552,1198608,154,0.871325,2968
1048560,1198608,155,0.872444,2960
1050184,1198608,154,0.870617,2960
1052872,1198608,154,0.867418,2960
1052984,1198608,153,0.867284,2960
1053224,1198608,152,0.866995,2960
1052352,1198608,152,0.868143,2920
1054448,1198608,152,0.865552,2920
1055152,1198608,151,0.864679,2920
1054344,1198608,152,0.865680,2920
1057336,1198608,152,0.861835,2920
1055976,1198608,153,0.863582,2920
1057032,1198608,152,0.862230,2920
1056336,1198608,153,0.863134,2912
1054296,1198608,154,0.865690,2912
1053440,1198608,155,0.866754,2896
1052936,1198608,155,0.867428,2888
1054000,1198608,155,0.866083,2888
1056656,1198608,154,0.862725,2912
1057512,1198608,153,0.861595,2928
1060232,1198608,153,0.857885,2928
1057152,1198608,153,0.862064,2928
1055768,1198608,153,0.863896,2928
1057704,1198608,153,0.861344,2928
1057496,1198608,154,0.861616,2928
1059112,1198608,153,0.859442,2952
1063032,1198608,153,0.853888,2952
1061632,1198608,154,0.855897,2952
1065424,1198608,154,0.850249,2952
1064192,1198608,155,0.852109,2952
1067064,1198608,155,0.847624,2952
1066088,1198608,156,0.849153,2952
1069720,1198608,156,0.843221,2952
1069176,1198608,157,0.844167,2928
1071424,1198608,157,0.840272,2928
1070616,1198608,156,0.841828,2928
1069680,1198608,156,0.843542,2896
1070464,1198608,155,0.842196,2912
1066472,1198608,156,0.848692,2912
1070496,1198608,156,0.842060,2912
1072744,1198608,156,0.838057,2912
1070112,1198608,156,0.842710,2912
1069256,1198608,157,0.844220,2864
1067640,1198608,158,0.846886,2840
1065768,1198608,158,0.849894,2840
1062952,1198608,158,0.854167,2840
1066560,1198608,158,0.848667,2840
1067128,1198608,157,0.847776,2840
1069272,1198608,157,0.844233,2840
1072520,1198608,157,0.838585,2840
1074824,1198608,157,0.834297,2840
1074104,1198608,158,0.835663,2824
1071456,1198608,159,0.840438,2800
1070280,1198608,160,0.842494,2776
1069768,1198608,161,0.843382,2760
1069480,1198608,161,0.843941,2760
1069280,1198608,162,0.844273,2760
1067600,1198608,162,0.847077,2760
1070184,1198608,162,0.842764,2760
1067824,1198608,161,0.846796,2760
1066208,1198608,162,0.849351,2752
1066464,1198608,161,0.848954,2752
1065104,1198608,161,0.851112,2752
1064464,1198608,162,0.852085,2744
1065448,1198608,161,0.850578,2760
1063832,1198608,162,0.852998,2760
1065856,1198608,162,0.849881,2760
1063120,1198608,162,0.854039,2760
1065784,1198608,162,0.849992,2760
1066904,1198608,161,0.848229,2776
1069128,1198608,161,0.844576,2776
1071128,1198608,161,0.841130,2776
1070336,1198608,162,0.842494,2768
1069984,1198608,163,0.843114,2752
1072576,1198608,163,0.838556,2752
1073096,1198608,162,0.837627,2752
1074112,1198608,162,0.835693,2752
1076328,1198608,162,0.831418,2752
1075776,1198608,162,0.832573,2752
1072040,1198608,161,0.839587,2752
1073288,1198608,160,0.837368,2752
1076840,1198608,160,0.830609,2752
1073144,1198608,160,0.796193,2752
1073904,1198608,159,0.794464,2752
1071032,1198608,159,0.800951,2752
1071448,1198608,158,0.800052,2752
1068528,1198608,159,0.806196,2752
1066128,1198608,159,0.811064,2752
1069920,1198608,159,0.844327,2752
1073608,1198608,159,0.879416,2752
1077360,1198608,159,0.918231,2752
1076800,1198608,159,0.918804,2752
1074296,1198608,160,0.921083,2752
1072544,1198608,161,0.922603,2752
1073608,1198608,161,0.921645,2752
1071216,1198608,162,0.923677,2752
1070904,1198608,161,0.924013,2752
1068688,1198608,161,0.925826,2752
1071416,1198608,161,0.923591,2752
1072808,1198608,160,0.922412,2760
1069416,1198608,160,0.925278,2720
1071120,1198608,159,0.923895,2728
1071864,1198608,158,0.923251,2760
1069600,1198608,157,0.925176,2760
1072112,1198608,157,0.923084,2760
1074248,1198608,157,0.921203,2760
1076208,1198608,157,0.919392,2760
1079792,1198608,157,0.915894,2760
1078992,1198608,158,0.916690,2760
1075384,1198608,158,0.920145,2760
1073280,1198608,159,0.922007,2760
1074456,1198608,159,0.920934,2760
1077216,1198608,159,0.918360,2760
1081288,1198608,159,0.914263,2760
1084128,1198608,159,0.911138,2760
1083456,1198608,159,0.911956,2744
1084216,1198608,158,0.911066,2784
1080744,1198608,157,0.914902,2784
1083944,1198608,157,0.911424,2784
1083160,1198608,158,0.912342,2736
1082296,1198608,158,0.913326,2736
1084544,1198608,158,0.910805,2736
1086496,1198608,158,0.908486,2736
1084496,1198608,159,0.910805,2736
1081488,1198608,160,0.914079,2736
1084976,1198608,160,0.910204,2736
1086320,1198608,159,0.908619,2752
1082888,1198608,160,0.912516,2752
1086552,1198608,160,0.955289,2752
1082864,1198608,161,0.954157,2752
1078992,1198608,162,0.954080,2752
1080832,1198608,162,0.953028,2752
1084320,1198608,162,0.950923,2752
1081920,1198608,163,0.952400,2704
1081304,1198608,164,0.952757,2704
1081328,1198608,163,0.952744,2704
1077416,1198608,163,0.949167,2672
1078504,1198608,163,0.948486,2672
1078120,1198608,164,0.948718,2672
1077000,1198608,165,0.949384,2672
1079936,1198608,165,0.947571,2672
1078760,1198608,165,0.948330,2672
1080664,1198608,165,0.947108,2672
1081184,1198608,164,0.946758,2696
1081816,1198608,163,0.946334,2712
1081088,1198608,164,0.946810,2712
1078144,1198608,165,0.948650,2712
1080912,1198608,165,0.946892,2712
1078000,1198608,165,0.948737,2712
1081320,1198608,164,0.946654,2720
1084384,1198608,164,0.944546,2720
1082776,1198608,164,0.945688,2720
1084312,1198608,163,0.944614,2744
1083184,1198608,163,0.945427,2744
1083880,1198608,162,0.944943,2752
1083232,1198608,163,0.945411,2720
1086136,1198608,163,0.943320,2720
1084952,1198608,162,0.944263,2696
1083712,1198608,162,0.945164,2696
1083688,1198608,163,0.945181,2696
1082008,1198608,164,0.946323,2680
1082280,1198608,163,0.946127,2704
1079584,1198608,163,0.947891,2704
1075984,1198608,163,0.950064,2704
1075184,1198608,164,0.950526,2688
1073728,1198608,164,0.951354,2688
1077168,1198608,164,0.949388,2688
1075600,1198608,163,0.950346,2688
1074328,1198608,163,0.951088,2672
1077240,1198608,163,0.949412,2672
1080184,1198608,163,0.947596,2672
1082040,1198608,162,0.946371,2720
1082648,1198608,161,0.945967,2720
1084688,1198608,161,0.944535,2720
1083648,1198608,160,0.945323,2720
1087136,1198608,160,0.942791,2720
1089224,1198608,160,0.941145,2720
1086168,1198608,160,0.937726,2704
1086576,1198608,159,0.937396,2704
1087712,1198608,159,0.936417,2704
1089888,1198608,159,0.934494,2704
1089032,1198608,160,0.935262,2688
1086152,1198608,160,0.937713,2688
1082424,1198608,159,0.928621,2688
1084648,1198608,159,0.926565,2688
1088376,1198608,159,0.922872,2688
1090360,1198608,159,0.920727,2688
1086368,1198608,160,0.924834,2688
1084920,1198608,160,0.926265,2688
1083216,1198608,160,0.927881,2680
1083416,1198608,159,0.927701,2680
1084664,1198608,158,0.926557,2680
1086240,1198608,157,0.925036,2704
1082304,1198608,157,0.928712,2704
1082352,1198608,156,0.928670,2704
1078280,1198608,157,0.932108,2664
1080720,1198608,157,0.930069,2664
1079280,1198608,157,0.931303,2664
1075840,1198608,157,0.934032,2664
1075912,1198608,156,0.933978,2664
1075152,1198608,157,0.934545,2664
1071160,1198608,157,0.937403,2664
1071816,1198608,156,0.936945,2680
1071408,1198608,156,0.937256,2680
1073208,1198608,155,0.935992,2704
1074472,1198608,154,0.935073,2720
1076256,1198608,153,0.933742,2728
1074464,1198608,154,0.935073,2728
1077440,1198608,154,0.932795,2728
1075160,1198608,154,0.934563,2728
1078128,1198608,154,0.932254,2728
1075360,1198608,154,0.934414,2728
1079184,1198608,154,0.931407,2728
1077520,1198608,153,0.932807,2728
1077840,1198608,152,0.932557,2728
1076768,1198608,153,0.933425,2680
1079128,1198608,153,0.931530,2680
1075712,1198608,153,0.934224,2680
1078496,1198608,153,0.932038,2680
1078080,1198608,154,0.932368,2680
1075024,1198608,154,0.934734,2680
1073104,1198608,153,0.936183,2680
1074440,1198608,152,0.935207,2712
1075496,1198608,152,0.934397,2712
1079576,1198608,151,0.931192,2744
1076200,1198608,152,0.933845,2744
1079936,1198608,151,0.930870,2776
1078656,1198608,151,0.931948,2776
1082504,1198608,151,0.928684,2776
1079880,1198608,151,0.930956,2776
1082136,1198608,151,0.929006,2776
1079912,1198608,150,0.930969,2776
1082632,1198608,150,0.928614,2776
1080184,1198608,151,0.930704,2776
1082408,1198608,151,0.928768,2776
1080152,1198608,152,0.930691,2776
1079632,1198608,153,0.931139,2752
1077264,1198608,153,0.933062,2752
1076600,1198608,154,0.933572,2752
1078536,1198608,154,0.932025,2752
1075784,1198608,155,0.934152,2752
1075728,1198608,156,0.934194,2752
1076008,1198608,155,0.933972,2768
1075536,1198608,156,0.934331,2760
1073312,1198608,156,0.935980,2760
1075576,1198608,156,0.934301,2760
1077736,1198608,156,0.932614,2760
1077944,1198608,155,0.932450,2760
1078368,1198608,154,0.932108,2768
1077480,1198608,154,0.932845,2768
1075960,1198608,154,0.934044,2768
1079072,1198608,153,0.931601,2792
1078288,1198608,153,0.932279,2776
1074576,1198608,153,0.935131,2776
1077152,1198608,153,0.933167,2776
1078408,1198608,153,0.932146,2776
1080696,1198608,153,0.930237,2776
1084376,1198608,153,0.926957,2776
1087144,1198608,153,0.924268,2776
1086200,1198608,153,0.925238,2776
1086392,1198608,152,0.925052,2776
1084488,1198608,153,0.926854,2776
1087856,1198608,152,0.923572,2808
1085104,1198608,152,0.926295,2808
1087608,1198608,152,0.923822,2808
1085704,1198608,153,0.925683,2808
1084192,1198608,153,0.927141,2808
1087296,1198608,153,0.924133,2808
1083768,1198608,153,0.882694,2800
1084216,1198608,152,0.882033,2800
1080664,1198608,153,0.887080,2800
1082568,1198608,152,0.884430,2800
1085904,1198608,152,0.879399,2800
1083200,1198608,152,0.883592,2752
1084656,1198608,151,0.881437,2760
1081504,1198608,152,0.885981,2760
1082016,1198608,151,0.885222,2792
1081640,1198608,151,0.885848,2768
1078160,1198608,152,0.890488,2768
1082184,1198608,152,0.934955,2768
1081544,1198608,153,0.935487,2736
1079760,1198608,154,0.936863,2728
1077064,1198608,154,0.938860,2728
1079208,1198608,154,0.937275,2728
1080896,1198608,153,0.935985,2744
1082984,1198608,153,0.934291,2744
1081184,1198608,154,0.935725,2744
1082192,1198608,153,0.934930,2744
1082640,1198608,152,0.934570,2744
1081960,1198608,152,0.935159,2736
1078304,1198608,152,0.937968,2736
1074920,1198608,153,0.940329,2736
1074944,1198608,152,0.940313,2736
1073264,1198608,153,0.941431,2720
1075784,1198608,153,0.939722,2720
1077640,1198608,152,0.938389,2768
1076104,1198608,153,0.939485,2744
1075312,1198608,154,0.940043,2720
1076064,1198608,153,0.939524,2728
1078504,1198608,153,0.937758,2728
1081352,1198608,153,0.935569,2728
1077440,1198608,153,0.938526,2728
1077520,1198608,152,0.938469,2728
1074640,1198608,153,0.940458,2728
1075112,1198608,152,0.940135,2736
1074368,1198608,153,0.940655,2704
1072120,1198608,154,0.942111,2704
1075416,1198608,154,0.939918,2704
1071352,1198608,155,0.942568,2696
1070512,1198608,156,0.943085,2696
1072584,1198608,156,0.941760,2696
1070656,1198608,156,0.943012,2672
1071952,1198608,155,0.942187,2704
1067880,1198608,155,0.944672,2704
1065968,1198608,156,0.945754,2704
1062768,1198608,157,0.947473,2704
1060016,1198608,157,0.948902,2680
1062552,1198608,157,0.947597,2680
1061848,1198608,157,0.947984,2680
1062552,1198608,156,0.947618,2688
1060648,1198608,157,0.948585,2688
1062784,1198608,157,0.947473,2688
1062360,1198608,158,0.947696,2680
1058568,1198608,159,0.949582,2680
1055848,1198608,159,0.950874,2680
1059064,1198608,158,0.949351,2712
1061608,1198608,158,0.948065,2712
1059872,1198608,158,0.948957,2712
1059504,1198608,158,0.946412,2688
1058712,1198608,158,0.946844,2680
1059640,1198608,157,0.946346,2728
1061888,1198608,157,0.945138,2728
1060328,1198608,158,0.945986,2688
1064360,1198608,157,0.943774,2728
1065344,1198608,156,0.943208,2736
1062760,1198608,155,0.944712,2736
1063656,1198608,154,0.944214,2744
1064736,1198608,154,0.943579,2744
1067592,1198608,154,0.941876,2744
1071528,1198608,154,0.939365,2744
1069904,1198608,154,0.940455,2728
1069752,1198608,155,0.940551,2728
1070496,1198608,154,0.940067,2744
1069136,1198608,154,0.940958,2744
1071048,1198608,153,0.939741,2744
1072504,1198608,152,0.938770,2760
1075592,1198608,152,0.936593,2760
1077088,1198608,151,0.935487,2776
1080304,1198608,151,0.932963,2776
1078520,1198608,151,0.934409,2768
1081296,1198608,151,0.966421,2768
1079440,1198608,152,0.967179,2720
1075360,1198608,152,0.951076,2720
1073456,1198608,153,0.952107,2720
1075000,1198608,152,0.951270,2728
1071704,1198608,152,0.953038,2728
1073536,1198608,151,0.952077,2744
1072416,1198608,152,0.952673,2728
1071360,1198608,152,0.953237,2728
1068120,1198608,153,0.954819,2728
1070192,1198608,153,0.953796,2728
1071240,1198608,153,0.953249,2728
1071688,1198608,152,0.953006,2760
1072992,1198608,152,0.952305,2760
1070816,1198608,153,0.953434,2736
1072752,1198608,153,0.952419,2736
1069960,1198608,152,0.953883,2736
1072240,1198608,152,0.952710,2736
1072400,1198608,151,0.952627,2736
1069672,1198608,151,0.954032,2720
1066880,1198608,152,0.955378,2672
1067008,1198608,151,0.955319,2672
1063032,1198608,151,0.920863,2672
1065120,1198608,151,0.919151,2672
1062272,1198608,151,0.921454,2672
1059584,1198608,152,0.923478,2672
1059808,1198608,151,0.923302,2688
1062840,1198608,151,0.920963,2688
1064464,1198608,150,0.919639,2728
1061088,1198608,151,0.922280,2728
1064416,1198608,150,0.919639,2776
1064312,1198608,151,0.919723,2776
1061408,1198608,152,0.922001,2776
1064768,1198608,152,0.919314,2776
1068432,1198608,151,0.916177,2816
1066728,1198608,152,0.917650,2816
1062720,1198608,153,0.920919,2816
1063224,1198608,152,0.920491,2856
1064488,1198608,152,0.919438,2856
1062352,1198608,152,0.921175,2856
1062752,1198608,151,0.920856,2864
1061688,1198608,151,0.921719,2864
1061344,1198608,150,0.922062,2856
1065328,1198608,149,0.918888,2880
1067552,1198608,149,0.916972,2880
1065616,1198608,149,0.918650,2880
1069200,1198608,149,0.915524,2880
1065896,1198608,149,0.918417,2880
1063328,1198608,149,0.920541,2880
1063880,1198608,148,0.920096,2888
1066768,1198608,147,0.917704,2904
1063656,1198608,147,0.920300,2904
1062152,1198608,147,0.921516,2904
1064272,1198608,147,0.919807,2904
1067280,1198608,146,0.917275,2944
1065104,1198608,146,0.919171,2904
1064688,1198608,147,0.919510,2904
1068416,1198608,147,0.916324,2904
1071272,1198608,147,0.913698,2904
1070936,1198608,148,0.914017,2896
1074568,1198608,148,0.951736,2896
1071936,1198608,147,0.953169,2896
1074400,1198608,147,0.951853,2896
1070808,1198608,148,0.953712,2896
1072248,1198608,148,0.952960,2896
1068520,1198608,149,0.954801,2896
1070160,1198608,149,0.953986,2896
1067216,1198608,149,0.955412,2896
1070664,1198608,149,0.953736,2896
1066664,1198608,150,0.955643,2896
1068672,1198608,149,0.954691,2928
1067176,1198608,149,0.955416,2928
1069680,1198608,149,0.954205,2928
1066872,1198608,149,0.954331,2896
1064992,1198608,149,0.955223,2896
1062400,1198608,150,0.956367,2896
1063552,1198608,150,0.955845,2896
1066704,1198608,150,0.954388,2896
1064248,1198608,151,0.955514,2896
1065528,1198608,151,0.954912,2896
1061976,1198608,152,0.956488,2896
1065168,1198608,152,0.955055,2896
1064784,1198608,152,0.955252,2896
1067696,1198608,152,0.953871,2896
1066416,1198608,152,0.954501,2896
1063224,1198608,152,0.955968,2896
1063808,1198608,151,0.955710,2896
1063704,1198608,152,0.955756,2896
1064624,1198608,152,0.955324,2896
1067400,1198608,152,0.954012,2896
1068544,1198608,152,0.953436,2896
1066544,1198608,152,0.952193,2896
1069672,1198608,152,0.950575,2896
1068752,1198608,152,0.951080,2896
1069392,1198608,151,0.950743,2904
1066560,1198608,151,0.952204,2904
1063648,1198608,152,0.953596,2904
1065400,1198608,151,0.952769,2904
1066720,1198608,151,0.952102,2904
1062640,1198608,152,0.954052,2872
1066392,1198608,152,0.952256,2872
1066344,1198608,153,0.952279,2872
1062984,1198608,153,0.953895,2872
1062480,1198608,153,0.954161,2840
1060360,1198608,153,0.955122,2840
1060640,1198608,152,0.954993,2856
1056632,1198608,153,0.956678,2856
1054456,1198608,154,0.957540,2856
1055928,1198608,154,0.956941,2856
1055648,1198608,155,0.957059,2840
1053400,1198608,154,0.946522,2840
1054624,1198608,154,0.945898,2840
1054816,1198608,153,0.945803,2840
1055448,1198608,152,0.945487,2840
1052928,1198608,152,0.946749,2840
1056272,1198608,151,0.945073,2880
1052448,1198608,150,0.947006,2880
1053584,1198608,149,0.946460,2880
1050184,1198608,149,0.948083,2880
1046136,1198608,150,0.949868,2880
1044592,1198608,151,0.950520,2872
1047784,1198608,151,0.949139,2872
1049680,1198608,150,0.948290,2880
1051840,1198608,149,0.947293,2880
1050384,1198608,149,0.947999,2864
1048592,1198608,150,0.948807,2864
1045440,1198608,150,0.950189,2864
1047472,1198608,150,0.949299,2864
1046104,1198608,150,0.949915,2848
1049072,1198608,150,0.948600,2848
1049000,1198608,150,0.948654,2848
1045424,1198608,150,0.950223,2848
1047712,1198608,150,0.949223,2848
1044144,1198608,151,0.950744,2824
1041224,1198608,151,0.951934,2824
1044240,1198608,151,0.950705,2824
1045064,1198608,150,0.950357,2840
1042192,1198608,151,0.951527,2840
1039864,1198608,150,0.936244,2840
1037544,1198608,151,0.937413,2840
1035960,1198608,151,0.938218,2824
1033128,1198608,150,0.939597,2824
1034944,1198608,149,0.938749,2824
1037352,1198608,149,0.937563,2824
1038144,1198608,148,0.937167,2832
1037096,1198608,148,0.937708,2832
1037808,1198608,147,0.937350,2848
1039248,1198608,147,0.936603,2848
1040976,1198608,147,0.935689,2848
1044024,1198608,147,0.934031,2848
1045328,1198608,147,0.933279,2848
1041848,1198608,147,0.935205,2848
1042648,1198608,146,0.934770,2864
1045968,1198608,146,0.932909,2864
1041960,1198608,147,0.935129,2832
1042992,1198608,146,0.934576,2832
1043984,1198608,145,0.934022,2856
1045120,1198608,145,0.933365,2856
1049120,1198608,144,0.931039,2864
1048536,1198608,145,0.931388,2864
1045200,1198608,145,0.933342,2864
1041208,1198608,145,0.935534,2864
1040440,1198608,146,0.935939,2856
1043096,1198608,146,0.934506,2856
1045248,1198608,146,0.933293,2856
1045872,1198608,145,0.932927,2880
1047896,1198608,145,0.931729,2880
1045336,1198608,146,0.933212,2864
1046576,1198608,146,0.932479,2864
1043256,1198608,146,0.934363,2864
1045656,1198608,146,0.933004,2864
1044992,1198608,146,0.933405,2864
1047576,1198608,146,0.931898,2864
1045552,1198608,146,0.933090,2864
1049472,1198608,146,0.930769,2864
1048456,1198608,147,0.931388,2848
1048736,1198608,146,0.931212,2864
1046192,1198608,146,0.932726,2864
1042408,1198608,147,0.934821,2864
1043496,1198608,147,0.934206,2864
1040728,1198608,147,0.935710,2864
1041320,1198608,146,0.935391,2880
1041344,1198608,145,0.935379,2880
1039952,1198608,146,0.936108,2872
1043656,1198608,145,0.934127,2896
1041984,1198608,145,0.935056,2896
1043200,1198608,145,0.934376,2896
1042008,1198608,145,0.935052,2880
1040616,1198608,146,0.935785,2880
1042704,1198608,146,0.934653,2880
1042368,1198608,146,0.934860,2880
1045680,1198608,146,0.933009,2880
1047616,1198608,145,0.931874,2912
1045312,1198608,145,0.933225,2912
1042832,1198608,146,0.934593,2912
1043352,1198608,145,0.934289,2952
1042760,1198608,146,0.934619,2936
1043720,1198608,145,0.934088,2952
1042936,1198608,146,0.934519,2944
1042616,1198608,145,0.934744,2944
1041312,1198608,145,0.935463,2944
1041080,1198608,145,0.935610,2944
1039352,1198608,145,0.936526,2944
1037192,1198608,146,0.937606,2944
1035944,1198608,147,0.938214,2944
1036048,1198608,146,0.938164,2944
1036024,1198608,147,0.938175,2944
1032176,1198608,148,0.939978,2944
1030024,1198608,148,0.940962,2944
1033432,1198608,148,0.939401,2944
1034728,1198608,148,0.938772,2944
1035496,1198608,147,0.938402,2952
1038912,1198608,147,0.936697,2952
1035832,1198608,148,0.938218,2952
1036816,1198608,147,0.937716,3000
1038048,1198608,146,0.937099,3016
1037768,1198608,147,0.937246,3000
1037320,1198608,148,0.937468,3000
1038600,1198608,148,0.936806,3000
1038376,1198608,148,0.936951,2984
1038992,1198608,147,0.936640,2984
1039120,1198608,146,0.936575,2984
1038880,1198608,147,0.936697,2984
1039224,1198608,146,0.936522,2984
1036344,1198608,146,0.937978,2984
1034832,1198608,147,0.938703,2984
1034800,1198608,148,0.938719,2984
1034920,1198608,147,0.938662,2984
1031584,1198608,147,0.940228,2984
1028576,1198608,148,0.941572,2944
1028832,1198608,147,0.941455,2960
1029768,1198608,147,0.941026,2960
1028352,1198608,146,0.941682,2960
1028568,1198608,145,0.941579,2984
1031816,1198608,145,0.940123,2984
1030000,1198608,146,0.940934,2984
1030808,1198608,145,0.940573,2992
1031752,1198608,145,0.940127,2992
1029608,1198608,146,0.941082,2992
1027296,1198608,146,0.942098,2992
1031152,1198608,146,0.940397,2992
1030416,1198608,147,0.940733,2976
1029712,1198608,148,0.941047,2968
1028952,1198608,149,0.941382,2960
1031080,1198608,148,0.940437,2976
1035048,1198608,148,0.938582,2976
1037320,1198608,147,0.937457,3024
1036024,1198608,148,0.938106,2992
1038440,1198608,148,0.936890,2992
1040928,1198608,148,0.935589,2992
1043976,1198608,147,0.933952,2992
1044104,1198608,146,0.933881,2992
1045104,1198608,146,0.933297,2992
1042136,1198608,146,0.934950,2992
1045136,1198608,145,0.933279,3040
1044984,1198608,145,0.933392,3040
1046728,1198608,145,0.932372,3040
1043840,1198608,145,0.934026,3040
1040872,1198608,144,0.935668,3040
1043864,1198608,144,0.934040,3040
1040488,1198608,145,0.935843,3040
1043120,1198608,145,0.934420,3040
1043768,1198608,144,0.934066,3040
1046280,1198608,144,0.932630,3040
1042192,1198608,144,0.900933,3040
1043336,1198608,144,0.899954,3040
1046928,1198608,144,0.896837,3040
1045136,1198608,145,0.898395,3040
1047872,1198608,145,0.895954,3040
1044000,1198608,145,0.899359,3040
1042696,1198608,146,0.900449,3032
1042824,1198608,145,0.900344,3032
1045480,1198608,145,0.898065,3032
1045416,1198608,145,0.898162,3032
1047560,1198608,144,0.896269,3048
1047048,1198608,144,0.896781,3032
1047104,1198608,143,0.896731,3032
1045888,1198608,143,0.897837,3032
1043072,1198608,144,0.900218,3032
1044664,1198608,144,0.898845,3032
1044968,1198608,143,0.898580,3040
1044360,1198608,143,0.899137,3040
1042672,1198608,144,0.900554,3024
1045800,1198608,144,0.897879,3024
1043384,1198608,144,0.899967,3024
1042656,1198608,145,0.900567,3024
1043896,1198608,145,0.899500,3024
1046896,1198608,145,0.896880,3024
1044176,1198608,145,0.899265,3024
1045136,1198608,145,0.898409,3024
1048872,1198608,145,0.895063,3024
1047720,1198608,145,0.896148,3024
1044592,1198608,145,0.898913,3024
1041808,1198608,145,0.901258,3024
1043096,1198608,145,0.900166,3024
1044480,1198608,145,0.898968,3024
1046864,1198608,145,0.896866,3024
1046784,1198608,146,0.896936,3024
1047784,1198608,146,0.896004,3024
1044528,1198608,147,0.898845,3024
1040864,1198608,148,0.901862,3024
1041488,1198608,147,0.901336,3056
1045032,1198608,146,0.898382,3064
1041096,1198608,145,0.901722,3064
1040040,1198608,145,0.902598,3064
1041568,1198608,145,0.901342,3064
1041296,1198608,146,0.901580,3040
1040016,1198608,146,0.902636,3040
1043488,1198608,146,0.899787,3040
1045656,1198608,146,0.897907,3040
1047832,1198608,146,0.895947,3040
1044344,1198608,146,0.899028,3040
1045480,1198608,145,0.898045,3056
1041424,1198608,146,0.901426,3056
1043048,1198608,145,0.900060,3104
1040032,1198608,145,0.902535,3104
1039336,1198608,145,0.897082,3096
1035584,1198608,145,0.900131,3096
1039200,1198608,144,0.897194,3144
1041344,1198608,144,0.895353,3144
1039416,1198608,143,0.897055,3144
1037016,1198608,143,0.899041,3144
1040680,1198608,143,0.895998,3144
1040016,1198608,144,0.896556,3144
1040640,1198608,143,0.896005,3176
1037992,1198608,144,0.898201,3168
1041488,1198608,143,0.895264,3200
1038240,1198608,142,0.898051,3200
1034872,1198608,143,0.900738,3168
1038088,1198608,143,0.898162,3168
1036800,1198608,143,0.899245,3152
1037608,1198608,142,0.898568,3192
1033840,1198608,143,0.901507,3192
1037344,1198608,143,0.898741,3192
1037360,1198608,142,0.898729,3192
1040176,1198608,142,0.896382,3192
1044160,1198608,142,0.892888,3192
1042064,1198608,142,0.894775,3192
1042504,1198608,142,0.894351,3192
1041208,1198608,141,0.895551,3192
1037680,1198608,142,0.898472,3192
1038640,1198608,142,0.897654,3192
1035784,1198608,143,0.899938,3192
1033968,1198608,144,0.901337,3192
1032984,1198608,144,0.902127,3176
1031952,1198608,144,0.902929,3176
1029832,1198608,143,0.904532,3176
1028568,1198608,142,0.905490,3176
1030848,1198608,141,0.903844,3216
1034664,1198608,141,0.900971,3216
1033216,1198608,140,0.902139,3216
1031360,1198608,140,0.903577,3168
1030536,1198608,141,0.904183,3152
1027536,1198608,142,0.906319,3104
1024000,1198608,143,0.908681,3104
1024472,1198608,142,0.908352,3136
1021424,1198608,143,0.910308,3136
1022312,1198608,142,0.909737,3152
1023768,1198608,142,0.908770,3152
1025768,1198608,142,0.907419,3152
1029848,1198608,141,0.904594,3168
1032432,1198608,141,0.902687,3168
1035544,1198608,141,0.900293,3168
1036304,1198608,140,0.899693,3176
1032456,1198608,140,0.902663,3176
1033192,1198608,139,0.902115,3176
1036320,1198608,139,0.899680,3176
1037640,1198608,139,0.898594,3176
1038888,1198608,138,0.897575,3184
1037032,1198608,138,0.899111,3184
1037536,1198608,137,0.898709,3184
1034504,1198608,136,0.901155,3184
1034152,1198608,137,0.901434,3168
1036864,1198608,137,0.899296,3168
1036744,1198608,138,0.899390,3168
1033080,1198608,139,0.902205,3168
1034920,1198608,139,0.900775,3168
1034288,1198608,140,0.901258,3168
1032360,1198608,140,0.902763,3136
1029688,1198608,140,0.904731,3136
1026832,1198608,140,0.906745,3136
1026312,1198608,141,0.907097,3136
1027400,1198608,140,0.906336,3168
1028576,1198608,140,0.905490,3168
1026872,1198608,140,0.906696,3168
1026536,1198608,140,0.906962,3160
1027912,1198608,140,0.905989,3160
1031696,1198608,140,0.903269,3160
1028224,1198608,140,0.905774,3160
1030368,1198608,140,0.904229,3160
1032944,1198608,140,0.902313,3160
1036816,1198608,140,0.899302,3160
1036600,1198608,140,0.899529,3136
1038256,1198608,140,0.898168,3136
1035184,1198608,140,0.900633,3136
1031184,1198608,141,0.903630,3128
1031120,1198608,142,0.903676,3128
1029736,1198608,142,0.904702,3128
1028616,1198608,143,0.905490,3128
1029848,1198608,143,0.904589,3128
1032400,1198608,143,0.902704,3128
1034320,1198608,143,0.901228,3128
1034944,1198608,142,0.900744,3136
1039016,1198608,142,0.897470,3136
1042808,1198608,142,0.894219,3136
1041536,1198608,143,0.895318,3136
1042480,1198608,143,0.894463,3136
1041848,1198608,144,0.895023,3120
1043408,1198608,144,0.893621,3120
1041160,1198608,144,0.895612,3120
1040200,1198608,145,0.896436,3104
1041760,1198608,145,0.895071,3104
1041960,1198608,144,0.894899,3104
1044272,1198608,144,0.892824,3104
1041712,1198608,144,0.895126,3088
1041128,1198608,145,0.895639,3072
1038304,1198608,145,0.898025,3072
1037672,1198608,146,0.898562,3040
1038800,1198608,146,0.897608,3040
1035208,1198608,147,0.900466,3040
1038176,1198608,147,0.898077,3040
1040336,1198608,147,0.896255,3040
1044128,1198608,147,0.892924,3040
1045080,1198608,146,0.892043,3064
1046984,1198608,146,0.890237,3064
1044728,1198608,146,0.892363,3064
1048512,1198608,146,0.888781,3064
1044640,1198608,146,0.892442,3064
1044136,1198608,147,0.892895,3064
1047072,1198608,146,0.890185,3080
1050824,1198608,146,0.886486,3080
1047336,1198608,147,0.889890,3080
1044120,1198608,148,0.892852,3080
1047048,1198608,148,0.890117,3080
1045552,1198608,149,0.891524,3064
1047440,1198608,149,0.889716,3064
1045000,1198608,148,0.857961,3064
1043664,1198608,149,0.859543,3064
1045968,1198608,149,0.856735,3064
1045904,1198608,150,0.856813,3064
1045008,1198608,151,0.857904,3056
1044128,1198608,151,0.859007,3056
1046912,1198608,151,0.855586,3056
1050720,1198608,151,0.850652,3056
1052248,1198608,150,0.848570,3080
1054360,1198608,150,0.845573,3080
1054824,1198608,149,0.844902,3088
1054520,1198608,150,0.845335,3088
1055880,1198608,149,0.843381,3088
1052248,1198608,149,0.848559,3088
1054216,1198608,149,0.845765,3088
1052080,1198608,149,0.848787,3088
1055888,1198608,149,0.843369,3088
1055872,1198608,150,0.843392,3088
1053784,1198608,150,0.846440,3088
1057776,1198608,150,0.840572,3088
1057920,1198608,149,0.840343,3096
1055792,1198608,150,0.843520,3080
1053728,1198608,150,0.846529,3080
1057312,1198608,150,0.841281,3080
1060456,1198608,150,0.836362,3080
1057304,1198608,149,0.841364,3080
1061360,1198608,149,0.834991,3080
1059424,1198608,150,0.838110,3048
1056392,1198608,150,0.842761,3048
1059776,1198608,150,0.837561,3048
1061424,1198608,150,0.834862,3048
1057792,1198608,151,0.840536,3048
1059432,1198608,151,0.837948,3048
1057976,1198608,151,0.840270,3040
1056384,1198608,151,0.842714,3040
1057664,1198608,151,0.840741,3040
1056136,1198608,151,0.843077,3040
1054336,1198608,150,0.845799,3040
1053392,1198608,150,0.847186,3040
1050248,1198608,151,0.851421,3040
1052224,1198608,151,0.848722,3040
1050600,1198608,151,0.851022,2992
1053952,1198608,151,0.846406,2992
1055512,1198608,151,0.844122,2992
1057976,1198608,151,0.840415,2992
1055688,1198608,152,0.843799,2992
1057256,1198608,152,0.841424,2992
1059400,1198608,152,0.838085,2992
1056608,1198608,152,0.842385,2992
1060480,1198608,151,0.836388,3040
1062016,1198608,150,0.833898,3048
1058624,1198608,151,0.839271,3048
1059888,1198608,150,0.837297,3056
1059080,1198608,151,0.838556,3056
1060832,1198608,151,0.835724,3056
1058104,1198608,152,0.839979,3056
1055640,1198608,153,0.843636,3056
1058416,1198608,153,0.839430,3056
1060328,1198608,153,0.836375,3056
1059584,1198608,153,0.837648,3040
1062016,1198608,152,0.833702,3072
1059384,1198608,151,0.838060,3072
1056064,1198608,152,0.843077,3064
1056768,1198608,151,0.842042,3064
1059248,1198608,151,0.838209,3064
1056744,1198608,152,0.842007,3064
1056104,1198608,153,0.842960,3056
1056400,1198608,152,0.842526,3056
1057376,1198608,151,0.841065,3064
1054600,1198608,152,0.845119,3064
1054904,1198608,151,0.844662,3080
1052680,1198608,151,0.847848,3080
1053560,1198608,150,0.846596,3104
1052528,1198608,150,0.848089,3104
1050368,1198608,151,0.850990,3104
1050384,1198608,150,0.850969,3104
1052112,1198608,150,0.848592,3104
1051048,1198608,150,0.850089,3104
1054880,1198608,150,0.844731,3104
1053968,1198608,151,0.846070,3072
1056176,1198608,151,0.842832,3072
1055032,1198608,151,0.844559,3072
1058408,1198608,150,0.839540,3088
1055280,1198608,150,0.844249,3088
1056528,1198608,149,0.842397,3112
1053168,1198608,148,0.847330,3112
1053408,1198608,147,0.846997,3112
1050440,1198608,147,0.851074,3112
1049984,1198608,147,0.851755,3096
1050264,1198608,146,0.851389,3096
1051008,1198608,145,0.850398,3104
1050008,1198608,145,0.851776,3104
1046952,1198608,146,0.855655,3104
1050288,1198608,146,0.851348,3104
1046624,1198608,147,0.856050,3064
1047856,1198608,146,0.854519,3064
1043984,1198608,147,0.859280,3016
1041272,1198608,147,0.862449,3016
1042824,1198608,147,0.860630,3016
1043992,1198608,146,0.859214,3064
1044280,1198608,145,0.858865,3072
1043816,1198608,146,0.859411,3072
1046088,1198608,145,0.856657,3104
1044256,1198608,146,0.858875,3088
1042272,1198608,147,0.861181,3088
1043688,1198608,147,0.859486,3088
1045056,1198608,147,0.857808,3088
1044584,1198608,148,0.858382,3080
1042320,1198608,149,0.861025,3080
1042128,1198608,150,0.861245,3080
1045240,1198608,149,0.857558,3112
1048480,1198608,149,0.853487,3112
1050808,1198608,149,0.850398,3112
1047016,1198608,149,0.855328,3112
1045640,1198608,149,0.857075,3112
1046664,1198608,148,0.855784,3144
1045680,1198608,149,0.857046,3096
1049424,1198608,148,0.852306,3136
1050560,1198608,148,0.850758,3136
1050048,1198608,147,0.851599,3104
1052944,1198608,146,0.847694,3120
1049512,1198608,147,0.852275,3120
1050512,1198608,146,0.850927,3152
1047104,1198608,146,0.855348,3152
1047160,1198608,145,0.855279,3152
1046960,1198608,145,0.855586,3152
1046944,1198608,146,0.855606,3152
1049592,1198608,146,0.852192,3152
1046480,1198608,147,0.856158,3120
1043448,1198608,148,0.859786,3120
1040072,1198608,149,0.863633,3104
1040152,1198608,148,0.863545,3104
1043864,1198608,148,0.859261,3104
1040448,1198608,149,0.863164,3104
1043792,1198608,148,0.859289,3152
1047184,1198608,147,0.855159,3176
1050264,1198608,147,0.851159,3176
1046920,1198608,148,0.855487,3128
1044336,1198608,148,0.858676,3128
1043200,1198608,149,0.860028,3112
1040552,1198608,150,0.863048,3104
1042776,1198608,149,0.860482,3144
1043120,1198608,148,0.860084,3144
1044560,1198608,148,0.858334,3144
1045960,1198608,148,0.856589,3144
1042280,1198608,149,0.860942,3144
1041984,1198608,150,0.861281,3144
1045304,1198608,150,0.857327,3144
1048912,1198608,150,0.852771,3144
1047344,1198608,150,0.854820,3144
1050392,1198608,149,0.850895,3152
1048640,1198608,149,0.853232,3152
1052320,1198608,148,0.848352,3168
1050792,1198608,149,0.850440,3144
1052016,1198608,149,0.848733,3144
1048680,1198608,149,0.853191,3144
1051320,1198608,148,0.849715,3160
1049128,1198608,148,0.852657,3160
1053048,1198608,147,0.847385,3192
1050272,1198608,147,0.851190,3192
1050656,1198608,146,0.850684,3192
1047312,1198608,146,0.855089,3152
1047840,1198608,145,0.854429,3152
1045280,1198608,145,0.857635,3152
1046648,1198608,145,0.855912,3152
1044808,1198608,145,0.858200,3152
1048760,1198608,145,0.853263,3152
1045448,1198608,145,0.857433,3152
1043720,1198608,145,0.859543,3152
1042960,1198608,145,0.860528,3112
1041024,1198608,145,0.862781,3112
1044592,1198608,144,0.858657,3128
1044416,1198608,144,0.858922,3128
1047928,1198608,143,0.854619,3152
1049352,1198608,143,0.852750,3152
1050624,1198608,143,0.851032,3152
1053624,1198608,142,0.846931,3184
1053472,1198608,142,0.847219,3176
1050976,1198608,143,0.850599,3176
1049224,1198608,144,0.852945,3128
1049472,1198608,143,0.852626,3128
1050920,1198608,143,0.850673,3128
1049808,1198608,144,0.852130,3128
1046528,1198608,144,0.856334,3120
1048200,1198608,144,0.854197,3120
1048232,1198608,143,0.854157,3120
1045472,1198608,144,0.857558,3120
1048112,1198608,144,0.854247,3120
1049272,1198608,144,0.852709,3120
1046864,1198608,144,0.855803,3120
1046016,1198608,144,0.856910,3112
1049280,1198608,144,0.852771,3112
1050856,1198608,144,0.850652,3112
1047104,1198608,144,0.855517,3112
1050144,1198608,144,0.851588,3112
1047920,1198608,145,0.854439,3112
1051368,1198608,145,0.849907,3112
1048288,1198608,145,0.853975,3112
1048696,1198608,144,0.853457,3112
1046584,1198608,144,0.856158,3112
1045456,1198608,144,0.857587,3112
1045432,1198608,145,0.857616,3112
1047088,1198608,145,0.855537,3112
1050960,1198608,145,0.850514,3112
1054160,1198608,145,0.846081,3112
1050960,1198608,145,0.850514,3112
1053864,1198608,145,0.846496,3112
1053360,1198608,145,0.847319,3072
1055184,1198608,145,0.844685,3072
1051888,1198608,146,0.849263,3072
1053464,1198608,146,0.847042,3072
1049648,1198608,147,0.852161,3072
1050808,1198608,147,0.850578,3072
1048272,1198608,148,0.853863,3072
1046712,1198608,148,0.855872,3072
1048064,1198608,148,0.854126,3072
1051376,1198608,148,0.849758,3072
1050080,1198608,148,0.851547,3064
1050840,1198608,147,0.850525,3080
1047704,1198608,148,0.854569,3080
1045480,1198608,149,0.857307,3080
1047104,1198608,149,0.855259,3080
1047680,1198608,148,0.854509,3104
1046536,1198608,149,0.855932,3104
1047504,1198608,148,0.854710,3120
1045504,1198608,148,0.857230,3120
1042824,1198608,148,0.860482,3096
1044792,1198608,148,0.858114,3096
1047616,1198608,147,0.854660,3096
1044400,1198608,147,0.858638,3096
1045672,1198608,147,0.857056,3096
1042440,1198608,148,0.860869,3096
1039976,1198608,148,0.863695,3096
1041624,1198608,148,0.861800,3096
1042384,1198608,147,0.860897,3128
1038504,1198608,147,0.865299,3096
1036336,1198608,148,0.867593,3096
1032720,1198608,149,0.871297,3048
1032928,1198608,148,0.871092,3048
1032328,1198608,148,0.871743,3032
1035176,1198608,147,0.868878,3056
1038096,1198608,147,0.865779,3056
1039960,1198608,147,0.863704,3056
1039208,1198608,147,0.864589,3048
1038928,1198608,148,0.864893,3048
1035952,1198608,149,0.868040,3048
1038472,1198608,148,0.865342,3088
1042496,1198608,148,0.860814,3088
1043136,1198608,147,0.860065,3096
1040584,1198608,147,0.863022,3096
1038624,1198608,146,0.865281,3088
1041408,1198608,146,0.862161,3088
1039880,1198608,146,0.863915,3088
1035800,1198608,146,0.868321,3072
1037456,1198608,146,0.866544,3072
1039256,1198608,146,0.864563,3072
1039464,1198608,145,0.864336,3072
1037888,1198608,145,0.866086,3072
1035984,1198608,146,0.868082,3072
1035856,1198608,147,0.868214,3072
1037616,1198608,147,0.866324,3072
1037360,1198608,147,0.866662,3056
1040976,1198608,146,0.862682,3104
1041856,1198608,146,0.861636,3104
1043112,1198608,146,0.860139,3104
1041040,1198608,146,0.862557,3104
1043976,1198608,146,0.859130,3104
1040872,1198608,146,0.862745,3104
1038664,1198608,146,0.865221,3104
1039400,1198608,145,0.864423,3104
1037376,1198608,145,0.866646,3104
1035752,1198608,145,0.868387,3104
1032000,1198608,145,0.872179,3104
1032176,1198608,144,0.872008,3104
1034992,1198608,144,0.869163,3104
1031768,1198608,144,0.872404,3104
1031808,1198608,143,0.872365,3104
1033816,1198608,143,0.870346,3104
1033840,1198608,142,0.870323,3104
1032704,1198608,142,0.871493,3104
1033384,1198608,141,0.870792,3136
1031432,1198608,141,0.872743,3136
1031648,1198608,140,0.872535,3136
1029560,1198608,141,0.874516,3136
1030552,1198608,140,0.873552,3168
1029184,1198608,140,0.874881,3168
1030448,1198608,140,0.873651,3168
1030080,1198608,140,0.874044,3168
1032448,1198608,139,0.871743,3200
1032312,1198608,140,0.871876,3200
1028520,1198608,140,0.875510,3200
1026288,1198608,141,0.877528,3200
1023760,1198608,141,0.879820,3152
1025640,1198608,141,0.878145,3152
1029112,1198608,141,0.874963,3152
1029312,1198608,140,0.874777,3152
1031416,1198608,139,0.872789,3152
1029152,1198608,139,0.874970,3152
1032328,1198608,139,0.871907,3152
1029648,1198608,139,0.874531,3128
1031440,1198608,139,0.872789,3128
1029296,1198608,140,0.874814,3128
1030504,1198608,140,0.873636,3128
1030376,1198608,141,0.873757,3128
1028664,1198608,142,0.875355,3128
1030720,1198608,142,0.873385,3128
1026800,1198608,142,0.877050,3128
1025000,1198608,142,0.878685,3128
1027936,1198608,141,0.876030,3168
1027504,1198608,141,0.876466,3168
1031368,1198608,141,0.872819,3168
1031768,1198608,140,0.872434,3168
1035728,1198608,139,0.868444,3216
1033120,1198608,140,0.871068,3216
1033152,1198608,139,0.871037,3216
1030936,1198608,139,0.873233,3216
1027824,1198608,140,0.876154,3192
1027680,1198608,140,0.876335,3184
1028720,1198608,140,0.875340,3184
1025224,1198608,141,0.878482,3184
1024560,1198608,140,0.879144,3184
1025776,1198608,140,0.878039,3184
1027560,1198608,140,0.876401,3184
1030800,1198608,140,0.873347,3184
1034080,1198608,140,0.870099,3184
1033080,1198608,141,0.871124,3152
1030992,1198608,142,0.873149,3152
1033136,1198608,142,0.871021,3152
1031232,1198608,143,0.872873,3152
1031496,1198608,142,0.872612,3160
1033480,1198608,142,0.870625,3160
1031336,1198608,143,0.872720,3160
1027312,1198608,143,0.876516,3160
1031216,1198608,143,0.872835,3160
1033176,1198608,143,0.870879,3160
1032232,1198608,144,0.871806,3160
1036096,1198608,144,0.867875,3160
1034776,1198608,145,0.869228,3160
1031840,1198608,146,0.872179,3120
1035720,1198608,146,0.868255,3120
1039400,1198608,146,0.864301,3120
1038688,1198608,146,0.865143,3104
1036376,1198608,147,0.867593,3104
1038040,1198608,147,0.865788,3104
1040040,1198608,147,0.863563,3104
1039152,1198608,147,0.864606,3088
1035160,1198608,147,0.868862,3088
1038640,1198608,146,0.865195,3104
1040896,1198608,146,0.862665,3104
1038752,1198608,147,0.865022,3104
1039040,1198608,146,0.864702,3112
1037016,1198608,146,0.866915,3112
1038256,1198608,146,0.865548,3112
1035264,1198608,146,0.868731,3112
1032360,1198608,147,0.871634,3112
1036136,1198608,147,0.867784,3112
1036944,1198608,146,0.866907,3144
1033088,1198608,146,0.870887,3144
1033408,1198608,145,0.870569,3144
1030760,1198608,146,0.873149,3144
1032016,1198608,146,0.871892,3144
1028624,1198608,147,0.875133,3120
1030920,1198608,147,0.872927,3120
1029872,1198608,147,0.873968,3120
1028528,1198608,147,0.875281,3104
1030992,1198608,147,0.872919,3104
1032808,1198608,147,0.871108,3104
1032048,1198608,148,0.871868,3088
1032648,1198608,147,0.871273,3096
1031632,1198608,147,0.872311,3096
1030832,1198608,148,0.873095,3080
1034680,1198608,148,0.869260,3080
1037112,1198608,148,0.866696,3080
1036232,1198608,148,0.867667,3080
1039800,1198608,147,0.863827,3104
1038672,1198608,148,0.865066,3096
1037680,1198608,149,0.866163,3064
1038384,1198608,148,0.865385,3088
1040952,1198608,148,0.862512,3088
1038840,1198608,149,0.864841,3088
1039952,1198608,148,0.863607,3104
1038632,1198608,148,0.865100,3104
1042624,1198608,148,0.860593,3104
1038792,1198608,149,0.864875,3104
1036736,1198608,149,0.867117,3104
1039720,1198608,149,0.863863,3104
1042032,1198608,149,0.861217,3104
1038256,1198608,149,0.865453,3104
1041584,1198608,149,0.861727,3104
1039928,1198608,150,0.863580,3104
1036224,1198608,151,0.867576,3080
1039032,1198608,151,0.864536,3080
1041792,1198608,151,0.861409,3080
1038208,1198608,151,0.865428,3080
1041000,1198608,151,0.862306,3080
1038688,1198608,151,0.864910,3080
1034824,1198608,151,0.869017,3080
1036040,1198608,151,0.867717,3080
1038224,1198608,151,0.865359,3080
1037080,1198608,151,0.866629,3080
1039192,1198608,150,0.864362,3080
1035576,1198608,150,0.868296,3032
1037488,1198608,150,0.866248,3032
1034824,1198608,150,0.869065,3032
1032384,1198608,151,0.871501,3032
1031680,1198608,152,0.872187,3032
1034688,1198608,152,0.869155,3032
1034064,1198608,152,0.869858,3008
1033256,1198608,152,0.870712,3008
1036680,1198608,152,0.867175,3008
1039920,1198608,152,0.863642,3008
1039728,1198608,152,0.863906,3008
1043072,1198608,152,0.860074,3008
1039088,1198608,152,0.864606,3008
1042528,1198608,152,0.860703,3008
1042800,1198608,151,0.860390,3008
1043400,1198608,150,0.859683,3016
1039952,1198608,150,0.863651,3016
1036368,1198608,150,0.867543,3016
1037640,1198608,149,0.866154,3064
1039208,1198608,149,0.864414,3064
1036984,1198608,150,0.866839,3024
1036064,1198608,150,0.867850,3024
1033848,1198608,151,0.870107,3024
1034176,1198608,150,0.869778,3024
1037408,1198608,150,0.866392,3024
1039144,1198608,149,0.864519,3032
1035088,1198608,150,0.868796,3032
1035384,1198608,149,0.868493,3032
1033912,1198608,149,0.870035,3032
1033664,1198608,150,0.870283,3032
1029696,1198608,151,0.874126,3032
1031272,1198608,150,0.872627,3032
1035072,1198608,149,0.868862,3032
1039056,1198608,148,0.864641,3056
1038856,1198608,149,0.864858,3056
1037976,1198608,150,0.865830,3032
1039104,1198608,149,0.864606,3040
1040048,1198608,148,0.863572,3040
1039768,1198608,149,0.863880,3040
1039360,1198608,150,0.864327,3040
1038656,1198608,151,0.865117,3016
1042312,1198608,151,0.860997,3016
1039208,1198608,152,0.864467,3016
1042456,1198608,152,0.860777,3016
1039016,1198608,152,0.864676,3016
1037040,1198608,152,0.866839,3016
1036272,1198608,152,0.867701,3008
1039912,1198608,152,0.863757,3008
1042816,1198608,152,0.860427,3008
1044888,1198608,152,0.857933,3008
1041176,1198608,152,0.862297,3008
1037392,1198608,153,0.866426,3008
1035392,1198608,153,0.868559,3008
1031552,1198608,153,0.872427,3008
1032784,1198608,153,0.871179,3008
1036432,1198608,153,0.867434,3008
1037288,1198608,152,0.866536,3008
1034448,1198608,153,0.869471,3008
1036056,1198608,153,0.867775,3008
1036016,1198608,154,0.867817,3008
1039888,1198608,153,0.863625,3056
1036936,1198608,153,0.866856,3056
1038072,1198608,152,0.865642,3064
1040256,1198608,152,0.863208,3064
1037344,1198608,153,0.866366,3064
1033464,1198608,154,0.870354,3064
1035008,1198608,154,0.868747,3064
1037480,1198608,154,0.866120,3064
1033880,1198608,155,0.869890,3016
1031632,1198608,154,0.872202,3016
1033400,1198608,154,0.870418,3016
1033664,1198608,153,0.870155,3016
1031560,1198608,154,0.872226,3016
1033152,1198608,154,0.870617,3016
1033952,1198608,153,0.869818,3016
1035744,1198608,153,0.867941,3016
1034608,1198608,154,0.869106,3016
1033032,1198608,154,0.870760,2992
1031616,1198608,154,0.872195,2992
1031872,1198608,153,0.871946,2992
1033760,1198608,153,0.870035,2992
1031248,1198608,154,0.872504,2992
1033896,1198608,154,0.869850,2992
1030928,1198608,155,0.872766,2992
1029368,1198608,155,0.874292,2992
1033368,1198608,155,0.870378,2992
1035584,1198608,155,0.868082,2992
1036600,1198608,154,0.867024,2992
1034440,1198608,154,0.869301,2992
1037312,1198608,154,0.866273,2992
1035400,1198608,155,0.868271,2992
1039288,1198608,155,0.864091,2992
1037256,1198608,156,0.866282,2992
1037832,1198608,155,0.865616,3040
1035864,1198608,156,0.867692,3040
1034712,1198608,157,0.868878,3040
1031592,1198608,157,0.872032,3040
1033016,1198608,157,0.870585,3040
1034960,1198608,156,0.868600,3064
1035696,1198608,155,0.867817,3088
1034432,1198608,155,0.869163,3088
1036560,1198608,155,0.866915,3088
1034352,1198608,156,0.869195,3088
1032688,1198608,156,0.870910,3088
1034720,1198608,155,0.868870,3088
1037112,1198608,155,0.866333,3088
1033208,1198608,155,0.870394,3088
1031344,1198608,156,0.872233,3080
1030904,1198608,157,0.872658,3080
1026880,1198608,158,0.876415,3080
1023232,1198608,158,0.879676,3080
1026136,1198608,158,0.877086,3080
1028808,1198608,158,0.874598,3080
1032160,1198608,158,0.871344,3080
1029520,1198608,157,0.873976,3080
1032800,1198608,157,0.870760,3080
1031120,1198608,157,0.872450,3080
1027768,1198608,156,0.875693,3080
1026312,1198608,156,0.877064,3072
1028104,1198608,155,0.875407,3104
1030216,1198608,155,0.873385,3104
1032736,1198608,155,0.870895,3104
1033248,1198608,154,0.870378,3112
1034512,1198608,154,0.869057,3112
1032544,1198608,155,0.871029,3112
1034816,1198608,155,0.868698,3112
1033848,1198608,156,0.869713,3080
1035032,1198608,155,0.868502,3088
1032752,1198608,156,0.870800,3088
1035840,1198608,156,0.867617,3088
1034608,1198608,157,0.868886,3088
1036104,1198608,157,0.867292,3088
1033376,1198608,158,0.870083,3088
1032928,1198608,159,0.870561,3056
1035528,1198608,159,0.867875,3056
1036976,1198608,159,0.866307,3056
1035960,1198608,160,0.867376,3056
1039144,1198608,160,0.863915,3056
1035296,1198608,160,0.868065,3056
1038632,1198608,160,0.864475,3056
1037776,1198608,161,0.865436,3024
1036840,1198608,161,0.866485,3024
1040240,1198608,161,0.862736,3024
1041512,1198608,161,0.861245,3024
1039728,1198608,161,0.863306,3024
1042504,1198608,161,0.860102,3024
1038768,1198608,161,0.864362,3024
1038832,1198608,160,0.864292,3024
1038096,1198608,161,0.865092,3024
1040864,1198608,161,0.861981,3024
1039704,1198608,160,0.863386,3024
1042176,1198608,160,0.860537,3024
1041976,1198608,161,0.860768,3024
1045120,1198608,161,0.856997,3024
1045064,1198608,162,0.857065,3024
1047000,1198608,161,0.854660,3040
1043984,1198608,161,0.858401,3040
1044280,1198608,160,0.858038,3048
1041152,1198608,161,0.861682,3048
1037432,1198608,161,0.865830,3048
1035960,1198608,161,0.867434,3048
1034168,1198608,161,0.869325,3048
1032040,1198608,161,0.871493,3048
1035040,1198608,161,0.868436,3048
1038384,1198608,161,0.864858,3048
1036624,1198608,161,0.866789,3048
1039208,1198608,161,0.863959,3048
1040624,1198608,161,0.862333,3048
1041944,1198608,161,0.860777,3048
1040320,1198608,162,0.862620,3048
1037080,1198608,162,0.866205,3048
1034832,1198608,163,0.868551,3048
1036816,1198608,163,0.866434,3048
1037368,1198608,162,0.865847,3048
1038480,1198608,161,0.864623,3072
1041328,1198608,161,0.861400,3072
1040488,1198608,162,0.862387,3040
1037680,1198608,162,0.865522,3040
1041280,1198608,162,0.861491,3040
1040680,1198608,163,0.862179,3032
1044432,1198608,163,0.857760,3032
1045408,1198608,162,0.856550,3056
1042072,1198608,162,0.860565,3056
1042040,1198608,162,0.860657,3056
1041472,1198608,162,0.861363,3056
1037968,1198608,162,0.865299,3056
1034240,1198608,163,0.869195,3056
1037872,1198608,162,0.865393,3064
1033880,1198608,161,0.869689,3024
1031920,1198608,161,0.871681,3024
1028112,1198608,161,0.875340,3024
1031904,1198608,161,0.871697,3024
1032280,1198608,160,0.871313,3040
1033304,1198608,159,0.870299,3040
1035184,1198608,158,0.868370,3064
1036064,1198608,157,0.867451,3072
1040048,1198608,157,0.863111,3072
1039472,1198608,158,0.863801,3024
1037288,1198608,158,0.866214,3024
1037776,1198608,157,0.865694,3024
1041768,1198608,157,0.861226,3024
1040216,1198608,157,0.863031,3024
1042240,1198608,157,0.860685,3024
1038928,1198608,156,0.864502,3024
1040488,1198608,156,0.862727,3024
1037408,1198608,157,0.866086,3024
1040992,1198608,157,0.862107,3024
1041928,1198608,156,0.861034,3032
1040272,1198608,156,0.862959,3032
1041240,1198608,155,0.861827,3072
1037608,1198608,156,0.865830,3064
1037664,1198608,155,0.865771,3064
1034736,1198608,155,0.868878,3064
1033520,1198608,155,0.870155,3064
1035288,1198608,154,0.868329,3096
1032360,1198608,154,0.871320,3096
1031680,1198608,155,0.872016,3064
1035496,1198608,155,0.868148,3064
1038224,1198608,155,0.865221,3064
1041928,1198608,155,0.861052,3064
1040040,1198608,156,0.863182,3064
1038304,1198608,157,0.865092,3056
1041736,1198608,157,0.861226,3056
1038088,1198608,157,0.865324,3056
1038544,1198608,156,0.864832,3056
1038752,1198608,155,0.864606,3056
1036096,1198608,156,0.867459,3032
1033616,1198608,156,0.870043,3032
1036320,1198608,156,0.867225,3032
1032744,1198608,156,0.870910,3032
1033056,1198608,155,0.870601,3032
1033168,1198608,154,0.870490,3032
1032368,1198608,155,0.871281,3032
1033448,1198608,155,0.870163,3032
1033192,1198608,156,0.870418,3032
1036424,1198608,156,0.867066,3032
1034632,1198608,157,0.868919,3032
1035808,1198608,157,0.867659,3032
1034440,1198608,157,0.869114,3032
1033256,1198608,158,0.870315,3024
1036944,1198608,158,0.866477,3024
1033600,1198608,158,0.869970,3024
1030456,1198608,159,0.873049,3024
1032392,1198608,158,0.871147,3048
1034952,1198608,157,0.868559,3064
1033328,1198608,158,0.870243,3024
1031056,1198608,158,0.872519,3024
1033056,1198608,158,0.870514,3024
1036432,1198608,158,0.867016,3024
1036952,1198608,157,0.866460,3032
1034168,1198608,157,0.869390,3032
1037448,1198608,157,0.865933,3032
1034512,1198608,158,0.868992,3032
1035720,1198608,158,0.867701,3032
1033824,1198608,159,0.869649,3024
1035344,1198608,159,0.868049,3024
1033864,1198608,160,0.869576,3008
1036648,1198608,160,0.866654,3008
1036000,1198608,160,0.867384,3008
1039136,1198608,159,0.864021,3016
1036464,1198608,160,0.866890,3016
1037392,1198608,159,0.865907,3016
1035848,1198608,159,0.867584,3016
1038432,1198608,159,0.864789,3016
1037992,1198608,160,0.865264,3016
1035848,1198608,160,0.867601,3000
1037736,1198608,159,0.865608,3000
1035824,1198608,159,0.867676,3000
1035064,1198608,160,0.868485,2976
1037888,1198608,160,0.865471,2976
1041928,1198608,160,0.860933,2976
1039976,1198608,161,0.863137,2976
1037072,1198608,160,0.866392,2976
1035632,1198608,159,0.867999,2976
1033456,1198608,159,0.870259,2976
1035464,1198608,159,0.868172,2976
1035912,1198608,158,0.867709,2976
1039088,1198608,158,0.864275,2976
1042768,1198608,158,0.860074,2976
1044688,1198608,157,0.857770,3008
1043560,1198608,156,0.859224,3008
1042312,1198608,157,0.860676,3008
1041104,1198608,157,0.862107,3008
1045192,1198608,157,0.857278,3008
1045608,1198608,156,0.856774,3008
1046888,1198608,156,0.855139,3008
1044840,1198608,157,0.857645,3008
1048728,1198608,157,0.852750,3008
1045304,1198608,157,0.857085,3008
1047632,1198608,157,0.854146,3008
1044584,1198608,157,0.857952,3008
1048016,1198608,157,0.853660,3008
1046752,1198608,158,0.855249,3008
1048904,1198608,158,0.852461,3008
1045880,1198608,159,0.856266,3008
1048832,1198608,159,0.852492,3008
1046072,1198608,159,0.856030,3008
1046696,1198608,158,0.855259,3008
1044264,1198608,157,0.858334,3008
1047952,1198608,156,0.853752,3048
1046528,1198608,156,0.855596,3048
1043760,1198608,157,0.858941,3048
1045088,1198608,157,0.857298,3048
1047864,1198608,156,0.853863,3048
1045472,1198608,156,0.856891,3048
1049024,1198608,156,0.852379,3048
1046248,1198608,157,0.855882,3048
1048096,1198608,156,0.853569,3048
1047752,1198608,156,0.854066,3048
1047016,1198608,156,0.855050,3048
1045600,1198608,156,0.856852,3048
1047664,1198608,156,0.854237,3048
1045816,1198608,156,0.856637,3008
1049784,1198608,156,0.851567,3008
1049968,1198608,155,0.851327,3008
1048200,1198608,156,0.853609,3008
1045680,1198608,157,0.856745,3008
1049472,1198608,157,0.851912,3008
1046624,1198608,157,0.855586,3008
1050544,1198608,157,0.850504,3008
1049776,1198608,158,0.851526,3000
1052400,1198608,158,0.847947,3000
1050168,1198608,158,0.851043,2976
1046976,1198608,158,0.855189,2976
1047664,1198608,157,0.854318,2984
1051760,1198608,157,0.848906,2984
1050624,1198608,157,0.850493,2984
1052400,1198608,156,0.848078,3000
1051000,1198608,156,0.850036,3000
1054880,1198608,156,0.880817,3000
1051336,1198608,156,0.884637,3000
1047432,1198608,157,0.888521,3000
1046416,1198608,158,0.889489,3000
1050024,1198608,158,0.885924,3000
1052072,1198608,157,0.883825,3000
1052752,1198608,156,0.883076,3032
1054304,1198608,156,0.881360,3032
1055344,1198608,156,0.880163,3032
1053696,1198608,157,0.881966,3032
1054808,1198608,157,0.880703,3032
1050856,1198608,157,0.884974,3008
1054232,1198608,156,0.881386,3032
1050568,1198608,156,0.885292,3032
1053848,1198608,155,0.881845,3040
1052600,1198608,156,0.883186,3032
1053952,1198608,156,0.881690,3032
1053792,1198608,156,0.881915,3032
1054472,1198608,155,0.881133,3072
1053520,1198608,155,0.882241,3048
1056240,1198608,154,0.879196,3096
1053600,1198608,155,0.882121,3080
1051456,1198608,155,0.884431,3080
1050760,1198608,156,0.885154,3072
1050824,1198608,155,0.885089,3072
1052824,1198608,155,0.882958,3072
1055624,1198608,155,0.879860,3072
1052968,1198608,156,0.882754,3072
1056048,1198608,156,0.879331,3072
1053400,1198608,156,0.882293,3072
1051248,1198608,156,0.884604,3072
1052680,1198608,156,0.883060,3072
1054088,1198608,156,0.881499,3072
1052416,1198608,156,0.883338,3072
1054624,1198608,156,0.880914,3072
1053664,1198608,157,0.881958,3072
1054072,1198608,156,0.881499,3088
1053944,1198608,157,0.881638,3088
1054432,1198608,156,0.881089,3104
1052992,1198608,155,0.882746,3104
1052008,1198608,156,0.883800,3088
1050736,1198608,157,0.885162,3040
1054512,1198608,157,0.881124,3040
1056360,1198608,156,0.879042,3064
1057800,1198608,156,0.877334,3064
1055688,1198608,156,0.879798,3064
1055848,1198608,155,0.879619,3064
1052584,1198608,155,0.883220,3064
1052856,1198608,154,0.882932,3064
1051216,1198608,155,0.884646,3064
1052664,1198608,155,0.883085,3064
1051392,1198608,156,0.884415,3064
1054048,1198608,155,0.881603,3064
1051328,1198608,156,0.884481,3064
1049440,1198608,156,0.886445,3064
1048760,1198608,156,0.887198,3032
1051360,1198608,156,0.884530,3032
1053832,1198608,155,0.881897,3056
1053624,1198608,156,0.882121,3056
1054368,1198608,155,0.881316,3056
1055344,1198608,154,0.880216,3080
1054272,1198608,155,0.881394,3080
1050992,1198608,156,0.884859,3080
1051504,1198608,155,0.884307,3104
1053992,1198608,154,0.881638,3136
1051216,1198608,155,0.884571,3136
1047648,1198608,156,0.888151,3120
1047376,1198608,157,0.888413,3120
1049768,1198608,157,0.886013,3120
1052248,1198608,157,0.883414,3120
1052592,1198608,156,0.883034,3136
1050480,1198608,156,0.885301,3112
1050816,1198608,155,0.884925,3144
1047840,1198608,155,0.887949,3136
1050144,1198608,155,0.885617,3136
1049424,1198608,156,0.886349,3128
1050288,1198608,155,0.885471,3136
1050208,1198608,156,0.885552,3136
1049832,1198608,156,0.885996,3120
1053648,1198608,156,0.881975,3120
1051960,1198608,157,0.883766,3120
1053864,1198608,156,0.881742,3120
1050048,1198608,156,0.885779,3120
1053128,1198608,156,0.882533,3120
1054816,1198608,155,0.880703,3120
1053584,1198608,155,0.882095,3120
1054456,1198608,154,0.881150,3120
1053600,1198608,155,0.882078,3120
1049952,1198608,154,0.885972,3120
1051528,1198608,154,0.884315,3120
1049416,1198608,154,0.886509,3120
1046896,1198608,155,0.889003,3080
1049320,1198608,155,0.886596,3080
1048080,1198608,156,0.887817,3080
1044864,1198608,157,0.890892,3048
1048288,1198608,157,0.887598,3048
1045384,1198608,158,0.890366,3048
1046104,1198608,157,0.889685,3056
1046656,1198608,156,0.889156,3064
1049448,1198608,156,0.886389,3064
1051464,1198608,156,0.884290,3064
1049408,1198608,156,0.886429,3064
1048192,1198608,156,0.887676,3064
1049688,1198608,156,0.886149,3064
1049160,1198608,157,0.886676,3064
1046624,1198608,158,0.889140,3064
1048336,1198608,158,0.887442,3064
1046568,1198608,159,0.889178,3032
1048288,1198608,159,0.887473,3032
1046880,1198608,158,0.888927,3032
1046560,1198608,159,0.889232,3032
1050616,1198608,159,0.885195,3032
1052128,1198608,159,0.883582,3032
1053696,1198608,159,0.881863,3032
1056024,1198608,159,0.879241,3032
1053096,1198608,159,0.882507,3032
1054056,1198608,158,0.881473,3032
1053992,1198608,158,0.881594,3032
1056824,1198608,158,0.878387,3032
1054888,1198608,159,0.880588,3008
1056480,1198608,159,0.878752,3008
1053992,1198608,160,0.881551,2976
1057464,1198608,160,0.877604,2976
1054824,1198608,160,0.880641,2976
1056840,1198608,160,0.878322,2976
1053664,1198608,159,0.881958,2976
1056272,1198608,159,0.879024,2976
1055248,1198608,159,0.880261,2944
1058536,1198608,158,0.876471,2968
1057728,1198608,158,0.877483,2960
1060496,1198608,158,0.874124,2960
1056576,1198608,159,0.878752,2960
1055440,1198608,160,0.880039,2952
1057768,1198608,160,0.877334,2952
1060584,1198608,160,0.873908,2952
1059008,1198608,161,0.875816,2952
1060808,1198608,161,0.873572,2952
1058648,1198608,161,0.876244,2952
1059448,1198608,160,0.875289,2952
1058120,1198608,160,0.876923,2952
1061576,1198608,160,0.872676,2952
1058008,1198608,161,0.876998,2952
1054960,1198608,161,0.880518,2952
1056520,1198608,160,0.878752,2968
1053432,1198608,161,0.882164,2968
1055968,1198608,161,0.879322,2968
1057184,1198608,160,0.877909,2992
1056880,1198608,160,0.878332,2976
1054408,1198608,161,0.881098,2976
1053272,1198608,161,0.882379,2976
1049400,1198608,161,0.886429,2976
1049192,1198608,162,0.886636,2976
1052376,1198608,162,0.883330,2976
1053184,1198608,161,0.882421,3024
1054720,1198608,160,0.880747,3032
1052784,1198608,161,0.882839,3032
1053824,1198608,160,0.881690,3064
1056032,1198608,160,0.879196,3064
1056632,1198608,159,0.878478,3096
1052912,1198608,159,0.882635,3096
1051128,1198608,158,0.884604,3096
1052512,1198608,157,0.883127,3128
1051912,1198608,158,0.883791,3096
1049912,1198608,158,0.885892,3096
1046832,1198608,159,0.888927,3080
1048840,1198608,159,0.886930,3080
1048032,1198608,160,0.887770,3032
1049400,1198608,160,0.886373,3032
1051304,1198608,160,0.884390,3032
1051728,1198608,159,0.883950,3032
1053776,1198608,159,0.881724,3032
1051768,1198608,160,0.883891,3000
1048688,1198608,160,0.887064,3000
1045176,1198608,161,0.890448,2976
1048120,1198608,161,0.887598,2976
1046240,1198608,161,0.889451,2976
1045728,1198608,161,0.889986,2968
1042928,1198608,161,0.892589,2968
1039712,1198608,161,0.895465,2920
1040136,1198608,160,0.895099,2928
1040304,1198608,159,0.894956,2928
1038520,1198608,158,0.896536,2928
1041736,1198608,158,0.893761,2928
1041880,1198608,157,0.893635,2928
1043640,1198608,157,0.892029,2928
1044672,1198608,156,0.891090,2928
1042528,1198608,156,0.893065,2928
1045672,1198608,155,0.890202,2936
1045944,1198608,154,0.889941,2944
1041976,1198608,154,0.893579,2944
1044728,1198608,154,0.891068,2944
1043464,1198608,155,0.892224,2936
1044176,1198608,154,0.891558,2960
1040192,1198608,154,0.895126,2936
1043752,1198608,154,0.891964,2936
1042824,1198608,154,0.892881,2888
1045464,1198608,154,0.890441,2888
1041464,1198608,154,0.894074,2888
1043152,1198608,154,0.892546,2888
1039568,1198608,154,0.895695,2888
1036096,1198608,154,0.898575,2888
1035488,1198608,155,0.899057,2888
1035000,1198608,156,0.899452,2872
1032560,1198608,157,0.901325,2872
1036504,1198608,157,0.898224,2872
1035528,1198608,158,0.899019,2848
1035688,1198608,157,0.898893,2848
1033960,1198608,157,0.900278,2848
1037064,1198608,157,0.897793,2848
1034312,1198608,157,0.900006,2848
1035352,1198608,156,0.899170,2880
1033024,1198608,156,0.901005,2880
1037104,1198608,156,0.897773,2880
1035200,1198608,157,0.899290,2880
1037912,1198608,157,0.897077,2880
1036152,1198608,157,0.898537,2880
1033880,1198608,158,0.900339,2848
1032856,1198608,159,0.901120,2848
1035440,1198608,159,0.899088,2848
1033616,1198608,160,0.900505,2848
1034144,1198608,159,0.900087,2864
1033520,1198608,159,0.900603,2864
1034744,1198608,158,0.899652,2872
1037864,1198608,158,0.897122,2872
1041184,1198608,158,0.894289,2872
1039832,1198608,158,0.895486,2872
1043192,1198608,158,0.892525,2872
1041744,1198608,158,0.893845,2872
1037952,1198608,159,0.897050,2872
1035048,1198608,159,0.899415,2872
1032408,1198608,159,0.901475,2872
1031856,1198608,159,0.901924,2872
1032944,1198608,158,0.901077,2912
1036296,1198608,158,0.898435,2912
1037752,1198608,158,0.897221,2912
1039288,1198608,158,0.895910,2912
1040392,1198608,157,0.894942,2952
1044400,1198608,157,0.891361,2952
1048184,1198608,156,0.887786,2960
1048840,1198608,155,0.887096,3008
1047800,1198608,154,0.888205,3008
1048048,1198608,153,0.887965,3008
1050976,1198608,153,0.884999,3008
1050528,1198608,154,0.885455,3008
1053256,1198608,154,0.882567,3008
1052584,1198608,154,0.883355,2984
1054568,1198608,154,0.881176,2984
1054296,1198608,155,0.881481,2976
1050640,1198608,155,0.885398,2952
1049288,1198608,155,0.886803,2952
1049376,1198608,154,0.886716,2952
1050376,1198608,153,0.885714,2952
1051048,1198608,153,0.884982,2952
1047200,1198608,154,0.888812,2928
1050872,1198608,154,0.885138,2928
1050016,1198608,153,0.886101,2928
1048456,1198608,154,0.887661,2912
1051936,1198608,154,0.884108,2912
1050072,1198608,154,0.886061,2912
1053944,1198608,154,0.881983,2912
1054448,1198608,153,0.881438,2912
1051824,1198608,153,0.884274,2912
1053792,1198608,153,0.882147,2912
1053568,1198608,153,0.882439,2912
1052120,1198608,153,0.884016,2912
1051992,1198608,154,0.884149,2912
1055272,1198608,154,0.880588,2912
1054856,1198608,155,0.881045,2912
1058808,1198608,155,0.876500,2912
1056224,1198608,155,0.879529,2912
1056264,1198608,154,0.879484,2912
1055168,1198608,155,0.880729,2888
1056896,1198608,155,0.878742,2888
1056600,1198608,155,0.879141,2880
1056736,1198608,154,0.878988,2880
1060032,1198608,154,0.875077,2880
1062224,1198608,154,0.872314,2880
1060768,1198608,154,0.874182,2880
1062544,1198608,153,0.871919,2920
1058560,1198608,153,0.876839,2920
1058040,1198608,154,0.877492,2880
1054080,1198608,155,0.881975,2832
1054520,1198608,154,0.881490,2840
1056792,1198608,153,0.878951,2856
1053592,1198608,154,0.882473,2856
1056648,1198608,154,0.879060,2856
1060384,1198608,154,0.874622,2856
1060112,1198608,155,0.874952,2856
1058472,1198608,156,0.876904,2856
1060880,1198608,155,0.873976,2888
1057424,1198608,155,0.878139,2888
1058968,1198608,154,0.876339,2888
1061760,1198608,153,0.872936,2896
1057672,1198608,154,0.877844,2896
1057632,1198608,155,0.877890,2896
1057800,1198608,154,0.877696,2896
1058656,1198608,153,0.876698,2896
1055184,1198608,154,0.880650,2896
1053168,1198608,155,0.882831,2896
1057024,1198608,155,0.878533,2896
1058616,1198608,154,0.876632,2944
1056680,1198608,154,0.878942,2928
1054800,1198608,154,0.881089,2928
1057624,1198608,154,0.877863,2928
1054032,1198608,155,0.881871,2928
1055216,1198608,155,0.880526,2928
1054240,1198608,156,0.881603,2920
1051056,1198608,156,0.885007,2920
1051568,1198608,155,0.884472,2928
1055264,1198608,155,0.880473,2928
1056144,1198608,154,0.879484,2936
1054136,1198608,153,0.881802,2936
1057928,1198608,153,0.877502,2936
1055448,1198608,153,0.880367,2936
1058480,1198608,153,0.876857,2936
1054616,1198608,154,0.881229,2936
1052696,1198608,154,0.883338,2936
1055776,1198608,154,0.879949,2936
1056752,1198608,153,0.878842,2944
1054424,1198608,154,0.881429,2944
1056856,1198608,154,0.878670,2944
1054784,1198608,155,0.880984,2944
1054584,1198608,156,0.881203,2944
1058152,1198608,155,0.877148,2968
1055944,1198608,155,0.879726,2968
1053496,1198608,155,0.882456,2968
1056992,1198608,155,0.878542,2968
1055248,1198608,155,0.880553,2968
1054240,1198608,156,0.881655,2968
1056528,1198608,155,0.879114,2976
1052976,1198608,156,0.883000,2976
1049800,1198608,157,0.886269,2976
1052144,1198608,157,0.883825,2976
1053288,1198608,156,0.882601,2992
1054064,1198608,155,0.881759,3000
1057600,1198608,154,0.877789,3016
1061384,1198608,154,0.873195,3016
1059248,1198608,155,0.875797,3016
1059808,1198608,154,0.875126,3016
1059184,1198608,153,0.875998,3008
1057248,1198608,153,0.878313,3008
1057632,1198608,152,0.877863,3016
1056400,1198608,152,0.879322,3016
1058448,1198608,151,0.876942,3040
1062368,1198608,151,0.872111,3040
1059936,1198608,152,0.875116,3040
1062728,1198608,151,0.871603,3080
1059016,1198608,151,0.876225,3080
1061432,1198608,150,0.873275,3096
1057680,1198608,151,0.877770,3096
1056944,1198608,152,0.878642,3072
1057864,1198608,151,0.877557,3096
1056640,1198608,151,0.879015,3096
1058376,1198608,151,0.876961,3096
1056496,1198608,152,0.879150,3072
1056176,1198608,152,0.879565,3072
1053032,1198608,153,0.882992,3072
1056616,1198608,153,0.879015,3072
1058000,1198608,153,0.877371,3072
1057840,1198608,154,0.877557,3072
1060776,1198608,154,0.873996,3072
1060376,1198608,153,0.874612,3064
1063000,1198608,153,0.871276,3064
1059056,1198608,153,0.876197,3064
1060608,1198608,152,0.874300,3088
1063072,1198608,152,0.871153,3088
1060608,1198608,153,0.874241,3088
1061112,1198608,152,0.873612,3096
1061336,1198608,151,0.873334,3096
1057584,1198608,152,0.877826,3096
1056224,1198608,152,0.866299,3096
1052744,1198608,152,0.870576,3080
1049160,1198608,152,0.874685,3080
1049256,1198608,151,0.874580,3080
1049648,1198608,150,0.874140,3088
1053064,1198608,150,0.870192,3088
1053824,1198608,149,0.869292,3088
1052256,1198608,149,0.871190,3088
1049352,1198608,149,0.874519,3088
1049328,1198608,149,0.874598,3088
1048984,1198608,150,0.874991,3072
1050472,1198608,149,0.873303,3112
1051648,1198608,149,0.871918,3112
1051064,1198608,149,0.872646,3104
1049056,1198608,149,0.874930,3104
1046144,1198608,150,0.878029,3104
1046304,1198608,149,0.877863,3104
1049128,1198608,149,0.874799,3104
1050184,1198608,149,0.873580,3104
1051464,1198608,148,0.872091,3144
1050424,1198608,148,0.873321,3144
1051616,1198608,147,0.871973,3144
1049648,1198608,147,0.874237,3144
1052784,1198608,147,0.870623,3144
1051976,1198608,148,0.871596,3112
1053224,1198608,147,0.870126,3128
1049640,1198608,147,0.874263,3128
1048464,1198608,147,0.875599,3128
1051528,1198608,146,0.872155,3168
1052624,1198608,146,0.870838,3168
1050552,1198608,147,0.873205,3168
1052024,1198608,147,0.871477,3168
1054416,1198608,147,0.868602,3168
1053416,1198608,148,0.869796,3168
1054872,1198608,148,0.867993,3168
1052728,1198608,147,0.870660,3168
1055376,1198608,147,0.867436,3168
1051680,1198608,148,0.871817,3168
1052488,1198608,147,0.870847,3200
1049256,1198608,148,0.874501,3200
1049816,1198608,147,0.873874,3208
1047344,1198608,147,0.876635,3184
1045344,1198608,148,0.878722,3184
1048488,1198608,148,0.875356,3184
1050064,1198608,148,0.873571,3184
1049896,1198608,149,0.873758,3184
1050752,1198608,148,0.872791,3192
1048392,1198608,148,0.875452,3192
1046592,1198608,148,0.877420,3192
1045464,1198608,149,0.878624,3160
1046824,1198608,149,0.877159,3160
1046440,1198608,150,0.877562,3160
1050248,1198608,149,0.873446,3160
1048712,1198608,149,0.875200,3152
1045880,1198608,149,0.878253,3152
1047544,1198608,149,0.876456,3152
1047104,1198608,149,0.876982,3144
1043856,1198608,149,0.880366,3144
1047424,1198608,149,0.876643,3144
1049720,1198608,149,0.874104,3144
1052480,1198608,149,0.870921,3144
1055504,1198608,149,0.867249,3144
1057920,1198608,149,0.864150,3144
1055952,1198608,149,0.866696,3144
1057960,1198608,148,0.864150,3152
1057280,1198608,149,0.865070,3112
1058440,1198608,148,0.863581,3112
1054648,1198608,149,0.868332,3112
1053288,1198608,150,0.869956,3112
1056504,1198608,150,0.865989,3112
1059552,1198608,150,0.861995,3112
1057192,1198608,151,0.865060,3112
1060048,1198608,151,0.861268,3112
1056936,1198608,152,0.865324,3112
1054504,1198608,153,0.868332,3112
1051288,1198608,153,0.872164,3112
1050800,1198608,153,0.872772,3112
1052680,1198608,153,0.870558,3112
1050800,1198608,153,0.872772,3112
1054312,1198608,153,0.868622,3112
1050424,1198608,154,0.873142,3112
1050488,1198608,153,0.873070,3112
1053696,1198608,153,0.869302,3112
1053184,1198608,154,0.869938,3088
1056128,1198608,154,0.866309,3088
1060080,1198608,154,0.861128,3088
1056800,1198608,155,0.865405,3088
1056864,1198608,154,0.865314,3096
1059264,1198608,153,0.862164,3128
1059008,1198608,154,0.862503,3128
1059632,1198608,153,0.861664,3136
1056728,1198608,154,0.865435,3136
1054216,1198608,155,0.868535,3136
1053176,1198608,156,0.869815,3104
1055680,1198608,155,0.866776,3112
1056456,1198608,154,0.865798,3120
1056496,1198608,153,0.865748,3120
1055720,1198608,154,0.866726,3112
1056272,1198608,153,0.866009,3136
1056096,1198608,154,0.866229,3136
1055760,1198608,155,0.866687,3104
1056760,1198608,154,0.865435,3104
1055576,1198608,154,0.866973,3104
1055784,1198608,153,0.866716,3104
1058928,1198608,153,0.862640,3104
1057656,1198608,153,0.864355,3104
1057192,1198608,154,0.864959,3096
1060704,1198608,154,0.860273,3096
1062760,1198608,153,0.857393,3112
1062592,1198608,153,0.857699,3112
1065496,1198608,152,0.853475,3112
1063080,1198608,152,0.857074,3112
1059376,1198608,152,0.862228,3112
1056272,1198608,153,0.866219,3112
1053456,1198608,152,0.869758,3112
1050536,1198608,153,0.873124,3112
1054096,1198608,153,0.868939,3112
1051160,1198608,154,0.872383,3096
1047480,1198608,155,0.876431,3096
1051168,1198608,155,0.872319,3096
1048872,1198608,155,0.874930,3096
1049976,1198608,155,0.873660,3096
1051360,1198608,154,0.872073,3120
1049936,1198608,155,0.873678,3120
1045968,1198608,155,0.877996,3120
1048928,1198608,155,0.874790,3120
1052824,1198608,155,0.870323,3120
1056376,1198608,155,0.865959,3120
1053944,1198608,156,0.868977,3088
1055592,1198608,156,0.866914,3088
1052648,1198608,156,0.870511,3088
1052504,1198608,156,0.870735,3088
1055328,1198608,156,0.867299,3088
1058664,1198608,156,0.863007,3088
1059336,1198608,155,0.862090,3112
1055408,1198608,155,0.867171,3112
1052080,1198608,155,0.871255,3064
1052856,1198608,154,0.870342,3072
1055928,1198608,153,0.866587,3112
1058928,1198608,153,0.862693,3112
1061488,1198608,153,0.859175,3112
1058840,1198608,154,0.862745,3112
1060976,1198608,154,0.859814,3112
1059520,1198608,154,0.861846,3112
1063408,1198608,154,0.856399,3112
1063208,1198608,154,0.856755,3112
1059312,1198608,154,0.862186,3112
1061872,1198608,154,0.858642,3112
1059112,1198608,154,0.862450,3112
1058352,1198608,155,0.863446,3112
1057096,1198608,155,0.865121,3112
1056040,1198608,156,0.866448,3112
1054736,1198608,157,0.868051,3112
1052080,1198608,158,0.871200,3112
1052136,1198608,157,0.871135,3112
1052344,1198608,156,0.870893,3112
1048864,1198608,156,0.874869,3112
1048992,1198608,155,0.874729,3112
1051680,1198608,155,0.871661,3112
1053096,1198608,154,0.870004,3120
1050592,1198608,155,0.872890,3120
1052856,1198608,154,0.870267,3136
1053760,1198608,153,0.869178,3152
1055968,1198608,152,0.866458,3176
1057960,1198608,151,0.863923,3184
1054304,1198608,151,0.868545,3184
1055360,1198608,150,0.867259,3184
1052080,1198608,151,0.871181,3176
1052576,1198608,150,0.870604,3176
1051472,1198608,150,0.871936,3176
1050816,1198608,150,0.866118,3128
1054792,1198608,150,0.861160,3128
1051720,1198608,151,0.865025,3088
1055224,1198608,151,0.860596,3088
1056088,1198608,150,0.859432,3120
1052288,1198608,150,0.864297,3120
1056264,1198608,150,0.859201,3120
1052208,1198608,150,0.864395,3120
1055304,1198608,149,0.860493,3136
1052728,1198608,149,0.863797,3136
1054104,1198608,149,0.862024,3136
1053016,1198608,149,0.863482,3104
1056344,1198608,149,0.859180,3104
1054800,1198608,150,0.861181,3104
1051976,1198608,151,0.864696,3104
1052600,1198608,150,0.863886,3144
1052136,1198608,150,0.864541,3120
1054392,1198608,150,0.861680,3120
1058000,1198608,150,0.856883,3120
1054208,1198608,150,0.861912,3120
1055512,1198608,149,0.860245,3120
1052480,1198608,149,0.864121,3120
1052936,1198608,148,0.863561,3120
1049896,1198608,148,0.867267,3120
1047312,1198608,147,0.870325,3120
1045712,1198608,147,0.872170,3088
1046016,1198608,146,0.871840,3088
1048456,1198608,145,0.869100,3112
1051960,1198608,145,0.864938,3112
1049136,1198608,146,0.868268,3112
1046072,1198608,146,0.871753,3112
1042568,1198608,146,0.875512,3112
1041352,1198608,146,0.876845,3064
1041976,1198608,146,0.876165,3064
1044712,1198608,145,0.873278,3104
1047792,1198608,145,0.869859,3104
1050232,1198608,144,0.867015,3144
1046632,1198608,144,0.871157,3144
1048040,1198608,144,0.869535,3144
1045992,1198608,145,0.871831,3120
1041992,1198608,146,0.876060,3104
1042088,1198608,145,0.875962,3104
1039784,1198608,146,0.878268,3104
1037112,1198608,147,0.880837,3104
1033152,1198608,148,0.884450,3104
1030880,1198608,148,0.886509,3056
1030768,1198608,148,0.886645,3056
1032728,1198608,148,0.884909,3056
1033960,1198608,147,0.883795,3080
1033832,1198608,147,0.883953,3080
1035592,1198608,147,0.882316,3080
1033608,1198608,147,0.884152,3080
1036152,1198608,147,0.881800,3080
1033720,1198608,148,0.884010,3080
1030296,1198608,148,0.887025,3080
1032248,1198608,148,0.885308,3080
1035600,1198608,148,0.882265,3080
1035752,1198608,147,0.882125,3080
1037040,1198608,146,0.880912,3096
1038488,1198608,146,0.879489,3096
1035408,1198608,146,0.882426,3096
1035984,1198608,145,0.881896,3096
1039104,1198608,145,0.878893,3096
1037120,1198608,145,0.880837,3096
1033440,1198608,145,0.884245,3096
1032192,1198608,146,0.885363,3072
1030584,1198608,147,0.886747,3072
1031312,1198608,146,0.886118,3080
1033960,1198608,145,0.883774,3104
1037256,1198608,144,0.880746,3104
1034016,1198608,144,0.883767,3104
1037128,1198608,144,0.880867,3104
1039312,1198608,144,0.878729,3104
1037264,1198608,144,0.880739,3104
1039040,1198608,144,0.878994,3104
1035528,1198608,144,0.882353,3104
1034768,1198608,144,0.883097,3096
1035264,1198608,143,0.882609,3136
1032536,1198608,143,0.885091,3136
1034856,1198608,142,0.882988,3176
1034360,1198608,143,0.883472,3136
1034056,1198608,143,0.883795,3128
1030456,1198608,143,0.886971,3128
1030168,1198608,144,0.887221,3120
1030368,1198608,143,0.887052,3120
1030704,1198608,142,0.886768,3120
1030544,1198608,142,0.886944,3120
1032872,1198608,142,0.884895,3120
1036280,1198608,141,0.881793,3152
1038824,1198608,141,0.879342,3152
1038200,1198608,142,0.879980,3112
1034464,1198608,142,0.883516,3080
1034720,1198608,141,0.883285,3080
1034744,1198608,140,0.883263,3080
1031064,1198608,140,0.886550,3064
1027856,1198608,141,0.889222,3064
1031448,1198608,141,0.886180,3064
1034624,1198608,140,0.883357,3096
1033536,1198608,141,0.884330,3096
1033304,1198608,141,0.884578,3096
1035088,1198608,141,0.882937,3096
1033064,1198608,142,0.884747,3096
1035856,1198608,141,0.882206,3128
1037688,1198608,141,0.880451,3128
1040432,1198608,141,0.877747,3128
1040248,1198608,141,0.877976,3128
1043816,1198608,141,0.874300,3128
1041088,1198608,142,0.877094,3128
1041984,1198608,142,0.876141,3128
1040600,1198608,143,0.877556,3104
1038608,1198608,143,0.879558,3096
1042312,1198608,143,0.875839,3096
1044352,1198608,143,0.873669,3096
1043352,1198608,144,0.874718,3096
1040752,1198608,143,0.877461,3096
1042648,1198608,143,0.875495,3096
1041216,1198608,143,0.876997,3096
1043680,1198608,142,0.874434,3136
1039808,1198608,143,0.878354,3136
1042320,1198608,143,0.875790,3136
1046136,1198608,143,0.871709,3136
1045280,1198608,143,0.872697,3128
1046960,1198608,142,0.870813,3176
1045744,1198608,143,0.872170,3152
1048312,1198608,143,0.869273,3152
1045584,1198608,144,0.872291,3152
1045176,1198608,145,0.872731,3152
1048360,1198608,145,0.869164,3152
1046144,1198608,145,0.871683,3152
1044608,1198608,145,0.873397,3144
1045816,1198608,144,0.872066,3176
1049200,1198608,144,0.868232,3176
1050264,1198608,143,0.866986,3184
1048448,1198608,144,0.869082,3184
1045624,1198608,144,0.872265,3184
1045240,1198608,144,0.872740,3176
1045928,1198608,143,0.871979,3192
1044648,1198608,143,0.873406,3192
1045088,1198608,142,0.872902,3224
1041232,1198608,142,0.876949,3224
1039472,1198608,142,0.878737,3224
1041592,1198608,142,0.876587,3224
1043424,1198608,142,0.874659,3224
1046328,1198608,141,0.871552,3232
1042288,1198608,141,0.875872,3232
1040872,1198608,140,0.877397,3232
1042160,1198608,139,0.876068,3264
1040152,1198608,140,0.878079,3264
1043072,1198608,140,0.875083,3264
1046176,1198608,140,0.871736,3264
1048048,1198608,140,0.869607,3264
1047624,1198608,141,0.870083,3264
1050512,1198608,141,0.866714,3264
1047112,1198608,142,0.870600,3264
1049432,1198608,141,0.867946,3288
1048176,1198608,142,0.869382,3288
1051688,1198608,142,0.865228,3288
1049360,1198608,142,0.868029,3288
1050496,1198608,141,0.866648,3336
1050408,1198608,142,0.866751,3336
1051488,1198608,141,0.865459,3344
1048648,1198608,142,0.868782,3344
1051056,1198608,142,0.865918,3344
1048688,1198608,142,0.868773,3312
1044704,1198608,142,0.873244,3288
1048512,1198608,142,0.869000,3288
1048120,1198608,143,0.869454,3280
1048424,1198608,142,0.869100,3288
1050832,1198608,142,0.866251,3288
1049816,1198608,143,0.867454,3280
1049288,1198608,144,0.868084,3264
1045840,1198608,144,0.871997,3264
1043816,1198608,144,0.874208,3264
1046912,1198608,144,0.870822,3264
1049832,1198608,144,0.867454,3264
1053728,1198608,144,0.862697,3264
1054528,1198608,143,0.861680,3272
1050656,1198608,144,0.866421,3272
1051960,1198608,143,0.864842,3288
1049776,1198608,143,0.867491,3288
1052808,1198608,143,0.863807,3288
1052256,1198608,144,0.864492,3280
1052944,1198608,144,0.863590,3280
1051584,1198608,144,0.865305,3280
1055376,1198608,144,0.860524,3280
1054288,1198608,145,0.861912,3280
1053424,1198608,146,0.863036,3248
1056072,1198608,146,0.859599,3248
1059840,1198608,146,0.854430,3248
1057368,1198608,146,0.857886,3248
1056144,1198608,146,0.859568,3248
1055648,1198608,145,0.860338,3248
1055400,1198608,145,0.860771,3208
1056840,1198608,145,0.858832,3208
1060832,1198608,145,0.853287,3208
1064920,1198608,145,0.847139,3208
1061312,1198608,146,0.852530,3208
1057704,1198608,146,0.857617,3208
1057232,1198608,147,0.858291,3176
1055384,1198608,148,0.860740,3152
1057856,1198608,148,0.857424,3152
1054776,1198608,148,0.861517,3152
1051960,1198608,149,0.865006,3152
1052064,1198608,148,0.864871,3160
1055296,1198608,147,0.860812,3184
1056248,1198608,146,0.859579,3184
1057000,1198608,145,0.858546,3216
1058112,1198608,145,0.856991,3216
1057552,1198608,146,0.857746,3216
1061008,1198608,146,0.852886,3216
1059360,1198608,147,0.855213,3216
1059848,1198608,146,0.854531,3216
1061536,1198608,145,0.852113,3224
1057544,1198608,146,0.857682,3224
1061544,1198608,146,0.852032,3224
1059624,1198608,147,0.854767,3224
1063632,1198608,147,0.848866,3224
1061144,1198608,146,0.852679,3224
1061216,1198608,145,0.852576,3224
1058296,1198608,145,0.856730,3224
1057192,1198608,146,0.858270,3184
1054376,1198608,147,0.861923,3184
1054064,1198608,148,0.862326,3176
1057304,1198608,148,0.858067,3176
1059368,1198608,147,0.855246,3184
1060552,1198608,147,0.853515,3184
1060400,1198608,148,0.853730,3184
1056616,1198608,148,0.858970,3184
1056904,1198608,147,0.858589,3184
1059304,1198608,147,0.855268,3184
1059408,1198608,146,0.855124,3184
1055312,1198608,147,0.860606,3184
1052576,1198608,147,0.864101,3184
1053912,1198608,146,0.862416,3208
1051656,1198608,145,0.865305,3208
1048648,1198608,145,0.868882,3208
1048032,1198608,146,0.869580,3208
1049536,1198608,146,0.867807,3208
1048456,1198608,147,0.869046,3208
1049064,1198608,146,0.868351,3208
1051128,1198608,146,0.865880,3208
1049232,1198608,146,0.868158,3208
1050856,1198608,145,0.866232,3232
1054232,1198608,145,0.862044,3232
1050360,1198608,146,0.866817,3184
1052840,1198608,145,0.863807,3208
1054672,1198608,144,0.861466,3248
1054216,1198608,144,0.862104,3248
1054144,1198608,145,0.862195,3248
1057480,1198608,144,0.857843,3264
1061512,1198608,143,0.852206,3280
1058432,1198608,143,0.856600,3280
1055488,1198608,143,0.860565,3280
1057896,1198608,143,0.857327,3280
1058672,1198608,142,0.856250,3296
1056096,1198608,141,0.859819,3296
1056336,1198608,140,0.859484,3312
1052312,1198608,140,0.864618,3312
1056080,1198608,139,0.859839,3344
1054352,1198608,140,0.862054,3344
1056928,1198608,140,0.858663,3344
1056256,1198608,141,0.859579,3320
1059800,1198608,141,0.854722,3320
1056464,1198608,142,0.859243,3320
1055224,1198608,142,0.860914,3320
1055864,1198608,141,0.860089,3320
1052768,1198608,142,0.863994,3320
1056568,1198608,142,0.859107,3320
1060464,1198608,142,0.853719,3320
1059232,1198608,143,0.855479,3296
1060592,1198608,142,0.853503,3344
1060528,1198608,142,0.853662,3344
1058128,1198608,142,0.857056,3344
1058336,1198608,141,0.856763,3352
1058536,1198608,140,0.856469,3368
1057272,1198608,141,0.858195,3352
1061216,1198608,141,0.852668,3352
1059232,1198608,141,0.855534,3352
1059968,1198608,141,0.854442,3352
1057176,1198608,142,0.858259,3352
1058160,1198608,141,0.856915,3368
1054648,1198608,141,0.861588,3368
1053056,1198608,141,0.863640,3368
1053808,1198608,141,0.862647,3368
1055896,1198608,141,0.859923,3368
1054008,1198608,141,0.862396,3368
1056168,1198608,141,0.859568,3368
1054080,1198608,141,0.862306,3368
1050264,1198608,142,0.866939,3368
1053120,1198608,142,0.863442,3368
1055336,1198608,141,0.860606,3400
1053984,1198608,141,0.862386,3400
1052808,1198608,142,0.863846,3400
1055272,1198608,142,0.860688,3400
1057544,1198608,142,0.857639,3400
1056680,1198608,143,0.858801,3392
1059216,1198608,143,0.855302,3392
1055984,1198608,144,0.859683,3368
1057480,1198608,144,0.857639,3368
1054712,1198608,144,0.861324,3368
1055352,1198608,143,0.860472,3392
1052576,1198608,144,0.863964,3392
1054712,1198608,144,0.861232,3392
1053672,1198608,143,0.862707,3360
1055664,1198608,143,0.860110,3360
1052024,1198608,144,0.864677,3360
1051064,1198608,144,0.865889,3360
1049712,1198608,144,0.867575,3328
1053576,1198608,144,0.862866,3328
1055376,1198608,144,0.860524,3328
1058840,1198608,144,0.855843,3328
1058280,1198608,145,0.856622,3320
1058176,1198608,146,0.856763,3320
1060488,1198608,146,0.853480,3320
1064544,1198608,146,0.847399,3320
1061312,1198608,147,0.852229,3320
1059736,1198608,147,0.854543,3320
1062136,1198608,147,0.851027,3320
1065536,1198608,146,0.845839,3328
1061440,1198608,146,0.852102,3328
1059256,1198608,146,0.855268,3328
1058744,1198608,147,0.855987,3320
1062040,1198608,146,0.851250,3360
1062888,1198608,145,0.849960,3384
1058856,1198608,146,0.855766,3368
1060768,1198608,145,0.853069,3376
1061904,1198608,144,0.851414,3384
1059944,1198608,144,0.854295,3384
1057336,1198608,144,0.857939,3384
1054800,1198608,144,0.861313,3384
1051560,1198608,143,0.865439,3384
1050184,1198608,142,0.867183,3384
1046624,1198608,142,0.871272,3384
1048464,1198608,142,0.869164,3384
1052296,1198608,142,0.864609,3384
1053552,1198608,141,0.863046,3400
1055264,1198608,140,0.860884,3400
1055960,1198608,139,0.859985,3400
1054368,1198608,140,0.862084,3352
1054752,1198608,139,0.861588,3360
1057784,1198608,139,0.857564,3360
1053992,1198608,139,0.862546,3360
1057536,1198608,139,0.857896,3360
1053560,1198608,140,0.863026,3360
1055008,1198608,140,0.861140,3360
1051216,1198608,141,0.865822,3360
1050040,1198608,141,0.867267,3360
1052176,1198608,141,0.864667,3360
1049712,1198608,142,0.867593,3360
1046888,1198608,142,0.870848,3360
1050712,1198608,142,0.866421,3360
1051160,1198608,141,0.865851,3392
1051736,1198608,140,0.865141,3408
1048536,1198608,140,0.868964,3392
1052304,1198608,139,0.864502,3416
1050736,1198608,140,0.866383,3416
1051800,1198608,139,0.865093,3432
1051504,1198608,139,0.865507,3432
1055488,1198608,139,0.860493,3432
1054864,1198608,140,0.861303,3424
1056440,1198608,140,0.859201,3424
1052664,1198608,140,0.864052,3424
1053424,1198608,139,0.863085,3448
1050520,1198608,140,0.866601,3448
1051552,1198608,140,0.865315,3448
1048632,1198608,141,0.868736,3448
1047584,1198608,141,0.869976,3448
1044072,1198608,141,0.873846,3448
1045376,1198608,141,0.872404,3448
1043872,1198608,141,0.874057,3448
1043896,1198608,140,0.874032,3448
1046112,1198608,140,0.871605,3448
1044000,1198608,141,0.873871,3448
1040592,1198608,141,0.877445,3416
1040896,1198608,140,0.877134,3424
1037600,1198608,140,0.880391,3424
1040984,1198608,140,0.877045,3424
1044992,1198608,140,0.872843,3424
1044856,1198608,141,0.872988,3424
1046888,1198608,141,0.870725,3424
1049504,1198608,141,0.867705,3424
1049296,1198608,142,0.867946,3424
1052096,1198608,142,0.864570,3424
1049688,1198608,142,0.867528,3392
1052624,1198608,142,0.863964,3392
1049480,1198608,141,0.867825,3392
1048856,1198608,142,0.868544,3392
1052624,1198608,142,0.864023,3392
1053536,1198608,141,0.862876,3408
1052656,1198608,142,0.863974,3400
1055616,1198608,142,0.860182,3400
1053016,1198608,143,0.863472,3400
1052240,1198608,142,0.864550,3392
1055048,1198608,142,0.860986,3392
1055888,1198608,141,0.859860,3424
1054976,1198608,142,0.861058,3408
1053992,1198608,142,0.862376,3400
1051200,1198608,142,0.865851,3400
1049680,1198608,142,0.867696,3400
1052752,1198608,142,0.863974,3400
1053728,1198608,141,0.862747,3416
1050408,1198608,142,0.866770,3416
1054496,1198608,142,0.861720,3416
1056208,1198608,141,0.859495,3432
1057528,1198608,141,0.857682,3432
1055688,1198608,141,0.860172,3432
1054936,1198608,142,0.861181,3400
1056248,1198608,142,0.859422,3400
1054592,1198608,143,0.861558,3400
1056256,1198608,143,0.859348,3400
1058312,1198608,143,0.856534,3400
1054360,1198608,143,0.861791,3400
1057776,1198608,143,0.857262,3400
1055760,1198608,143,0.859996,3400
1058280,1198608,143,0.856578,3400
1055560,1198608,143,0.860317,3352
1054152,1198608,142,0.862235,3352
1058072,1198608,142,0.857056,3352
1058592,1198608,141,0.856349,3352
1055088,1198608,141,0.861048,3352
1057224,1198608,140,0.858259,3352
1054224,1198608,140,0.862205,3352
1057488,1198608,140,0.857907,3352
1057088,1198608,141,0.858440,3352
1060280,1198608,141,0.854002,3352
1059296,1198608,142,0.855401,3336
1056112,1198608,142,0.859746,3336
1058776,1198608,142,0.856118,3336
1055968,1198608,142,0.859933,3336
1058168,1198608,142,0.856948,3336
1060640,1198608,142,0.853446,3336
1056648,1198608,143,0.858917,3336
1056488,1198608,144,0.859128,3336
1058392,1198608,144,0.856512,3336
1061976,1198608,144,0.851379,3336
1060976,1198608,145,0.852829,3336
1060400,1198608,146,0.853674,3320
1057664,1198608,147,0.857510,3280
1059560,1198608,147,0.854845,3280
1060904,1198608,147,0.852875,3280
1062688,1198608,147,0.850199,3280
1061544,1198608,148,0.851904,3264
1064232,1198608,148,0.847817,3264
1061464,1198608,147,0.852090,3264
1062592,1198608,146,0.850389,3296
1062144,1198608,147,0.851050,3296
1061840,1198608,147,0.851578,3288
1060608,1198608,147,0.853446,3272
1057960,1198608,148,0.857121,3272
1062040,1198608,148,0.851309,3272
1064720,1198608,148,0.847201,3272
1060824,1198608,148,0.853069,3272
1059848,1198608,148,0.854531,3264
1056136,1198608,148,0.859620,3264
1058544,1198608,148,0.856338,3264
1057848,1198608,149,0.857283,3264
1061720,1198608,149,0.851788,3264
1064368,1198608,149,0.847756,3264
1066248,1198608,149,0.844735,3264
1069440,1198608,149,0.839380,3264
1068408,1198608,149,0.841206,3264
1065600,1198608,148,0.845915,3264
1069344,1198608,147,0.839721,3304
1067456,1198608,147,0.842951,3304
1070168,1198608,147,0.838306,3304
1067024,1198608,147,0.843667,3296
1065336,1198608,148,0.846367,3288
1062480,1198608,149,0.850708,3288
1061144,1198608,150,0.852691,3264
1063312,1198608,149,0.849433,3312
1064320,1198608,148,0.847903,3312
1066384,1198608,148,0.844595,3312
1064056,1198608,149,0.848234,3312
1067264,1198608,149,0.843095,3312
1070360,1198608,149,0.837791,3312
1074064,1198608,149,0.830973,3312
1076112,1198608,149,0.826909,3312
1072792,1198608,150,0.833260,3312
1073480,1198608,149,0.831967,3320
1072256,1198608,150,0.834242,3312
1070720,1198608,151,0.836992,3312
1069056,1198608,152,0.839871,3312
1071648,1198608,152,0.835255,3312
1075160,1198608,152,0.828592,3312
1074768,1198608,153,0.829352,3312
1076488,1198608,153,0.825870,3312
1077280,1198608,152,0.824182,3352
1073496,1198608,153,0.831622,3344
1071552,1198608,153,0.835327,3320
1071520,1198608,154,0.835384,3320
1069736,1198608,155,0.838527,3320
1070272,1198608,154,0.837596,3320
1072792,1198608,154,0.832979,3320
1069808,1198608,153,0.838486,3320
1066240,1198608,154,0.844466,3296
1069128,1198608,154,0.839612,3296
1070688,1198608,154,0.836823,3296
1074704,1198608,153,0.829337,3336
1076744,1198608,153,0.825209,3336
1076288,1198608,153,0.826223,3336
1078032,1198608,152,0.822578,3376
1076968,1198608,153,0.824786,3368
1077704,1198608,152,0.823259,3376
1073688,1198608,153,0.831276,3336
1071168,1198608,154,0.835900,3336
1074136,1198608,154,0.830335,3336
1077768,1198608,154,0.823011,3336
1076320,1198608,154,0.826063,3336
1072248,1198608,155,0.833862,3336
1076328,1198608,155,0.825951,3336
1077408,1198608,155,0.823656,3336
1076376,1198608,156,0.825758,3336
1078704,1198608,156,0.820842,3336
1078576,1198608,157,0.821114,3336
1081784,1198608,157,0.813931,3336
1080424,1198608,158,0.817106,3288
1080976,1198608,157,0.815838,3304
1077168,1198608,156,0.824215,3304
1079144,1198608,156,0.819969,3304
1077096,1198608,157,0.824264,3304
1079616,1198608,157,0.818845,3304
1077448,1198608,158,0.823540,3256
1076520,1198608,159,0.825435,3256
1074728,1198608,159,0.829136,3224
1073440,1198608,160,0.831652,3192
1075256,1198608,160,0.828077,3192
1072736,1198608,160,0.832964,3192
1075000,1198608,160,0.828577,3192
1075464,1198608,159,0.827589,3232
1078072,1198608,159,0.822193,3232
1078504,1198608,158,0.821249,3248
1077552,1198608,159,0.823243,3248
1076112,1198608,158,0.826367,3248
1076880,1198608,157,0.824819,3248
1072872,1198608,158,0.832609,3248
1072704,1198608,159,0.832920,3248
1074232,1198608,158,0.830044,3248
1077824,1198608,158,0.822778,3248
1074784,1198608,158,0.829074,3200
1078768,1198608,158,0.820893,3200
1081480,1198608,158,0.814826,3200
1077392,1198608,158,0.823771,3200
1074976,1198608,159,0.828639,3184
1078880,1198608,159,0.820586,3184
1079944,1198608,158,0.818269,3192
1078496,1198608,159,0.821435,3168
1074624,1198608,160,0.829259,3168
1074328,1198608,161,0.829829,3168
1075888,1198608,161,0.826686,3168
1079088,1198608,161,0.819969,3168
1078640,1198608,162,0.820995,3136
1082424,1198608,162,0.812469,3136
1081992,1198608,163,0.813507,3120
1082464,1198608,162,0.812394,3128
1086320,1198608,162,0.853842,3128
1084056,1198608,163,0.858042,3128
1082104,1198608,162,0.861639,3128
1080824,1198608,163,0.863862,3088
1078632,1198608,163,0.867476,3088
1081992,1198608,163,0.903981,3088
1083624,1198608,162,0.901977,3112
1079704,1198608,163,0.906592,3112
1078896,1198608,163,0.907578,3080
1081952,1198608,163,0.904038,3080
1085408,1198608,163,0.944897,3080
1084632,1198608,164,0.945455,3064
1087696,1198608,164,0.967663,3064
1086392,1198608,164,0.968241,3048
1087016,1198608,163,0.967980,3048
1084128,1198608,163,0.954467,3048
1083048,1198608,163,0.955122,3024
1080640,1198608,163,0.956458,3024
1081504,1198608,162,0.955985,3048
1079592,1198608,162,0.957021,3040
1082840,1198608,162,0.965720,3040
1084568,1198608,162,0.964944,3040
1085688,1198608,161,0.964419,3080
1085168,1198608,162,0.964656,3080
1089176,1202664,162,0.964656,3080
1091816,1202664,162,0.965947,3080
1090040,1202664,163,0.966750,3040
1091216,1202664,162,0.966234,3040
1094360,1205856,162,0.966234,3040
1090368,1205856,162,0.945302,3040
1092648,1205856,162,0.943659,3040
1091176,1205856,161,0.944776,3040
1092832,1205856,160,0.943589,3048
1091672,1205856,161,0.944422,3048
1094184,1205856,160,0.942551,3096
1092688,1205856,160,0.943694,3096
1096128,1205856,160,0.967174,3096
1093848,1205856,160,0.968174,3096
1094856,1205856,159,0.967739,3120
1092248,1205856,158,0.928286,3120
1094968,1205856,158,0.962400,3120
1093528,1205856,159,0.963106,3120
1094136,1205856,158,0.962807,3128
1091920,1205856,158,0.963881,3128
1091312,1205856,159,0.964163,3120
1090200,1205856,160,0.964671,3096
1088040,1205856,161,0.965598,3096
1092088,1209952,161,0.965598,3096
1090824,1209952,161,0.966137,3096
1088280,1209952,161,0.967155,3096
1087344,1209952,162,0.967511,3088
1088872,1209952,161,0.966928,3096
1090096,1209952,160,0.966449,3096
1093056,1212960,160,0.966449,3096
1095264,1212960,159,0.965544,3104
1092032,1212960,160,0.962165,3104
1091768,1212960,161,0.962285,3096
1093152,1212960,160,0.961655,3120
1094648,1212960,160,0.960940,3120
1097408,1212960,160,0.959568,3120
1100632,1212960,159,0.963079,3128
1098520,1212960,159,0.964090,3128
1096512,1212960,160,0.964985,3120
1099776,1216272,160,0.964985,3120
1098336,1216272,159,0.964667,3120
1102344,1220328,159,0.964667,3120
1101432,1220328,160,0.965054,3120
1102536,1220328,159,0.964571,3152
1101000,1220328,160,0.965221,3152
1103096,1220328,160,0.964307,3152
1105912,1220328,159,0.963023,3168
1104416,1220328,159,0.963734,3168
1101904,1220328,159,0.940041,3168
1104848,1220328,159,0.963538,3168
1100840,1220328,160,0.952213,3168
1098328,1220328,161,0.953603,3168
1097320,1220328,162,0.954138,3168
1099032,1220328,162,0.953195,3168
1095296,1220328,163,0.955152,3168
1096264,1220328,162,0.954644,3200
1097928,1220328,161,0.953761,3224
1099096,1220328,160,0.953125,3232
1100784,1220328,159,0.952176,3240
1096872,1220328,159,0.931091,3240
1092952,1220328,159,0.934072,3240
1096808,1220328,159,0.931141,3240
1100464,1220328,159,0.928110,3240
1097560,1220328,160,0.930515,3232
1099032,1220328,159,0.929319,3232
1097720,1220328,159,0.930425,3232
1095432,1220328,159,0.932246,3232
1095784,1220328,158,0.931978,3232
1092928,1220328,158,0.934129,3232
1093936,1220328,157,0.933398,3232
1097528,1220328,157,0.930617,3232
1096368,1220328,158,0.931528,3232
1096648,1220328,157,0.931310,3232
1093440,1220328,157,0.933760,3232
1089872,1220328,157,0.936299,3208
1087880,1220328,158,0.937608,3208
1091216,1220328,158,0.935351,3208
1094792,1220328,158,0.932746,3208
1096880,1220328,158,0.931110,3208
1093920,1220328,159,0.933357,3208
1097368,1220328,159,0.930687,3208
1093384,1220328,160,0.933713,3208
1094936,1220328,159,0.932566,3208
1091112,1220328,159,0.935357,3208
1090112,1220328,160,0.936041,3208
1092152,1220328,159,0.934625,3216
1094712,1220328,158,0.932752,3232
1094368,1220328,158,0.933044,3232
1091424,1220328,159,0.935163,3224
1089464,1220328,159,0.936529,3224
1088712,1220328,159,0.937058,3224
1089128,1220328,158,0.936779,3232
1092112,1220328,158,0.934709,3232
1092792,1220328,157,0.934227,3232
1093016,1220328,156,0.934066,3232
1089968,1220328,157,0.936192,3224
1088472,1220328,157,0.937215,3224
1086760,1220328,157,0.938341,3224
1087992,1220328,156,0.937546,3240
1089928,1220328,155,0.936246,3280
1093536,1220328,155,0.933690,3280
1090872,1220328,155,0.935605,3280
1087496,1220328,156,0.937855,3256
1091216,1220328,156,0.963657,3256
1094688,1223848,156,0.963657,3256
1093560,1223848,157,0.964093,3248
1095120,1223848,156,0.963472,3296
1093216,1223848,157,0.964204,3296
1093296,1223848,156,0.964174,3296
1090272,1223848,156,0.965298,3296
1091448,1223848,156,0.964859,3296
1088024,1223848,156,0.953784,3296
1089808,1223848,155,0.952938,3312
1087800,1223848,155,0.953901,3312
1091072,1223848,155,0.952326,3312
1088328,1223848,156,0.953635,3312
1086672,1223848,156,0.954417,3304
1089464,1223848,156,0.953106,3304
1090624,1223848,155,0.952549,3304
1088688,1223848,156,0.953490,3264
1091904,1223848,156,0.951914,3264
1090448,1223848,156,0.952654,3264
1092120,1223848,156,0.951806,3264
1090240,1223848,157,0.952731,3264
1091128,1223848,156,0.952299,3264
1090824,1223848,156,0.952475,3256
1091688,1223848,155,0.952042,3272
1089656,1223848,156,0.953030,3272
1091704,1223848,156,0.952010,3272
1088992,1223848,157,0.953322,3272
1085208,1223848,157,0.955057,3272
1082208,1223848,158,0.956328,3272
1081520,1223848,159,0.956616,3256
1084856,1223848,159,0.955196,3256
1088360,1223848,159,0.953602,3256
1091816,1223848,159,0.968026,3256
1095384,1227464,159,0.968026,3256
1094536,1227464,159,0.968328,3232
1090768,1227464,159,0.960184,3232
1093624,1227464,159,0.959006,3232
1096896,1227464,159,0.967524,3232
1095768,1227464,160,0.967917,3200
1098632,1227464,160,0.966913,3200
1097728,1227464,160,0.967254,3184
1096240,1227464,161,0.967777,3144
1096256,1227464,160,0.967772,3144
1099552,1230808,160,0.967772,3144
1098808,1230808,161,0.968021,3144
1100656,1230808,160,0.967384,3176
1097240,1230808,161,0.965089,3176
1100904,1234520,161,0.965089,3176
1098112,1234520,161,0.966073,3176
1098976,1234520,160,0.965763,3224
1096192,1234520,160,0.966708,3224
1094360,1234520,161,0.967305,3184
1097376,1234520,160,0.966320,3224
1100568,1234520,160,0.968630,3224
1100280,1234520,161,0.968722,3224
1098768,1234520,160,0.933813,3224
1099608,1234520,160,0.933220,3224
1099512,1234520,159,0.933349,3224
1098640,1234520,160,0.933929,3224
1100688,1234520,160,0.932518,3224
1097552,1234520,161,0.934607,3224
1099888,1234520,161,0.933031,3224
1100448,1234520,160,0.932634,3248
1097856,1234520,160,0.934395,3248
1097912,1234520,159,0.934359,3248
1099808,1234520,158,0.933096,3256
1098064,1234520,159,0.934280,3216
1098048,1234520,160,0.934291,3216
1101544,1234520,160,0.967758,3216
1102160,1234520,159,0.967552,3216
1098664,1234520,159,0.962963,3184
1097504,1234520,160,0.963387,3184
1099208,1234520,160,0.962743,3184
1097968,1234520,161,0.963218,3136
1096080,1234520,161,0.963911,3136
1100032,1238520,161,0.963911,3136
1103128,1238520,160,0.962776,3176
1101152,1238520,161,0.963499,3176
1101872,1238520,160,0.963230,3200
1098264,1238520,160,0.961915,3200
1094808,1238520,160,0.957156,3200
1091616,1238520,161,0.958384,3200
1094576,1238520,160,0.957231,3240
1096440,1238520,159,0.956479,3248
1097568,1238520,158,0.956010,3256
1100808,1238520,158,0.954592,3256
1098744,1238520,159,0.955496,3248
1101088,1238520,159,0.954449,3248
1097968,1238520,159,0.955825,3248
1100744,1238520,159,0.954602,3248
1097608,1238520,160,0.955960,3240
1095280,1238520,160,0.956932,3240
1094672,1238520,161,0.957175,3240
1093808,1238520,162,0.957523,3216
1095688,1238520,162,0.956759,3216
1095280,1238520,162,0.956948,3200
1092992,1238520,163,0.957848,3192
1095920,1238520,163,0.956675,3192
1092312,1238520,163,0.958107,3192
1095144,1238520,163,0.956987,3192
1093960,1238520,164,0.957455,3192
1094448,1238520,163,0.957263,3192
1093064,1238520,163,0.957820,3192
1093904,1238520,162,0.957483,3224
1097632,1238520,162,0.955956,3224
1097328,1238520,163,0.956083,3224
1101104,1238520,163,0.954431,3224
1102048,1238520,162,0.954004,3224
1102328,1238520,161,0.953876,3224
1104608,1238520,160,0.952796,3240
1101040,1238520,161,0.954452,3240
1103568,1238520,160,0.953280,3264
1102928,1238520,159,0.953635,3240
1099872,1238520,158,0.948999,3240
1103288,1238520,158,0.947225,3240
1107360,1238520,158,0.944947,3240
1106784,1238520,159,0.945291,3216
1106104,1238520,159,0.945702,3216
1109200,1238520,158,0.943880,3264
1111520,1238520,157,0.942454,3264
1111016,1238520,158,0.942770,3264
1109456,1238520,158,0.943412,3264
1112480,1238520,158,0.941489,3264
1108808,1238520,159,0.943773,3264
1109352,1238520,158,0.943446,3264
1109016,1238520,158,0.943678,3264
1110128,1238520,157,0.942973,3312
1112632,1238520,156,0.941385,3320
1111000,1238520,157,0.942442,3296
1113896,1238520,157,0.940536,3296
1113280,1238520,158,0.940945,3296
1115080,1238520,158,0.939701,3296
1114120,1238520,159,0.940354,3296
1117064,1238520,159,0.938270,3296
1115008,1238520,159,0.939761,3280
1117512,1238520,158,0.937987,3288
1116432,1238520,159,0.938768,3280
1116944,1238520,158,0.938403,3280
1116320,1238520,159,0.938870,3248
1116720,1238520,158,0.938586,3248
1113360,1238520,158,0.940940,3224
1109288,1238520,158,0.943538,3224
1109920,1238520,157,0.943154,3224
1113240,1238520,157,0.941019,3224
1112640,1238520,158,0.941416,3216
1110248,1238520,158,0.942958,3216
1106480,1238520,159,0.945200,3192
1102472,1238520,160,0.947385,3192
1103280,1238520,160,0.946933,3192
1104664,1238520,160,0.946159,3192
1106744,1238520,160,0.944967,3192
1109560,1238520,159,0.943286,3224
1106464,1238520,160,0.945132,3184
1110488,1238520,160,0.942711,3184
1107072,1238520,159,0.944811,3184
1108608,1238520,158,0.943912,3184
1105960,1238520,159,0.945458,3160
1105944,1238520,160,0.945467,3160
1102176,1238520,160,0.947531,3160
1099176,1238520,161,0.949048,3160
1102896,1238520,161,0.947128,3160
1102376,1238520,162,0.947406,3152
1106376,1238520,161,0.945223,3160
1103136,1238520,161,0.947027,3160
1104936,1238520,161,0.946028,3160
1108696,1238520,161,0.943845,3160
1105240,1238520,162,0.945833,3160
1104528,1238520,162,0.946265,3136
1103144,1238520,162,0.947035,3136
1105344,1238520,162,0.945815,3136
1108136,1238520,162,0.944191,3136
1104056,1238520,163,0.946495,3136
1104296,1238520,162,0.946365,3136
1103456,1238520,163,0.946835,3104
1100752,1238520,163,0.948266,3104
1102832,1238520,163,0.947166,3104
1102408,1238520,164,0.947394,3096
1104640,1238520,164,0.946173,3096
1101784,1238520,163,0.947743,3096
1102080,1238520,162,0.947590,3096
1104376,1238520,162,0.946343,3096
1103736,1238520,163,0.946689,3096
1107576,1238520,163,0.944514,3096
1104352,1238520,164,0.946334,3088
1104560,1238520,163,0.946221,3088
1101768,1238520,164,0.947710,3080
1102240,1238520,163,0.947448,3112
1101448,1238520,164,0.947879,3072
1104520,1238520,164,0.946225,3072
1106624,1238520,164,0.945022,3072
1106384,1238520,165,0.945159,3072
1107216,1238520,164,0.944682,3072
1105544,1238520,164,0.945659,3072
1104576,1238520,165,0.946212,3040
1106048,1238520,165,0.945367,3040
1106680,1238520,164,0.945004,3048
1109984,1238520,163,0.943047,3048
1106688,1238520,163,0.943304,3008
1109360,1238520,163,0.941655,3008
1106832,1238520,164,0.943205,2984
1106584,1238520,164,0.943379,2984
1104520,1238520,164,0.944593,2984
1108560,1238520,164,0.942194,2984
1110968,1238520,164,0.940649,2984
1114040,1238520,164,0.938564,2984
1112736,1238520,164,0.939485,2984
1111016,1238520,164,0.940649,2984
1114456,1238520,163,0.938331,3000
1110456,1238520,164,0.941003,2992
1106624,1238520,164,0.943379,2992
1104120,1238520,165,0.944818,2984
1104848,1238520,165,0.944381,2984
1108568,1238520,165,0.942159,2984
1109352,1238520,165,0.941645,2984
1110336,1238520,164,0.941019,2992
1107696,1238520,165,0.942655,2992
1104768,1238520,165,0.944395,2992
1103648,1238520,166,0.945044,2952
1101088,1238520,167,0.946434,2936
1099848,1238520,167,0.947103,2936
1096776,1238520,167,0.948656,2936
1099088,1238520,167,0.947490,2936
1102616,1238520,167,0.945618,2936
1104136,1238520,167,0.944755,2936
1108160,1238520,167,0.942379,2936
1104664,1238520,168,0.944431,2936
1107008,1238520,168,0.943043,2936
1106728,1238520,169,0.943209,2936
1108104,1238520,168,0.942374,2952
1110888,1238520,167,0.940618,2968
1113208,1238520,167,0.939047,2968
1116336,1238520,167,0.936805,2968
1115456,1238520,168,0.937448,2960
1117704,1238520,168,0.935757,2960
1114576,1238520,168,0.938073,2960
1116632,1238520,168,0.936558,2960
1115792,1238520,168,0.937207,2960
1117184,1238520,167,0.936178,2968
1117024,1238520,168,0.936297,2968
1114824,1238520,168,0.937927,2968
1116832,1238520,168,0.936440,2968
1120632,1238520,168,0.933457,2968
1118648,1238520,168,0.935066,2968
1119360,1238520,168,0.934473,2968
1117952,1238520,168,0.935600,2968
1121128,1238520,168,0.933052,2968
1118816,1238520,168,0.934936,2968
1115272,1238520,168,0.937614,2960
1115592,1238520,167,0.937385,2960
1117032,1238520,166,0.936333,2960
1113936,1238520,166,0.923278,2960
1115608,1238520,165,0.921777,2992
1112064,1238520,164,0.924914,2992
1108800,1238520,164,0.927557,2992
1111280,1238520,164,0.925557,2992
1113840,1238520,164,0.923374,2992
1111824,1238520,164,0.925112,2992
1112088,1238520,163,0.924894,2992
1111800,1238520,164,0.925138,2984
1111592,1238520,165,0.925309,2984
1115408,1238520,165,0.922007,2984
1116672,1238520,165,0.920818,2984
1116648,1238520,166,0.920840,2984
1118304,1238520,166,0.919242,2984
1114448,1238520,167,0.922770,2984
1116952,1238520,167,0.920470,2984
1115720,1238520,168,0.921612,2968
1117632,1238520,168,0.919804,2968
1115224,1238520,167,0.922099,2968
1116664,1238520,167,0.920752,2968
1114984,1238520,167,0.922312,2968
1112944,1238520,167,0.924125,2960
1109080,1238520,167,0.927291,2960
1105936,1238520,168,0.929651,2960
1106312,1238520,167,0.929377,2960
1103632,1238520,166,0.931351,2960
1101928,1238520,166,0.932542,2960
1103008,1238520,165,0.931807,2968
1104024,1238520,165,0.931074,2968
1105816,1238520,164,0.929784,2992
1106952,1238520,163,0.928953,2992
1109840,1238520,163,0.926710,2992
1107128,1238520,164,0.928786,2992
1107816,1238520,163,0.928259,3008
1107552,1238520,164,0.928457,3008
1106168,1238520,165,0.929499,2984
1109000,1238520,165,0.927335,2984
1104920,1238520,165,0.930398,2984
1107472,1238520,165,0.928499,2984
1108784,1238520,164,0.927496,2992
1104992,1238520,164,0.930341,2992
1103160,1238520,165,0.931621,2992
1104736,1238520,165,0.930489,2992
1101960,1238520,165,0.932435,2992
1101984,1238520,164,0.932418,2992
1105096,1238520,164,0.930233,2992
1101120,1238520,164,0.932993,2992
1098288,1238520,164,0.934837,2992
1098944,1238520,163,0.934426,2992
1102024,1238520,163,0.932392,2992
1099000,1238520,163,0.934391,2992
1097152,1238520,164,0.935557,2960
1096312,1238520,164,0.936113,2928
1099000,1238520,164,0.934431,2928
1098024,1238520,164,0.935086,2904
1100440,1238520,164,0.933526,2904
1096552,1238520,164,0.935983,2904
1093056,1238520,165,0.938018,2904
1093736,1238520,164,0.937633,2904
1096392,1238520,164,0.936050,2904
1100040,1238520,164,0.933753,2904
1101184,1238520,163,0.932998,2920
1099280,1238520,164,0.934229,2920
1096192,1238520,165,0.936132,2920
1097216,1238520,164,0.935489,2960
1098400,1238520,163,0.934758,2960
1095456,1238520,164,0.936546,2960
1093144,1238520,165,0.937883,2960
1090808,1238520,165,0.939204,2960
1088576,1238520,165,0.940415,2960
1092000,1238520,165,0.938550,2960
1090200,1238520,165,0.939557,2960
1086208,1238520,166,0.941624,2960
1089280,1238520,165,0.940038,2976
1092152,1238520,165,0.938457,2976
1088664,1238520,166,0.940336,2976
1086656,1238520,167,0.941367,2976
1089288,1238520,167,0.939983,2976
1090768,1238520,167,0.939165,2976
1089776,1238520,167,0.939737,2952
1088632,1238520,168,0.940349,2936
1090288,1238520,168,0.939446,2936
1086992,1238520,169,0.941168,2936
1087992,1238520,168,0.940656,2936
1084528,1238520,167,0.942440,2936
1085360,1238520,167,0.942009,2936
1084560,1238520,167,0.942425,2936
1086336,1238520,167,0.941524,2936
1090168,1238520,167,0.939510,2936
1090184,1238520,166,0.939502,2936
1092224,1238520,166,0.938359,2936
1095976,1238520,166,0.936165,2936
1095352,1238520,167,0.936536,2936
1095512,1238520,166,0.936442,2936
1094960,1238520,166,0.936800,2928
1096424,1238520,166,0.935901,2928
1096224,1238520,167,0.936031,2912
1098616,1238520,166,0.934537,2952
1096040,1238520,166,0.936146,2952
1100136,1238520,166,0.933567,2952
1099280,1238520,166,0.934147,2952
1098728,1238520,167,0.934507,2936
1095392,1238520,168,0.936550,2920
1095552,1238520,167,0.936456,2920
1093840,1238520,167,0.937482,2920
1093816,1238520,167,0.937523,2920
1089984,1238520,167,0.939669,2920
1089824,1238520,168,0.939754,2920
1091864,1238520,168,0.938621,2920
1091000,1238520,169,0.939121,2872
1093784,1238520,168,0.937550,2904
1090720,1238520,168,0.939282,2904
1094264,1238520,168,0.937275,2904
1096968,1238520,168,0.935645,2904
1100280,1238520,167,0.933541,2944
1096832,1238520,167,0.935732,2944
1100696,1238520,167,0.933271,2944
1097368,1238520,167,0.935406,2944
1093824,1238520,167,0.937532,2944
1096288,1238520,167,0.936060,2944
1098968,1238520,167,0.934381,2944
1099448,1238520,166,0.934046,2992
1097536,1238520,167,0.935244,2992
1100576,1238520,167,0.933286,2992
1101088,1238520,166,0.932935,3016
1101824,1238520,165,0.932429,3040
1099320,1238520,165,0.934102,3032
1102880,1238520,165,0.931720,3032
1099320,1238520,165,0.934102,3032
1097056,1238520,165,0.935552,3016
1095712,1238520,164,0.936418,3016
1092648,1238520,165,0.938207,2976
1091840,1238520,165,0.938683,2976
1089272,1238520,165,0.940093,2976
1093056,1238520,165,0.938005,2976
1091680,1238520,166,0.938780,2960
1091168,1238520,166,0.939086,2960
1090280,1238520,167,0.939566,2960
1088176,1238520,167,0.940697,2960
1085664,1238520,168,0.941990,2912
1087504,1238520,167,0.941042,2960
1085712,1238520,168,0.941954,2936
1086520,1238520,168,0.941528,2936
1086592,1238520,167,0.941492,2936
1086528,1238520,167,0.941548,2936
1089088,1238520,166,0.940236,2936
1086680,1238520,166,0.941496,2936
1087656,1238520,166,0.940977,2936
1087920,1238520,165,0.940842,2936
1091856,1238520,165,0.938723,2936
1089992,1238520,166,0.939737,2928
1091360,1238520,165,0.938986,2952
1092664,1238520,164,0.938256,2968
1094816,1238520,164,0.937001,2968
1093080,1238520,165,0.937996,2968
1093024,1238520,166,0.938027,2968
1096416,1238520,166,0.936026,2968
1092496,1238520,166,0.938323,2968
1094152,1238520,166,0.937358,2968
1096480,1238520,166,0.935959,2968
1093408,1238520,167,0.937756,2968
1093440,1238520,166,0.937738,2968
1089624,1238520,166,0.939860,2968
1086992,1238520,166,0.938146,2968
1090040,1238520,165,0.936464,2992
1086696,1238520,165,0.938317,2992
1086856,1238520,164,0.938232,2992
1084776,1238520,164,0.939343,2992
1083112,1238520,165,0.940184,2992
1080816,1238520,166,0.941307,2992
1084608,1238520,165,0.939404,3040
1080664,1238520,165,0.941380,3040
1081632,1238520,164,0.940913,3040
1082160,1238520,163,0.940635,3080
1082080,1238520,164,0.940675,3080
1079944,1238520,164,0.941727,3080
1082216,1238520,163,0.940620,3104
1083472,1238520,163,0.939972,3104
1083368,1238520,164,0.940028,3096
1080128,1238520,164,0.941632,3096
1081072,1238520,163,0.941176,3104
1081488,1238520,162,0.940975,3104
1085448,1238520,161,0.938984,3112
1087200,1238520,161,0.938035,3112
1091296,1238520,161,0.935736,3112
1093600,1238520,161,0.934353,3112
1094592,1238520,161,0.933722,3112
1092128,1238520,161,0.935225,3112
1095880,1238520,161,0.932925,3112
1097576,1238520,161,0.931813,3112
1097136,1238520,161,0.932148,3080
1098248,1238520,161,0.931396,3080
1096912,1238520,161,0.932312,3048
1094120,1238520,162,0.934073,3008
1091032,1238520,162,0.935919,3008
1089368,1238520,162,0.936898,2984
1091008,1238520,162,0.935947,2984
1093752,1238520,161,0.934324,3008
1096576,1238520,160,0.932577,3016
1098216,1238520,160,0.931490,3016
1095144,1238520,161,0.933442,3016
1098872,1238520,161,0.931027,3016
1098248,1238520,161,0.931490,2984
1101216,1238520,161,0.929459,2984
1099168,1238520,161,0.930883,2984
1099816,1238520,160,0.930427,3016
1098336,1238520,160,0.931443,3016
1097168,1238520,160,0.923728,2968
1093288,1238520,160,0.926455,2968
1090176,1238520,160,0.928511,2968
1091048,1238520,159,0.927945,2984
1087488,1238520,159,0.930191,2984
1084800,1238520,160,0.931775,2984
1081928,1238520,160,0.933417,2984
1078224,1238520,160,0.935414,2984
1078784,1238520,159,0.935119,2992
1075968,1238520,159,0.936586,2976
1077032,1238520,158,0.936031,3016
1077680,1238520,158,0.935677,3016
1074488,1238520,159,0.937271,3016
1075080,1238520,158,0.936981,3016
1077592,1238520,157,0.935718,3024
1073728,1238520,158,0.937635,3024
1069864,1238520,158,0.939463,3024
1068688,1238520,157,0.940034,3024
1070648,1238520,156,0.939149,3024
1069512,1238520,157,0.939687,2976
1073240,1238520,156,0.937957,2984
1069960,1238520,156,0.939503,2984
1072056,1238520,156,0.938516,2984
1072480,1238520,155,0.938306,3008
1072760,1238520,154,0.938173,3008
1070944,1238520,154,0.939043,3008
1068008,1238520,155,0.940364,3008
1065592,1238520,156,0.941409,3008
1066984,1238520,156,0.940790,3008
1070376,1238520,156,0.939259,3008
1072832,1238520,156,0.938094,3008
1074040,1238520,155,0.937496,3048
1073480,1238520,155,0.937800,3024
1074184,1238520,154,0.937442,3064
1072528,1238520,154,0.938257,3064
1068576,1238520,153,0.935484,3064
1071856,1238520,153,0.933852,3064
1075584,1238520,153,0.931898,3064
1077584,1238520,152,0.930811,3072
1078656,1238520,152,0.930189,3072
1080840,1238520,152,0.928917,3072
1079088,1238520,153,0.929919,3072
1081016,1238520,152,0.928791,3112
1077448,1238520,152,0.930837,3112
1079904,1238520,152,0.929433,3112
1076400,1238520,153,0.931382,3112
1076560,1238520,152,0.931296,3112
1075592,1238520,153,0.931817,3112
1075568,1238520,154,0.931830,3112
1073480,1238520,155,0.932926,3112
1072120,1238520,155,0.933646,3112
1072584,1238520,154,0.933411,3112
1076224,1238520,153,0.931490,3136
1079704,1238520,152,0.929547,3160
1082616,1238520,151,0.927832,3184
1079648,1238520,152,0.929566,3184
1077872,1238520,152,0.930599,3168
1081848,1238520,152,0.928298,3168
1080312,1238520,153,0.929194,3168
1077696,1238520,154,0.930670,3168
1080344,1238520,154,0.929148,3168
1078304,1238520,155,0.930306,3168
1076240,1238520,156,0.931439,3168
1076848,1238520,155,0.931109,3168
1079688,1238520,155,0.929497,3168
1083336,1238520,155,0.927321,3168
1082264,1238520,155,0.927995,3168
1083536,1238520,155,0.927200,3168
1080544,1238520,156,0.928977,3168
1079288,1238520,156,0.929725,3168
1078872,1238520,157,0.929960,3168
1075920,1238520,158,0.931585,3168
1077592,1238520,158,0.930648,3168
1077496,1238520,159,0.930701,3168
1076104,1238520,159,0.931490,3160
1078904,1238520,159,0.929919,3160
1081712,1238520,159,0.928270,3160
1085680,1238520,159,0.925815,3160
1083248,1238520,160,0.927321,3160
1085888,1238520,160,0.925653,3160
1082528,1238520,160,0.927756,3160
1083400,1238520,159,0.927219,3176
1085776,1238520,158,0.925719,3216
1085568,1238520,158,0.925881,3216
1086320,1238520,157,0.925398,3224
1085856,1238520,158,0.925693,3224
1083816,1238520,157,0.927024,3224
1081536,1238520,158,0.928402,3208
1081864,1238520,157,0.928209,3208
1085192,1238520,157,0.926152,3208
1084472,1238520,158,0.926606,3200
1084008,1238520,159,0.926916,3160
1084408,1238520,158,0.926670,3160
1083992,1238520,159,0.926931,3152
1081056,1238520,159,0.928717,3152
1081720,1238520,159,0.928298,3152
1079848,1238520,160,0.929387,3152
1078288,1238520,159,0.930323,3152
1079872,1238520,159,0.929401,3152
1082528,1238520,159,0.927818,3152
1080488,1238520,160,0.929019,3152
1083824,1238520,160,0.927004,3152
1085912,1238520,159,0.925703,3152
1086656,1238520,159,0.925198,3152
1089528,1238520,159,0.923272,3152
1090576,1238520,159,0.922524,3152
1094008,1238520,159,0.920047,3152
1090008,1238520,160,0.922881,3152
1089792,1238520,161,0.923028,3152
1090392,1238520,160,0.922617,3152
1092112,1238520,159,0.921387,3192
1091048,1238520,159,0.922180,3176
1093504,1238520,159,0.920398,3176
1090000,1238520,160,0.922870,3176
1086416,1238520,161,0.925244,3176
1087088,1238520,161,0.924779,3176
1089880,1238520,161,0.922886,3176
1086496,1238520,162,0.925131,3176
1085416,1238520,162,0.925850,3176
1081328,1238520,163,0.928346,3176
1083008,1238520,163,0.927312,3176
1085720,1238520,163,0.925597,3176
1085664,1238520,164,0.925632,3176
1082584,1238520,164,0.927568,3176
1080144,1238520,164,0.929051,3152
1083464,1238520,164,0.927048,3152
1080048,1238520,164,0.929107,3152
1080592,1238520,163,0.928773,3184
1078080,1238520,164,0.930212,3176
1081944,1238520,164,0.927952,3176
1084056,1238520,164,0.926640,3176
1085312,1238520,164,0.925825,3176
1088480,1238520,164,0.923735,3176
1085280,1238520,164,0.925845,3176
1083240,1238520,165,0.927112,3176
1079808,1238520,165,0.929176,3176
1080840,1238520,165,0.928548,3176
1083840,1238520,165,0.926714,3176
1086152,1238520,165,0.925229,3176
1085024,1238520,165,0.925981,3168
1081432,1238520,165,0.928204,3168
1080960,1238520,166,0.928487,3160
1080280,1238520,165,0.927242,3160
1077112,1238520,165,0.929103,3160
1080640,1238520,164,0.927032,3200
1077992,1238520,165,0.928581,3200
1080240,1238520,165,0.927242,3200
1080744,1238520,164,0.926941,3200
1083592,1238520,164,0.925165,3200
1085896,1238520,164,0.923657,3200
1083552,1238520,164,0.925190,3200
1084376,1238520,164,0.924638,3200
1081128,1238520,164,0.926682,3200
1083440,1238520,164,0.925230,3200
1084728,1238520,164,0.924382,3200
1084064,1238520,164,0.924836,3200
1084496,1238520,163,0.924556,3208
1080576,1238520,164,0.926980,3208
1076792,1238520,164,0.929202,3208
1078200,1238520,164,0.928374,3208
1081800,1238520,164,0.926211,3208
1078056,1238520,164,0.928480,3168
1080288,1238520,164,0.927147,3168
1076904,1238520,165,0.929108,3168
1076368,1238520,166,0.929409,3168
1079416,1238520,166,0.927634,3168
1077096,1238520,166,0.929013,3144
1077488,1238520,165,0.928791,3144
1075272,1238520,165,0.930073,3112
1075704,1238520,164,0.929822,3136
1076344,1238520,163,0.929467,3136
1073688,1238520,164,0.930919,3136
1075784,1238520,164,0.929752,3136
1074840,1238520,165,0.930275,3128
1077544,1238520,165,0.928740,3128
1074824,1238520,165,0.930283,3128
1078512,1238520,165,0.928185,3128
1077400,1238520,166,0.928822,3128
1076096,1238520,165,0.929610,3128
1076992,1238520,165,0.929081,3128
1074592,1238520,166,0.930427,3096
1075536,1238520,165,0.929902,3112
1076712,1238520,165,0.929220,3112
1074232,1238520,165,0.912551,3112
1076168,1238520,164,0.911212,3112
1073200,1238520,165,0.913248,3112
1075296,1238520,165,0.911787,3112
1071488,1238520,166,0.914348,3112
1073376,1238520,165,0.913076,3144
1071456,1238520,166,0.914369,3112
1073008,1238520,166,0.913312,3112
1069792,1238520,165,0.915473,3112
1067696,1238520,165,0.916815,3112
1070408,1238520,165,0.915079,3112
1073424,1238520,165,0.913065,3112
1072480,1238520,165,0.913727,3112
1070008,1238520,164,0.915396,3112
1066072,1238520,164,0.917861,3112
1069904,1238520,164,0.915462,3112
1066608,1238520,165,0.917509,3112
1070104,1238520,165,0.915304,3112
1067640,1238520,165,0.916879,3112
1068704,1238520,164,0.916189,3160
1069544,1238520,164,0.915630,3160
1070256,1238520,163,0.915166,3176
1067288,1238520,163,0.911916,3176
1066600,1238520,163,0.912397,3168
1068112,1238520,163,0.911382,3168
1070480,1238520,163,0.909762,3168
1067424,1238520,163,0.911833,3168
1066752,1238520,163,0.912299,3168
1068416,1238520,163,0.911181,3168
1071512,1238520,162,0.909074,3184
1067624,1238520,162,0.911723,3184
1070952,1238520,162,0.909461,3184
1067264,1238520,162,0.911983,3144
1065744,1238520,162,0.912990,3144
1067784,1238520,161,0.911676,3144
1065464,1238520,161,0.913198,3144
1064824,1238520,162,0.913605,3136
1068280,1238520,162,0.911356,3136
1069568,1238520,162,0.910467,3136
1071680,1238520,162,0.908991,3136
1069176,1238520,163,0.910697,3136
1070632,1238520,163,0.909680,3136
1069648,1238520,164,0.910354,3128
1072280,1238520,163,0.908528,3152
1069896,1238520,163,0.910202,3152
1073272,1238520,163,0.907826,3152
1070312,1238520,164,0.909915,3112
1070296,1238520,164,0.909958,3112
1073496,1238520,164,0.907695,3112
1071072,1238520,164,0.909428,3112
1071304,1238520,163,0.909268,3112
1069920,1238520,163,0.910267,3080
1066648,1238520,164,0.912423,3080
1064352,1238520,165,0.913875,3080
1061000,1238520,166,0.915910,3080
1062360,1238520,166,0.915067,3080
1060992,1238520,167,0.915886,3080
1064216,1238520,166,0.913900,3128
1060896,1238520,166,0.915943,3128
1059480,1238520,166,0.916806,3120
1062432,1238520,165,0.915028,3168
1066024,1238520,165,0.912766,3168
1069352,1238520,164,0.910574,3192
1066024,1238520,164,0.912782,3192
1063752,1238520,163,0.914266,3192
1062176,1238520,164,0.915226,3192
1060904,1238520,165,0.915986,3192
1064104,1238520,165,0.914019,3192
1067272,1238520,165,0.911978,3192
1069176,1238520,165,0.910692,3192
1068312,1238520,165,0.911308,3176
1067608,1238520,166,0.911796,3136
1069992,1238520,166,0.910181,3136
1066744,1238520,166,0.912356,3136
1062784,1238520,167,0.914839,3128
1059344,1238520,167,0.916908,3128
1055616,1238520,167,0.919038,3128
1059584,1238520,166,0.916797,3128
1060592,1238520,166,0.916179,3128
1058536,1238520,166,0.917401,3128
1055848,1238520,167,0.918910,3128
1055648,1238520,168,0.919020,3128
1058768,1238520,168,0.917240,3128
1055104,1238520,168,0.919318,3128
1057560,1238520,167,0.917942,3152
1060880,1238520,167,0.915995,3152
1057048,1238520,167,0.918230,3152
1056032,1238520,166,0.918848,3152
1054128,1238520,166,0.919912,3152
1050792,1238520,166,0.921691,3152
1049504,1238520,166,0.922372,3152
1049608,1238520,165,0.922319,3152
1049912,1238520,164,0.922165,3152
1046528,1238520,165,0.923847,3152
1048416,1238520,165,0.922894,3152
1050928,1238520,164,0.921596,3200
1052200,1238520,164,0.920910,3200
1056192,1238520,164,0.918733,3200
1058384,1238520,164,0.917474,3200
1056488,1238520,165,0.918547,3192
1056696,1238520,164,0.918431,3192
1052840,1238520,163,0.920577,3192
1054592,1238520,163,0.919614,3192
1053128,1238520,163,0.920425,3192
1054976,1238520,162,0.919414,3224
1055536,1238520,161,0.919095,3248
1052752,1238520,162,0.920611,3216
1050192,1238520,162,0.921966,3216
1047488,1238520,162,0.923346,3216
1048184,1238520,161,0.922986,3248
1052168,1238520,161,0.920927,3248
1048464,1238520,161,0.898577,3248
1048984,1238520,160,0.898224,3264
1050512,1238520,159,0.897172,3312
1054080,1238520,158,0.894697,3328
1054800,1238520,157,0.894168,3352
1058168,1238520,156,0.891695,3368
1058672,1238520,155,0.891310,3376
1055344,1238520,156,0.893761,3376
1054248,1238520,157,0.894544,3376
1057328,1238520,157,0.892278,3376
1056120,1238520,158,0.893194,3336
1057048,1238520,158,0.892479,3336
1059264,1238520,158,0.890783,3336
1060208,1238520,157,0.890024,3384
1061728,1238520,157,0.888801,3384
1059384,1238520,157,0.890656,3384
1060704,1238520,157,0.889602,3384
1057776,1238520,156,0.891904,3384
1057256,1238520,157,0.892302,3368
1057704,1238520,156,0.891951,3392
1055424,1238520,156,0.893686,3352
1058232,1238520,155,0.891617,3360
1060840,1238520,155,0.889590,3360
1058376,1238520,155,0.891539,3320
1055664,1238520,155,0.893571,3320
1052392,1238520,155,0.895916,3320
1048488,1238520,155,0.898577,3320
1051128,1238520,155,0.896782,3320
1053648,1238520,155,0.895007,3320
1054720,1238520,154,0.894231,3344
1051576,1238520,154,0.896461,3344
1052072,1238520,153,0.896120,3344
1051240,1238520,154,0.896717,3304
1051336,1238520,153,0.896652,3304
1053840,1238520,153,0.894884,3304
1053680,1238520,154,0.894996,3304
1053192,1238520,155,0.895338,3304
1051280,1238520,156,0.896657,3304
1053232,1238520,156,0.895277,3304
1054632,1238520,156,0.894254,3304
1055416,1238520,155,0.893663,3344
1055016,1238520,156,0.893951,3344
1057048,1238520,156,0.892438,3344
1054408,1238520,156,0.894385,3344
1057296,1238520,156,0.892254,3344
1054744,1238520,156,0.894146,3344
1057024,1238520,156,0.892455,3344
1057000,1238520,156,0.892509,3344
1055224,1238520,156,0.893836,3344
1055736,1238520,155,0.893449,3368
1054480,1238520,156,0.894362,3352
1055440,1238520,156,0.893640,3352
1057776,1238520,156,0.891892,3352
1055864,1238520,156,0.893333,3352
1057120,1238520,155,0.892402,3368
1055496,1238520,156,0.893605,3344
1053904,1238520,157,0.894742,3344
1054640,1238520,157,0.894186,3344
1050800,1238520,158,0.896858,3344
1051968,1238520,158,0.896027,3344
1054344,1238520,158,0.894328,3344
1051496,1238520,158,0.896351,3344
1052752,1238520,158,0.895450,3344
1049400,1238520,158,0.897768,3344
1049936,1238520,157,0.897404,3352
1047376,1238520,157,0.899125,3352
1043688,1238520,157,0.901493,3352
1045600,1238520,157,0.900265,3352
1042752,1238520,157,0.902083,3328
1041616,1238520,158,0.902773,3328
1039312,1238520,159,0.904142,3328
1036216,1238520,160,0.905950,3280
1039320,1238520,159,0.904142,3320
1035576,1238520,159,0.906337,3280
1036880,1238520,159,0.905574,3280
1038440,1238520,159,0.904651,3280
1040256,1238520,159,0.903558,3280
1037912,1238520,160,0.904928,3280
1034704,1238520,160,0.906769,3280
1033416,1238520,160,0.907512,3264
1035112,1238520,160,0.906551,3264
1033792,1238520,160,0.907307,3264
1032824,1238520,161,0.907843,3248
1032096,1238520,162,0.908240,3240
1035576,1238520,161,0.906319,3264
1038744,1238520,161,0.904483,3264
1041008,1238520,161,0.903119,3264
1043144,1238520,161,0.901794,3264
1044640,1238520,160,0.900835,3312
1041752,1238520,161,0.902614,3312
1040224,1238520,161,0.903558,3312
1039112,1238520,160,0.904269,3312
1039512,1238520,159,0.904034,3312
1037840,1238520,159,0.905053,3280
1038512,1238520,158,0.904651,3304
1041168,1238520,158,0.903057,3304
1043696,1238520,158,0.901488,3304
1045656,1238520,158,0.900229,3304
1042480,1238520,157,0.902264,3304
1045480,1238520,157,0.900371,3304
1044848,1238520,158,0.900770,3304
1048616,1238520,158,0.898314,3304
1047344,1238520,158,0.899177,3304
1043624,1238520,159,0.901532,3304
1044288,1238520,159,0.901090,3304
1040640,1238520,160,0.903315,3304
1040168,1238520,160,0.903624,3304
1041032,1238520,159,0.903105,3312
1039824,1238520,159,0.903851,3312
1040648,1238520,158,0.903334,3360
1042368,1238520,158,0.902269,3360
1046112,1238520,158,0.899903,3360
1047784,1238520,158,0.898792,3360
1045584,1238520,158,0.900239,3360
1047064,1238520,158,0.899260,3360
1045744,1238520,158,0.900138,3360
1045296,1238520,158,0.900452,3360
1049280,1238520,158,0.897837,3360
1046480,1238520,157,0.899729,3360
1047760,1238520,156,0.898875,3400
1046208,1238520,157,0.899877,3400
1045976,1238520,158,0.900026,3400
1049416,1238520,158,0.897752,3400
1046472,1238520,158,0.899708,3400
1043280,1238520,158,0.901745,3400
1045880,1238520,158,0.900087,3400
1043232,1238520,158,0.901774,3400
1045352,1238520,158,0.900422,3400
1047608,1238520,158,0.898943,3400
1049008,1238520,157,0.898012,3416
1049504,1238520,157,0.897650,3416
1047928,1238520,158,0.898692,3416
1047872,1238520,159,0.898729,3416
1047184,1238520,160,0.899187,3400
1046648,1238520,161,0.899539,3392
1048632,1238520,161,0.898214,3392
1052240,1238520,161,0.895739,3392
1054440,1238520,161,0.894157,3392
1052048,1238520,160,0.895905,3392
1048768,1238520,160,0.898155,3392
1044968,1238520,161,0.900609,3392
1042968,1238520,161,0.901887,3384
1040720,1238520,162,0.903248,3384
1039656,1238520,163,0.903903,3344
1041848,1238520,163,0.902565,3344
1039536,1238520,163,0.903973,3344
1042424,1238520,163,0.902215,3344
1043416,1238520,163,0.901577,3344
1044584,1238520,162,0.900850,3344
1047208,1238520,162,0.899146,3344
1046152,1238520,162,0.899857,3344
1049984,1238520,162,0.897312,3344
1053048,1238520,162,0.895176,3344
1056456,1238520,162,0.892697,3344
1058680,1238520,162,0.891002,3344
1056992,1238520,163,0.892266,3344
1058696,1238520,163,0.890954,3344
1054968,1238520,163,0.893744,3344
1057784,1238520,163,0.891641,3344
1056264,1238520,162,0.892838,3344
1053264,1238520,162,0.895047,3312
1049536,1238520,163,0.897602,3312
1048592,1238520,164,0.898240,3296
1049392,1238520,163,0.897709,3296
1051520,1238520,163,0.896236,3296
1052104,1238520,162,0.895800,3344
1054840,1238520,162,0.893836,3344
1052048,1238520,163,0.895806,3344
1052312,1238520,162,0.895623,3344
1051728,1238520,163,0.896060,3296
1054272,1238520,163,0.894243,3296
1050472,1238520,163,0.896918,3296
1054560,1238520,163,0.894037,3296
1052368,1238520,163,0.895617,3296
1050688,1238520,163,0.896804,3296
1054616,1238520,163,0.894031,3296
1051728,1238520,163,0.896093,3296
1052952,1238520,163,0.895210,3296
1051688,1238520,163,0.896120,3296
1054648,1238520,163,0.894008,3296
1057304,1238520,163,0.892035,3296
1054256,1238520,163,0.894305,3272
1053520,1238520,163,0.894861,3272
1056232,1238520,163,0.892879,3272
1055728,1238520,163,0.893287,3264
1058376,1238520,163,0.891292,3264
1056736,1238520,163,0.892550,3264
1053944,1238520,163,0.894601,3264
1056520,1238520,163,0.892709,3264
1060464,1238520,163,0.889696,3264
1056984,1238520,163,0.892385,3240
1056272,1238520,162,0.892978,3240
1054832,1238520,162,0.894054,3240
1052848,1238520,162,0.895489,3240
1053904,1238520,161,0.894748,3240
1056048,1238520,161,0.893176,3240
1057160,1238520,160,0.892349,3256
1053216,1238520,160,0.895221,3256
1054016,1238520,159,0.894629,3296
1055336,1238520,158,0.893686,3296
1057376,1238520,158,0.892160,3296
1053808,1238520,159,0.894754,3280
1050728,1238520,159,0.896918,3280
1048672,1238520,160,0.898293,3280
1050672,1238520,160,0.896923,3280
1050568,1238520,160,0.897026,3280
1052064,1238520,159,0.895994,3296
1053584,1238520,158,0.894934,3296
1052448,1238520,158,0.895767,3288
1053448,1238520,157,0.895052,3312
1054800,1238520,156,0.894083,3328
1051304,1238520,156,0.896559,3328
1049504,1238520,155,0.897837,3328
1049464,1238520,156,0.897863,3328
1051872,1238520,156,0.896203,3328
1050696,1238520,155,0.897070,3328
1047256,1238520,155,0.899374,3328
1049072,1238520,155,0.898155,3328
1049976,1238520,154,0.897543,3344
1048896,1238520,154,0.898298,3336
1049480,1238520,153,0.897906,3344
1048832,1238520,152,0.898398,3344
1052680,1238520,151,0.895789,3360
1056248,1238520,150,0.893246,3376
1060168,1238520,150,0.890282,3376
1057416,1238520,151,0.892355,3376
1056616,1238520,152,0.892943,3376
1055744,1238520,153,0.893588,3360
1055712,1238520,154,0.893611,3360
1054488,1238520,154,0.894522,3360
1057392,1238520,154,0.892385,3360
1059264,1238520,154,0.890948,3360
1059024,1238520,155,0.891141,3344
1061776,1238520,154,0.889021,3344
1060880,1238520,154,0.889758,3344
1058256,1238520,155,0.891755,3344
1059224,1238520,154,0.891020,3352
1063216,1238520,154,0.887872,3352
1065896,1238520,154,0.885641,3352
1062856,1238520,154,0.888160,3352
1061776,1238520,155,0.889015,3352
1065536,1238520,155,0.885940,3352
1068528,1238520,155,0.883361,3352
1072544,1238520,155,0.879725,3352
1074496,1238520,155,0.877851,3352
1070576,1238520,155,0.881514,3352
1072448,1238520,155,0.879769,3352
1072168,1238520,155,0.880086,3336
1068728,1238520,155,0.883215,3320
1070048,1238520,154,0.882056,3320
1071704,1238520,153,0.880561,3328
1071112,1238520,154,0.881097,3328
1067352,1238520,154,0.884434,3328
1067832,1238520,153,0.884017,3336
1071664,1238520,152,0.880633,3336
1070904,1238520,153,0.881342,3312
1072416,1238520,152,0.879931,3352
1070760,1238520,152,0.881478,3352
1073944,1238520,152,0.878510,3352
1071896,1238520,152,0.880451,3352
1070096,1238520,153,0.882070,3352
1069616,1238520,154,0.882501,3344
1068584,1238520,154,0.883444,3344
1068944,1238520,153,0.883132,3344
1072440,1238520,153,0.879961,3344
1076248,1238520,153,0.876309,3344
1079656,1238520,153,0.872843,3344
1078336,1238520,154,0.874190,3344
1080080,1238520,154,0.872354,3344
1078888,1238520,155,0.873581,3344
1080440,1238520,154,0.871954,3368
1076888,1238520,153,0.875658,3368
1080256,1238520,153,0.872196,3368
1076408,1238520,154,0.876098,3352
1078696,1238520,153,0.873785,3384
1077384,1238520,154,0.875112,3376
1081248,1238520,153,0.871146,3376
1078608,1238520,154,0.873882,3376
1077824,1238520,154,0.874720,3376
1073856,1238520,155,0.878570,3376
1077328,1238520,155,0.875167,3376
1079912,1238520,155,0.872495,3376
1080608,1238520,154,0.871770,3376
1078400,1238520,154,0.874101,3368
1079336,1238520,153,0.873123,3392
1079128,1238520,153,0.873385,3392
1079632,1238520,152,0.872826,3432
1077176,1238520,152,0.875358,3432
1076336,1238520,153,0.876184,3432
1077336,1238520,153,0.875151,3432
1080696,1238520,153,0.871669,3432
1078744,1238520,153,0.873736,3432
1076408,1238520,154,0.876067,3432
1076744,1238520,153,0.875729,3440
1080112,1238520,153,0.872271,3440
1079848,1238520,154,0.872545,3440
1082384,1238520,154,0.869811,3440
1078696,1238520,155,0.873679,3440
1079984,1238520,154,0.872346,3448
1079928,1238520,154,0.872454,3448
1080280,1238520,153,0.872079,3456
1076304,1238520,153,0.876145,3456
1078280,1238520,153,0.874133,3456
1076568,1238520,152,0.875934,3456
1077288,1238520,151,0.875207,3472
1074168,1238520,151,0.878276,3472
1073192,1238520,152,0.879206,3456
1069168,1238520,153,0.882838,3456
1067072,1238520,153,0.884686,3456
1063320,1238520,153,0.887821,3456
1065952,1238520,153,0.885628,3456
1063408,1238520,154,0.887711,3456
1061480,1238520,155,0.889272,3416
1064344,1238520,155,0.886947,3416
1062760,1238520,154,0.888300,3416
1066728,1238520,154,0.885010,3416
1066120,1238520,155,0.885521,3416
1069256,1238520,155,0.882796,3416
1071224,1238520,154,0.881046,3416
1071528,1238520,153,0.880764,3424
1072432,1238520,153,0.879895,3424
1073624,1238520,152,0.878788,3424
1075800,1238520,152,0.876668,3424
1072432,1238520,153,0.879850,3424
1074880,1238520,153,0.877508,3424
1074248,1238520,154,0.878117,3416
1074776,1238520,153,0.877592,3440
1070968,1238520,154,0.881126,3440
1073480,1238520,154,0.878773,3440
1070296,1238520,154,0.881728,3440
1066576,1238520,154,0.884997,3440
1064016,1238520,155,0.887129,3424
1063264,1238520,155,0.887776,3424
1062488,1238520,156,0.888402,3416
1062600,1238520,155,0.888313,3416
1066608,1238520,155,0.884990,3416
1066096,1238520,156,0.885440,3392
1069280,1238520,156,0.882670,3392
1072568,1238520,156,0.879666,3392
1069920,1238520,157,0.882063,3392
1071048,1238520,156,0.881046,3400
1072688,1238520,155,0.879503,3448
1070040,1238520,155,0.881949,3448
1069512,1238520,154,0.882501,3448
1067200,1238520,154,0.884543,3448
1071104,1238520,153,0.881126,3448
1075008,1238520,153,0.877454,3448
1078880,1238520,153,0.873581,3448
1082384,1238520,153,0.869854,3448
1081696,1238520,154,0.870601,3440
1082056,1238520,153,0.870199,3456
1078288,1238520,154,0.874157,3424
1079784,1238520,154,0.872578,3424
1078064,1238520,154,0.874383,3424
1074112,1238520,155,0.878238,3424
1071808,1238520,155,0.880422,3424
1067840,1238520,155,0.883976,3424
1071536,1238520,155,0.880670,3424
1069080,1238520,156,0.882859,3424
1070616,1238520,156,0.881456,3424
1073280,1238520,156,0.878975,3424
1072176,1238520,156,0.880071,3392
1072992,1238520,155,0.879295,3416
1072928,1238520,155,0.879407,3408
1071984,1238520,155,0.880320,3408
1070960,1238520,156,0.881284,3368
1073408,1238520,155,0.879035,3376
1077120,1238520,155,0.875421,3376
1073688,1238520,156,0.878728,3376
1072296,1238520,155,0.880108,3376
1068992,1238520,155,0.883104,3376
1067592,1238520,155,0.884352,3376
1065152,1238520,155,0.886469,3336
1063120,1238520,156,0.888115,3336
1059744,1238520,155,0.890820,3336
1060000,1238520,154,0.890625,3336
1059280,1238520,154,0.891220,3320
1062496,1238520,154,0.888700,3320
1064688,1238520,154,0.886901,3320
1066728,1238520,154,0.885172,3320
1067856,1238520,153,0.884202,3336
1070984,1238520,153,0.881421,3336
1071872,1238520,152,0.880619,3336
1074856,1238520,152,0.877798,3336
1073344,1238520,153,0.879221,3336
1073960,1238520,152,0.878630,3352
1077528,1238520,152,0.875135,3352
1077864,1238520,151,0.874760,3392
1078888,1238520,150,0.873687,3432
1078080,1238520,150,0.874552,3432
1080944,1238520,150,0.871560,3432
1079064,1238520,150,0.873557,3432
1076408,1238520,151,0.876208,3432
1076752,1238520,150,0.875831,3472
1077000,1238520,149,0.875587,3472
1074728,1238520,150,0.877813,3448
1074760,1238520,149,0.877783,3448
1073792,1238520,150,0.878705,3440
1074824,1238520,150,0.877683,3440
1071640,1238520,150,0.880692,3440
1068096,1238520,150,0.883866,3440
1069952,1238520,150,0.882204,3440
1068696,1238520,151,0.883306,3440
1067944,1238520,150,0.884044,3432
1071184,1238520,150,0.881154,3432
1074664,1238520,150,0.877889,3432
1073024,1238520,151,0.879429,3432
1069000,1238520,152,0.883048,3432
1064904,1238520,153,0.886515,3432
1066400,1238520,152,0.885259,3448
1068472,1238520,152,0.883451,3448
1065944,1238520,153,0.885601,3448
1068040,1238520,153,0.883783,3448
1069400,1238520,153,0.882557,3448
1070328,1238520,152,0.881693,3496
1069304,1238520,153,0.882635,3456
1069432,1238520,152,0.882522,3456
1066104,1238520,153,0.885400,3432
1068144,1238520,153,0.883624,3432
1067800,1238520,154,0.883955,3392
1064072,1238520,155,0.887077,3384
1064048,1238520,156,0.887097,3384
1066544,1238520,155,0.885004,3416
1065608,1238520,156,0.885808,3392
1064536,1238520,157,0.886712,3368
1062416,1238520,157,0.888459,3368
1065640,1238520,157,0.885801,3368
1067208,1238520,157,0.884441,3368
1069488,1238520,157,0.882424,3368
1068496,1238520,157,0.883333,3368
1071976,1238520,157,0.880188,3368
1070120,1238520,157,0.881906,3368
1073176,1238520,157,0.879080,3368
1074136,1238520,156,0.878178,3368
1078000,1238520,156,0.874359,3368
1076728,1238520,156,0.875674,3368
1080128,1238520,156,0.872179,3368
1076928,1238520,156,0.875476,3368
1076672,1238520,157,0.875729,3368
1075432,1238520,157,0.876985,3368
1078344,1238520,156,0.874068,3408
1077760,1238520,157,0.874664,3400
1074744,1238520,157,0.877661,3400
1075600,1238520,156,0.876823,3416
1072840,1238520,156,0.879481,3416
1075640,1238520,156,0.876784,3416
1073544,1238520,157,0.878780,3416
1077328,1238520,157,0.875080,3416
1075904,1238520,157,0.876528,3416
1077776,1238520,156,0.874640,3456
1076304,1238520,157,0.876098,3456
1077568,1238520,156,0.874832,3472
1080400,1238520,156,0.871887,3472
1082448,1238520,155,0.869655,3520
1083384,1238520,154,0.868580,3568
1080776,1238520,154,0.871442,3568
1081424,1238520,153,0.870738,3584
1077552,1238520,154,0.874736,3584
1074840,1238520,155,0.877393,3584
1078824,1238520,155,0.873401,3584
1076368,1238520,155,0.875910,3584
1077952,1238520,155,0.874286,3584
1078672,1238520,154,0.873540,3600
1078344,1238520,154,0.873923,3600
1076528,1238520,155,0.875737,3600
1077656,1238520,154,0.874600,3616
1078912,1238520,153,0.873328,3616
1077880,1238520,153,0.874423,3616
1081072,1238520,153,0.871078,3616
1079160,1238520,153,0.873123,3616
1076760,1238520,153,0.875587,3616
1073896,1238520,154,0.878352,3616
1077536,1238520,154,0.874768,3616
1079584,1238520,154,0.872636,3616
1077384,1238520,155,0.874872,3616
1074928,1238520,155,0.877347,3592
1078744,1238520,155,0.873524,3592
1077840,1238520,155,0.874488,3592
1076848,1238520,155,0.875524,3592
1079776,1238520,154,0.872520,3632
1077240,1238520,153,0.875191,3632
1075104,1238520,153,0.877324,3632
1078984,1238520,153,0.873434,3632
1081240,1238520,153,0.871036,3632
1081480,1238520,152,0.870781,3632
1082552,1238520,151,0.869603,3656
1082048,1238520,152,0.870190,3616
1080216,1238520,153,0.872129,3616
1082608,1238520,153,0.869533,3616
1084120,1238520,152,0.867871,3616
1080360,1238520,152,0.871979,3616
1082864,1238520,152,0.869255,3616
1083480,1238520,152,0.868527,3616
1079496,1238520,152,0.872826,3616
1081896,1238520,152,0.870250,3616
1079416,1238520,153,0.872859,3616
1076712,1238520,153,0.875635,3616
1074080,1238520,152,0.878268,3616
1074432,1238520,151,0.877927,3624
1070976,1238520,151,0.881169,3624
1070280,1238520,152,0.881821,3592
1074088,1238520,151,0.878284,3640
1070080,1238520,150,0.882041,3640
1068336,1238520,150,0.883610,3640
1067976,1238520,150,0.883962,3640
1068336,1238520,149,0.883631,3664
1068784,1238520,148,0.883243,3664
1069472,1238520,147,0.882635,3672
1069816,1238520,147,0.882289,3672
1072856,1238520,147,0.879496,3672
1075056,1238520,146,0.877423,3672
1073496,1238520,147,0.878900,3672
1070688,1238520,147,0.881521,3664
1072392,1238520,147,0.879931,3664
1069560,1238520,147,0.882522,3664
1066688,1238520,147,0.885037,3664
1068376,1238520,147,0.883555,3664
1066880,1238520,148,0.884848,3648
1070000,1238520,147,0.882127,3672
1071840,1238520,147,0.880429,3672
1073688,1238520,147,0.878675,3672
1071128,1238520,147,0.861295,3672
1070464,1238520,147,0.862040,3672
1071128,1238520,146,0.861337,3680
1072368,1238520,145,0.860021,3680
1070328,1238520,146,0.862173,3680
1069200,1238520,147,0.863343,3672
1067160,1238520,146,0.865490,3672
1067888,1238520,145,0.864758,3680
1064312,1238520,145,0.868288,3680
1065336,1238520,144,0.867286,3704
1065896,1238520,143,0.866713,3736
1066064,1238520,142,0.866550,3736
1063520,1238520,143,0.868982,3736
1066424,1238520,143,0.866151,3736
1063640,1238520,143,0.868884,3720
1060984,1238520,142,0.871421,3720
1062928,1238520,142,0.869595,3720
1062272,1238520,143,0.870202,3720
1060584,1238520,143,0.871782,3720
1062864,1238520,143,0.869654,3720
1060472,1238520,143,0.871883,3720
1062928,1238520,143,0.869595,3720
1066848,1238520,143,0.865798,3720
1069832,1238520,143,0.862744,3720
1067032,1238520,143,0.865616,3720
1069888,1238520,142,0.862727,3728
1068600,1238520,143,0.864050,3720
1071832,1238520,143,0.860652,3720
1071448,1238520,143,0.861118,3712
1075456,1238520,143,0.856704,3712
1071736,1238520,143,0.860813,3712
1075120,1238520,143,0.857080,3712
1071136,1238520,144,0.861396,3712
1072328,1238520,143,0.860098,3744
1070256,1238520,144,0.862281,3744
1071136,1238520,143,0.861320,3784
1069912,1238520,143,0.862645,3784
1071552,1238520,143,0.860881,3784
1069224,1238520,143,0.863351,3784
1069376,1238520,142,0.863196,3784
1068368,1238520,143,0.864244,3760
1070096,1238520,143,0.862430,3760
1067240,1238520,144,0.865331,3752
1064528,1238520,144,0.868014,3752
1067576,1238520,144,0.864997,3752
1070856,1238520,144,0.861597,3752
1068024,1238520,144,0.864549,3752
1069048,1238520,143,0.863506,3760
1067384,1238520,144,0.865180,3760
1066440,1238520,145,0.866159,3712
1064360,1238520,146,0.868166,3712
1061168,1238520,146,0.871175,3712
1058648,1238520,146,0.873464,3712
1055592,1238520,146,0.876124,3712
1055872,1238520,145,0.875889,3712
1052704,1238520,146,0.878501,3712
1049960,1238520,146,0.880733,3688
1049176,1238520,147,0.881370,3648
1046416,1238520,148,0.883457,3648
1047256,1238520,147,0.882823,3656
1047776,1238520,146,0.882432,3656
1047400,1238520,147,0.882715,3656
1050632,1238520,147,0.880195,3656
1047736,1238520,147,0.882462,3656
1047192,1238520,146,0.882943,3656
1046616,1238520,147,0.883373,3656
1045800,1238520,148,0.883995,3632
1049504,1238520,148,0.881167,3632
1050992,1238520,147,0.879987,3656
1048128,1238520,147,0.882238,3656
1049032,1238520,147,0.881511,3656
1046920,1238520,148,0.883111,3656
1046280,1238520,148,0.883623,3656
1046920,1238520,147,0.883135,3672
1045264,1238520,147,0.873578,3664
1045696,1238520,146,0.873206,3696
1048400,1238520,146,0.870954,3696
1048120,1238520,147,0.871187,3696
1050808,1238520,147,0.868877,3696
1054528,1238520,147,0.865555,3696
1053528,1238520,147,0.866496,3696
1056240,1238520,147,0.863990,3696
1060184,1238520,147,0.860195,3696
1056440,1238520,147,0.863805,3696
1058144,1238520,147,0.862160,3696
1056048,1238520,147,0.864167,3696
1055248,1238520,148,0.864909,3688
1058728,1238520,148,0.861611,3688
1056880,1238520,149,0.863358,3688
1054256,1238520,149,0.865808,3688
1052096,1238520,149,0.867767,3688
1053872,1238520,149,0.866153,3688
1055136,1238520,148,0.864989,3712
1054856,1238520,149,0.865244,3712
1054240,1238520,149,0.865844,3712
1053216,1238520,150,0.866766,3704
1052480,1238520,150,0.867479,3680
1050920,1238520,150,0.868877,3680
1054304,1238520,150,0.865858,3680
1056840,1238520,149,0.863500,3720
1053184,1238520,149,0.866865,3720
1055928,1238520,149,0.864344,3720
1055704,1238520,150,0.864550,3720
1057096,1238520,149,0.863216,3768
1053144,1238520,150,0.866816,3768
1055384,1238520,150,0.864755,3768
1053232,1238520,150,0.866738,3768
1053856,1238520,149,0.866153,3800
1055688,1238520,149,0.864447,3800
1056104,1238520,149,0.864020,3800
1055368,1238520,149,0.864748,3792
1052856,1238520,150,0.867050,3744
1053920,1238520,150,0.866059,3744
1054752,1238520,149,0.865309,3744
1056272,1238520,148,0.863879,3784
1055208,1238520,149,0.864901,3736
1056560,1238520,149,0.863612,3736
1056304,1238520,149,0.863894,3736
1058440,1238520,149,0.861840,3736
1061232,1238520,149,0.859076,3736
1065056,1238520,149,0.855123,3736
1067088,1238520,149,0.852907,3736
1070928,1238520,149,0.848577,3736
1073128,1238520,148,0.845974,3768
1077168,1238520,148,0.840967,3768
1076368,1238520,149,0.842022,3728
1079536,1238520,148,0.837967,3728
1080696,1238520,147,0.836398,3752
1080952,1238520,146,0.836033,3768
1081160,1238520,145,0.835753,3768
1078504,1238520,145,0.839321,3768
1081952,1238520,145,0.834678,3768
1080312,1238520,145,0.836953,3768
1082992,1238520,144,0.833311,3768
1080704,1238520,145,0.836473,3736
1080080,1238520,146,0.837345,3704
1081352,1238520,145,0.835602,3736
1084096,1238520,145,0.831740,3736
1083272,1238520,145,0.833033,3688
1080344,1238520,146,0.837070,3648
1077360,1238520,146,0.840997,3648
1080992,1238520,146,0.836205,3648
1081832,1238520,145,0.835071,3648
1081888,1238520,144,0.834994,3648
1078976,1238520,145,0.838897,3624
1079880,1238520,145,0.837652,3624
1076600,1238520,145,0.841922,3624
1073736,1238520,146,0.845421,3624
1071528,1238520,146,0.848070,3624
1067688,1238520,146,0.852429,3624
1067128,1238520,147,0.853071,3592
1069696,1238520,147,0.850192,3592
1072584,1238520,146,0.846823,3640
1076536,1238520,145,0.842002,3672
1073064,1238520,146,0.846220,3672
1076776,1238520,146,0.841642,3672
1078616,1238520,146,0.839239,3672
1078856,1238520,145,0.838928,3672
1076720,1238520,146,0.841652,3672
1080408,1238520,146,0.836825,3672
1078032,1238520,146,0.840041,3632
1078424,1238520,145,0.839528,3640
1076472,1238520,146,0.842002,3640
1075640,1238520,146,0.843093,3640
1075152,1238520,146,0.843750,3640
1077960,1238520,146,0.840184,3640
1074480,1238520,146,0.844566,3640
1078464,1238520,146,0.839538,3640
1081152,1238520,146,0.835936,3640
1083056,1238520,145,0.833267,3688
1082168,1238520,146,0.834492,3688
1082728,1238520,145,0.833699,3704
1080544,1238520,146,0.836665,3704
1084272,1238520,146,0.831468,3704
1083016,1238520,146,0.833300,3704
1084992,1238520,146,0.830440,3704
1082168,1238520,145,0.834536,3704
1078800,1238520,146,0.839021,3704
1074856,1238520,146,0.844033,3704
1073104,1238520,146,0.846192,3704
1076352,1238520,145,0.842202,3744
1078880,1238520,144,0.838949,3776
1082632,1238520,144,0.833865,3776
1086272,1238520,144,0.828615,3776
1082448,1238520,144,0.834119,3776
1080744,1238520,143,0.836559,3776
1081152,1238520,142,0.836012,3776
1083168,1238520,142,0.833189,3776
1082736,1238520,142,0.833887,3752
1080848,1238520,143,0.836494,3720
1084792,1238520,142,0.831035,3728
1084232,1238520,143,0.831854,3712
1084776,1238520,142,0.831081,3712
1087528,1238520,142,0.826990,3712
1084168,1238520,142,0.831944,3712
1088248,1238520,142,0.825905,3712
1085680,1238520,141,0.829851,3712
1085176,1238520,142,0.830589,3704
1086816,1238520,141,0.828167,3728
1086008,1238520,141,0.829480,3688
1087584,1238520,141,0.827085,3688
1085496,1238520,142,0.830152,3688
1082112,1238520,142,0.834962,3688
1085816,1238520,142,0.829689,3688
1088624,1238520,142,0.825443,3688
1089848,1238520,142,0.823484,3688
1085904,1238520,143,0.829433,3680
1085344,1238520,143,0.830347,3656
1081288,1238520,143,0.836055,3656
1083408,1238520,143,0.833089,3656
1081152,1238520,143,0.836237,3656
1078936,1238520,144,0.839156,3656
1077408,1238520,145,0.841169,3608
1078504,1238520,144,0.839754,3624
1078184,1238520,145,0.840164,3624
1079248,1238520,144,0.838772,3640
1080256,1238520,143,0.837451,3640
1077736,1238520,144,0.840714,3640
1076384,1238520,144,0.842470,3640
1078984,1238520,144,0.839114,3640
1076864,1238520,144,0.841872,3640
1078560,1238520,144,0.839661,3640
1076720,1238520,144,0.842052,3640
1075200,1238520,145,0.843926,3640
1078304,1238520,145,0.839990,3640
1079336,1238520,145,0.838595,3640
1075504,1238520,146,0.843437,3640
1079304,1238520,145,0.838595,3672
1083160,1238520,145,0.833344,3672
1080248,1238520,146,0.837345,3632
1077712,1238520,147,0.840632,3632
1076136,1238520,148,0.842609,3632
1079016,1238520,148,0.838897,3632
1081640,1238520,148,0.835353,3632
1082648,1238520,147,0.833964,3640
1086184,1238520,147,0.828873,3640
1087808,1238520,147,0.826389,3640
1088408,1238520,146,0.825468,3648
1087088,1238520,147,0.827479,3632
1088776,1238520,147,0.824856,3632
1085072,1238520,147,0.830428,3632
1086176,1238520,147,0.828755,3632
1083128,1238520,147,0.833178,3632
1080024,1238520,148,0.837388,3632
1076800,1238520,148,0.841602,3632
1074296,1238520,148,0.844740,3632
1076000,1238520,148,0.842599,3632
1076320,1238520,147,0.842202,3632
1072680,1238520,147,0.846663,3632
1073264,1238520,146,0.845964,3640
1074808,1238520,145,0.844072,3672
1076488,1238520,145,0.841942,3672
1072840,1238520,145,0.846428,3672
1069592,1238520,146,0.850210,3632
1070728,1238520,146,0.848870,3632
1069768,1238520,147,0.849958,3632
1066960,1238520,146,0.853157,3632
1068808,1238520,146,0.851084,3632
1071464,1238520,146,0.848024,3632
1074448,1238520,146,0.844440,3632
1073592,1238520,146,0.845546,3616
1076840,1238520,145,0.841521,3656
1073504,1238520,146,0.845603,3656
1074552,1238520,146,0.844285,3656
1074056,1238520,147,0.844884,3656
1071400,1238520,147,0.848070,3656
1072728,1238520,147,0.846466,3656
1074368,1238520,147,0.844450,3656
1072240,1238520,148,0.846982,3656
1075392,1238520,148,0.843142,3656
1074368,1238520,149,0.844421,3632
1075448,1238520,149,0.843044,3632
1072160,1238520,150,0.846992,3632
1072664,1238520,149,0.846390,3640
1069680,1238520,149,0.849886,3640
1072784,1238520,149,0.846248,3640
1072096,1238520,149,0.847114,3640
1069272,1238520,150,0.850353,3632
1068552,1238520,151,0.851182,3608
1069952,1238520,151,0.849561,3608
1068864,1238520,152,0.850826,3568
1067992,1238520,152,0.851861,3552
1070688,1238520,152,0.848787,3552
1067728,1238520,152,0.852150,3552
1069784,1238520,152,0.849814,3552
1066384,1238520,152,0.853613,3544
1067512,1238520,151,0.852394,3544
1069248,1238520,151,0.850425,3544
1072200,1238520,151,0.846992,3544
1075152,1238520,151,0.843398,3544
1071056,1238520,152,0.848264,3544
1067824,1238520,153,0.851896,3544
1069688,1238520,153,0.849769,3544
1073000,1238520,152,0.845888,3584
1071296,1238520,152,0.847941,3584
1068056,1238520,152,0.851650,3584
1070752,1238520,152,0.848567,3584
1072560,1238520,152,0.846409,3584
1070616,1238520,152,0.848723,3584
1069824,1238520,153,0.849633,3576
1071328,1238520,153,0.847858,3576
1071424,1238520,152,0.847747,3576
1070952,1238520,153,0.848329,3544
1073512,1238520,152,0.845287,3576
1071672,1238520,152,0.847514,3576
1072008,1238520,151,0.847114,3584
1068128,1238520,151,0.851570,3584
1065248,1238520,151,0.854727,3584
1067336,1238520,151,0.852438,3584
1064688,1238520,151,0.855316,3584
1062232,1238520,150,0.857938,3584
1058640,1238520,151,0.861473,3584
1062184,1238520,150,0.857938,3632
1065488,1238520,150,0.854473,3632
1067104,1238520,150,0.852690,3632
1065088,1238520,150,0.854896,3632
1068672,1238520,150,0.850969,3632
1071064,1238520,150,0.848209,3632
1070968,1238520,150,0.848375,3632
1068336,1238520,150,0.851420,3608
1068928,1238520,149,0.850764,3608
1068480,1238520,150,0.851288,3584
1071768,1238520,150,0.847505,3584
1069792,1238520,151,0.849769,3584
1073232,1238520,150,0.845784,3584
1075856,1238520,150,0.842540,3584
1072272,1238520,150,0.846917,3584
1071544,1238520,151,0.847774,3576
1074992,1238520,150,0.843672,3576
1072592,1238520,150,0.846607,3576
1076560,1238520,150,0.841732,3576
1076904,1238520,149,0.841300,3576
1076744,1238520,150,0.841501,3576
1077456,1238520,149,0.840592,3584
1074832,1238520,149,0.843916,3584
1076448,1238520,149,0.841862,3584
1075544,1238520,149,0.843044,3584
1072416,1238520,149,0.846861,3584
1074152,1238520,149,0.844740,3584
1070488,1238520,149,0.849088,3584
1066568,1238520,150,0.853458,3552
1070304,1238520,149,0.849325,3560
1073600,1238520,149,0.845431,3560
1073872,1238520,148,0.845105,3560
1072000,1238520,147,0.847431,3560
1075680,1238520,147,0.842965,3560
1071824,1238520,148,0.847580,3560
1072304,1238520,147,0.847020,3560
1071080,1238520,146,0.848567,3544
1072360,1238520,146,0.847029,3544
1070576,1238520,146,0.849161,3528
1066592,1238520,146,0.853613,3528
1069984,1238520,145,0.849886,3528
1071208,1238520,145,0.848439,3528
1067192,1238520,146,0.852915,3528
1069848,1238520,146,0.849931,3528
1069640,1238520,146,0.850228,3520
1073632,1238520,145,0.845584,3544
1072080,1238520,145,0.847496,3520
1075432,1238520,144,0.843466,3544
1072784,1238520,145,0.846645,3544
1069664,1238520,146,0.850255,3520
1067616,1238520,146,0.852568,3520
1069104,1238520,146,0.850880,3520
1070640,1238520,146,0.849098,3520
1074216,1238520,146,0.844855,3520
1071960,1238520,146,0.847580,3520
1069440,1238520,147,0.850452,3520
1071280,1238520,147,0.848310,3520
1072832,1238520,147,0.846447,3520
1070016,1238520,148,0.849696,3520
1073000,1238520,148,0.846192,3520
1071832,1238520,149,0.847561,3520
1074496,1238520,149,0.844343,3520
1072224,1238520,150,0.847067,3504
1073776,1238520,150,0.845172,3504
1073104,1238520,151,0.846002,3480
1075752,1238520,151,0.842738,3480
1074744,1238520,151,0.844033,3480
1075144,1238520,150,0.843525,3496
1071928,1238520,151,0.847366,3496
1069544,1238520,150,0.850201,3496
1073160,1238520,150,0.845974,3496
1069992,1238520,151,0.849642,3496
1068352,1238520,152,0.851526,3448
1067792,1238520,153,0.852150,3440
1065744,1238520,153,0.854457,3392
1067568,1238520,153,0.852446,3392
1063848,1238520,153,0.856437,3392
1060864,1238520,152,0.859543,3392
1057384,1238520,152,0.862939,3392
1061024,1238520,152,0.859385,3392
1064744,1238520,152,0.855558,3392
1067944,1238520,151,0.852124,3408
1070952,1238520,151,0.848705,3408
1073760,1238520,151,0.845364,3408
1073992,1238520,150,0.845086,3408
1072408,1238520,151,0.846964,3408
1072848,1238520,150,0.846447,3408
1071192,1238520,150,0.848430,3408
1071624,1238520,149,0.847895,3440
1073704,1238520,149,0.845393,3440
1069712,1238520,150,0.850048,3416
1068968,1238520,151,0.850880,3416
1071440,1238520,151,0.848024,3416
1071640,1238520,150,0.847793,3416
1070360,1238520,151,0.849261,3416
1068664,1238520,152,0.851164,3416
1071080,1238520,152,0.848384,3416
1074096,1238520,152,0.844778,3416
1071680,1238520,152,0.847691,3416
1067896,1238520,153,0.851957,3416
1066208,1238520,153,0.853835,3416
1064952,1238520,154,0.855182,3400
1065792,1238520,153,0.854295,3400
1066192,1238520,152,0.853844,3424
1063208,1238520,152,0.857012,3424
1066904,1238520,152,0.853079,3424
1063184,1238520,152,0.857037,3424
1065832,1238520,152,0.854227,3424
1065288,1238520,153,0.854803,3424
1063176,1238520,153,0.857045,3424
1059192,1238520,154,0.861003,3424
1058480,1238520,155,0.861695,3416
1061080,1238520,155,0.859115,3416
1059816,1238520,155,0.860429,3392
1056336,1238520,154,0.863849,3368
1052408,1238520,154,0.867437,3368
1049312,1238520,155,0.870116,3352
1052448,1238520,155,0.867374,3352
1054400,1238520,154,0.865628,3360
1051896,1238520,155,0.867851,3360
1050192,1238520,155,0.869363,3360
1052512,1238520,155,0.867311,3360
1054864,1238520,155,0.865164,3360
1052416,1238520,156,0.867360,3352
1054328,1238520,156,0.865613,3352
1050872,1238520,155,0.868746,3352
1046880,1238520,156,0.872097,3352
1043352,1238520,157,0.874950,3312
1046736,1238520,157,0.872208,3312
1043864,1238520,157,0.874548,3312
1047192,1238520,157,0.871834,3312
1046000,1238520,158,0.872806,3312
1045552,1238520,158,0.873206,3312
1042864,1238520,159,0.875330,3312
1043648,1238520,158,0.874712,3320
1047424,1238520,158,0.871637,3320
1047688,1238520,157,0.871419,3320
1048048,1238520,156,0.871114,3328
1050224,1238520,156,0.869240,3328
1050976,1238520,155,0.868594,3328
1054008,1238520,155,0.865880,3328
1055880,1238520,155,0.864130,3328
1055848,1238520,156,0.864160,3328
1057856,1238520,156,0.862236,3328
1055720,1238520,156,0.864278,3328
1054272,1238520,157,0.865599,3328
1052720,1238520,158,0.867007,3304
1055344,1238520,158,0.864601,3304
1053768,1238520,158,0.866074,3304
1056280,1238520,158,0.863738,3304
1058352,1238520,158,0.861741,3304
1061416,1238520,158,0.858701,3304
1063968,1238520,158,0.856057,3304
1061960,1238520,158,0.858156,3304
1063200,1238520,157,0.856865,3336
1065232,1238520,157,0.854702,3336
1065680,1238520,156,0.854227,3336
1069296,1238520,156,0.850228,3336
1069128,1238520,156,0.850470,3336
1069368,1238520,155,0.850192,3344
1069240,1238520,155,0.850389,3344
1070128,1238520,154,0.849389,3344
1070072,1238520,154,0.849506,3344
1066632,1238520,155,0.853304,3344
1066888,1238520,154,0.853019,3352
1067104,1238520,153,0.852777,3360
1065584,1238520,152,0.854507,3360
1062792,1238520,152,0.857452,3360
1065648,1238520,152,0.854440,3360
1062936,1238520,153,0.857257,3360
1059984,1238520,153,0.860249,3360
1063816,1238520,153,0.856355,3360
1060784,1238520,153,0.859464,3360
1059728,1238520,153,0.860546,3360
1060200,1238520,152,0.860085,3360
1058648,1238520,153,0.861588,3360
1061288,1238520,153,0.858964,3360
1060520,1238520,153,0.859771,3360
1057160,1238520,154,0.862999,3360
1060912,1238520,154,0.859337,3360
1062312,1238520,153,0.857890,3408
1058816,1238520,153,0.861381,3408
1059784,1238520,152,0.860429,3424
1058784,1238520,153,0.861396,3424
1055488,1238520,153,0.864535,3424
1053616,1238520,154,0.866267,3384
1050296,1238520,154,0.869213,3384
1049040,1238520,155,0.870278,3384
1049984,1238520,154,0.869479,3384
1050904,1238520,153,0.868691,3384
1049744,1238520,153,0.869744,3360
1052088,1238520,153,0.867683,3360
1050240,1238520,153,0.869349,3328
1047496,1238520,153,0.871690,3328
1049944,1238520,153,0.869602,3328
1053656,1238520,153,0.866324,3328
1050976,1238520,153,0.868718,3328
1047112,1238520,153,0.872005,3328
1051080,1238520,153,0.868628,3328
1054248,1238520,153,0.865793,3328
1050472,1238520,152,0.869192,3328
1053248,1238520,152,0.866731,3328
1056968,1238520,152,0.863298,3328
1060984,1238520,152,0.859393,3328
1060584,1238520,153,0.859803,3312
1062520,1238520,152,0.857874,3312
1065720,1238520,152,0.854516,3312
1066144,1238520,151,0.854032,3344
1062824,1238520,150,0.833030,3344
1060224,1238520,151,0.836065,3344
1057088,1238520,151,0.839635,3344
1056168,1238520,151,0.840715,3320
1056256,1238520,150,0.840620,3320
1060272,1238520,150,0.836092,3320
1061680,1238520,149,0.834407,3368
1061080,1238520,150,0.835105,3368
1060408,1238520,151,0.835881,3368
1056376,1238520,152,0.840429,3328
1058064,1238520,151,0.838575,3328
1058080,1238520,150,0.838557,3328
1055288,1238520,151,0.841636,3296
1058552,1238520,151,0.838013,3296
1060536,1238520,151,0.835706,3296
1064200,1238520,151,0.831319,3296
1063296,1238520,152,0.832409,3296
1065104,1238520,151,0.830205,3304
1065000,1238520,151,0.830392,3304
1062432,1238520,151,0.833542,3304
1063584,1238520,150,0.832121,3344
1060320,1238520,150,0.836010,3344
1056872,1238520,151,0.839871,3344
1059624,1238520,151,0.836749,3344
1060472,1238520,151,0.835725,3344
1061448,1238520,150,0.834566,3368
1065360,1238520,150,0.829811,3368
1068936,1238520,150,0.825213,3368
1066312,1238520,150,0.828627,3368
1062600,1238520,150,0.833210,3368
1066648,1238520,149,0.828215,3408
1067048,1238520,148,0.827690,3424
1063448,1238520,149,0.832131,3424
1062512,1238520,150,0.833305,3376
1061664,1238520,150,0.834360,3376
1059152,1238520,151,0.837248,3376
1060776,1238520,151,0.835337,3376
1061712,1238520,150,0.834219,3400
1065656,1238520,150,0.829405,3400
1067304,1238520,150,0.827273,3400
1066688,1238520,151,0.828074,3384
1068120,1238520,151,0.826188,3384
1064112,1238520,151,0.831261,3384
1066360,1238520,151,0.828426,3384
1064720,1238520,150,0.830578,3384
1066504,1238520,149,0.828346,3400
1065536,1238520,150,0.829573,3384
1067296,1238520,150,0.827304,3384
1063464,1238520,149,0.832159,3384
1062632,1238520,150,0.833153,3384
1063328,1238520,149,0.832313,3392
1062368,1238520,148,0.833570,3392
1064272,1238520,148,0.831232,3392
1063936,1238520,149,0.831648,3384
1066192,1238520,149,0.828817,3384
1067336,1238520,149,0.827314,3384
1065624,1238520,150,0.829484,3368
1068912,1238520,150,0.825244,3368
1068200,1238520,151,0.826188,3352
1066576,1238520,151,0.828315,3352
1066648,1238520,150,0.828225,3352
1063080,1238520,150,0.832677,3336
1065936,1238520,150,0.829136,3336
1067312,1238520,150,0.827344,3336
1064560,1238520,151,0.830774,3336
1068088,1238520,150,0.826352,3336
1065808,1238520,150,0.829295,3336
1069224,1238520,149,0.824900,3368
1065816,1238520,150,0.829246,3368
1065224,1238520,150,0.830038,3368
1068280,1238520,150,0.826126,3368
1065384,1238520,151,0.829801,3352
1069376,1238520,151,0.824659,3352
1071792,1238520,151,0.821368,3352
1068000,1238520,152,0.826445,3304
1069040,1238520,151,0.825088,3312
1068776,1238520,152,0.825432,3312
1067344,1238520,152,0.827334,3312
1070696,1238520,151,0.822911,3352
1072008,1238520,151,0.821073,3352
1071456,1238520,151,0.821921,3328
1067544,1238520,151,0.827120,3328
1063576,1238520,150,0.832150,3328
1062680,1238520,151,0.833220,3328
1060024,1238520,151,0.836367,3328
1063320,1238520,151,0.832457,3328
1065032,1238520,150,0.830372,3336
1068376,1238520,150,0.826105,3336
1065192,1238520,151,0.830117,3336
1063256,1238520,152,0.832466,3336
1061384,1238520,153,0.834678,3336
1062488,1238520,152,0.833381,3336
1063984,1238520,152,0.831532,3336
1066224,1238520,152,0.828717,3336
1064536,1238520,152,0.830871,3328
1064728,1238520,151,0.830637,3328
1062360,1238520,152,0.833485,3328
1060184,1238520,152,0.836074,3328
1063048,1238520,152,0.832667,3328
1066224,1238520,151,0.828777,3336
1064976,1238520,152,0.830343,3320
1068456,1238520,151,0.825909,3360
1064488,1238520,152,0.830891,3360
1068032,1238520,152,0.826393,3360
1067168,1238520,153,0.827507,3352
1064664,1238520,153,0.830695,3344
1064312,1238520,153,0.831183,3344
1062224,1238520,154,0.833683,3344
1060400,1238520,154,0.835863,3344
1062552,1238520,154,0.833295,3344
1062728,1238520,153,0.833087,3344
1063632,1238520,152,0.832006,3344
1062896,1238520,153,0.832887,3344
1058856,1238520,154,0.837564,3344
1058904,1238520,153,0.837510,3344
1062712,1238520,152,0.833068,3376
1062504,1238520,152,0.833371,3376
1063616,1238520,152,0.831986,3376
1061776,1238520,152,0.834229,3376
1062576,1238520,151,0.833276,3384
1065952,1238520,151,0.829116,3384
1066584,1238520,150,0.828325,3384
1066824,1238520,149,0.828013,3392
1069112,1238520,149,0.825015,3392
1066448,1238520,150,0.828426,3392
1070200,1238520,150,0.823519,3392
1069064,1238520,151,0.825015,3392
1065488,1238520,151,0.829623,3392
1064512,1238520,152,0.830823,3392
1062760,1238520,152,0.832991,3392
1062832,1238520,151,0.832906,3392
1064832,1238520,151,0.830431,3392
1063272,1238520,151,0.832438,3344
1065480,1238520,151,0.829692,3344
1062856,1238520,151,0.832934,3344
1063400,1238520,150,0.832265,3360
1066592,1238520,150,0.828285,3360
1066272,1238520,151,0.828687,3360
1066504,1238520,150,0.828396,3360
1069144,1238520,149,0.824984,3384
1066208,1238520,149,0.828797,3384
1068960,1238520,149,0.825224,3384
1067048,1238520,149,0.827740,3384
1065008,1238520,150,0.830284,3384
1065024,1238520,149,0.830254,3392
1066480,1238520,149,0.828386,3392
1063256,1238520,150,0.832399,3344
1061224,1238520,151,0.834799,3344
1057488,1238520,152,0.839044,3336
1053896,1238520,153,0.842918,3336
1051928,1238520,153,0.845011,3336
1048792,1238520,153,0.848206,3336
1044992,1238520,153,0.851925,3304
1046600,1238520,153,0.850360,3304
1047888,1238520,153,0.849073,3304
1049000,1238520,152,0.847961,3328
1050400,1238520,152,0.846520,3328
1046856,1238520,153,0.850046,3280
1046408,1238520,154,0.850474,3280
1048728,1238520,154,0.848182,3280
1047520,1238520,155,0.849391,3248
1046024,1238520,155,0.850870,3248
1045184,1238520,156,0.851670,3240
1048288,1238520,155,0.848691,3248
1049184,1238520,154,0.847811,3248
1048872,1238520,153,0.848213,3248
1052192,1238520,153,0.844830,3248
1051696,1238520,154,0.845338,3248
1053000,1238520,153,0.843955,3288
1053912,1238520,152,0.842985,3304
1055184,1238520,151,0.841636,3304
1057152,1238520,151,0.839450,3304
1053448,1238520,151,0.843471,3304
1049912,1238520,152,0.847097,3288
1052544,1238520,152,0.844377,3288
1053064,1238520,151,0.843788,3336
1055728,1238520,151,0.840914,3336
1058456,1238520,151,0.837860,3336
1056944,1238520,151,0.839635,3296
1054216,1238520,151,0.842622,3296
1055024,1238520,150,0.841747,3312
1054192,1238520,150,0.842682,3312
1051784,1238520,150,0.845232,3312
1051440,1238520,150,0.845631,3312
1048336,1238520,151,0.848730,3304
1045352,1238520,151,0.851632,3304
1044184,1238520,152,0.852728,3296
1044720,1238520,151,0.852194,3336
1048416,1238520,150,0.848652,3352
1051776,1238520,150,0.845248,3352
1051896,1238520,149,0.845125,3352
1050424,1238520,150,0.846617,3352
1052552,1238520,149,0.844427,3376
1053880,1238520,149,0.842993,3376
1055512,1238520,149,0.841207,3376
1056672,1238520,148,0.839932,3392
1056144,1238520,148,0.840585,3368
1058920,1238520,148,0.837465,3368
1057192,1238520,149,0.839388,3368
1061200,1238520,148,0.834817,3400
1058952,1238520,149,0.837393,3400
1058976,1238520,148,0.837365,3400
1056168,1238520,149,0.840472,3400
1058080,1238520,148,0.838343,3424
1056600,1238520,148,0.840028,3424
1054760,1238520,149,0.842012,3424
1051592,1238520,149,0.845362,3424
1052544,1238520,148,0.844361,3448
1049128,1238520,149,0.847843,3416
1050360,1238520,148,0.846609,3424
1050528,1238520,147,0.846440,3424
1046832,1238520,147,0.850115,3424
1049784,1238520,147,0.847185,3424
1052896,1238520,146,0.844004,3440
1052504,1238520,147,0.844418,3432
1048488,1238520,148,0.848457,3432
1049056,1238520,147,0.847875,3456
1050864,1238520,146,0.846037,3488
1049152,1238520,147,0.847756,3480
1052912,1238520,146,0.843921,3504
1049488,1238520,146,0.847447,3504
1051856,1238520,146,0.845011,3504
1050744,1238520,146,0.846239,3456
1052432,1238520,145,0.844485,3488
1049832,1238520,146,0.847121,3488
1046304,1238520,147,0.850558,3488
1050352,1238520,146,0.846553,3536
1054232,1238520,145,0.842504,3584
1051280,1238520,145,0.845664,3536
1055312,1238520,145,0.841405,3536
1054840,1238520,146,0.841909,3536
1057816,1238520,146,0.838619,3536
1056368,1238520,147,0.840212,3536
1054176,1238520,148,0.842563,3536
1054288,1238520,147,0.842445,3536
1054848,1238520,146,0.841807,3576
1052616,1238520,147,0.844154,3576
1056392,1238520,147,0.840089,3576
1055360,1238520,148,0.841207,3576
1054464,1238520,149,0.842165,3576
1051144,1238520,149,0.845664,3576
1052592,1238520,148,0.844179,3576
1048576,1238520,149,0.848229,3576
1048872,1238520,148,0.847938,3576
1049240,1238520,147,0.847574,3576
1051776,1238520,147,0.844970,3576
1048048,1238520,147,0.848746,3576
1051792,1238520,146,0.845003,3576
1050688,1238520,146,0.846174,3576
1052200,1238520,145,0.844592,3616
1051440,1238520,145,0.845452,3584
1053240,1238520,145,0.843546,3584
1050984,1238520,146,0.845867,3584
1052296,1238520,146,0.844476,3584
1050016,1238520,147,0.846793,3584
1046424,1238520,148,0.850306,3584
1048200,1238520,148,0.848543,3584
1047048,1238520,148,0.849746,3544
1045016,1238520,148,0.851723,3544
1047488,1238520,148,0.849321,3544
1046576,1238520,149,0.850215,3528
1043528,1238520,149,0.853120,3528
1043840,1238520,148,0.852832,3528
1041792,1238520,148,0.854743,3528
1041936,1238520,147,0.854613,3528
1045624,1238520,147,0.851165,3528
1043816,1238520,148,0.852884,3496
1040048,1238520,147,0.856366,3496
1042432,1238520,147,0.854194,3496
1045696,1238520,147,0.851128,3496
1041976,1238520,147,0.854606,3496
1042136,1238520,146,0.854454,3504
1043584,1238520,146,0.853090,3504
1047552,1238520,145,0.849298,3552
1044800,1238520,145,0.851962,3552
1043744,1238520,145,0.852987,3552
1047320,1238520,144,0.849600,3568
1049616,1238520,143,0.847352,3568
1048288,1238520,142,0.848754,3568
1045552,1238520,143,0.851377,3568
1042512,1238520,144,0.854186,3568
1046264,1238520,144,0.850657,3568
1042296,1238520,144,0.854382,3568
1044432,1238520,144,0.852380,3568
1041576,1238520,144,0.855030,3568
1039744,1238520,144,0.856696,3568
1041824,1238520,144,0.854808,3568
1040248,1238520,144,0.856253,3568
1041120,1238520,143,0.855459,3592
1043408,1238520,143,0.853347,3592
1047024,1238520,143,0.849908,3592
1047640,1238520,142,0.849290,3616
1044640,1238520,143,0.852141,3616
1041280,1238520,144,0.855209,3616
1039784,1238520,145,0.856535,3616
1043864,1238520,145,0.852817,3616
1044880,1238520,144,0.851857,3632
1045904,1238520,143,0.850855,3672
1045648,1238520,144,0.851112,3656
1046560,1238520,143,0.850230,3672
1046288,1238520,143,0.850535,3672
1045744,1238520,144,0.851082,3640
1046408,1238520,143,0.850436,3656
1046544,1238520,142,0.850306,3656
1042648,1238520,141,0.854027,3656
1046272,1238520,141,0.850612,3656
1046024,1238520,142,0.850847,3656
1042856,1238520,141,0.853881,3656
1044480,1238520,141,0.852343,3656
1042408,1238520,142,0.854244,3656
1039520,1238520,142,0.856857,3656
1038392,1238520,143,0.857850,3640
1039416,1238520,143,0.856920,3640
1038408,1238520,144,0.857794,3640
1037976,1238520,145,0.858173,3632
1041008,1238520,144,0.855516,3640
1041176,1238520,143,0.855366,3640
1042416,1238520,142,0.854230,3664
1039360,1238520,142,0.856990,3664
1040424,1238520,141,0.856020,3704
1042760,1238520,141,0.853881,3704
1038816,1238520,142,0.857386,3704
1035008,1238520,143,0.860641,3672
1035920,1238520,142,0.859868,3688
1037832,1238520,141,0.858235,3704
1037864,1238520,140,0.858207,3704
1036424,1238520,140,0.859472,3704
1034184,1238520,140,0.861373,3704
1035552,1238520,140,0.860202,3704
1035880,1238520,139,0.859928,3704
1032072,1238520,140,0.863044,3704
1032488,1238520,139,0.862691,3728
1028952,1238520,138,0.865550,3728
1029120,1238520,137,0.865421,3728
1028888,1238520,138,0.865600,3728
1028352,1238520,139,0.866042,3688
1030632,1238520,138,0.864274,3688
1031160,1238520,137,0.863839,3712
1030800,1238520,138,0.864142,3688
1032608,1238520,138,0.862665,3688
1031064,1238520,138,0.863959,3656
1032600,1238520,138,0.862697,3656
1028784,1238520,138,0.865735,3656
1024920,1238520,138,0.868677,3656
1027520,1238520,137,0.866712,3688
1028576,1238520,137,0.865870,3688
1025232,1238520,137,0.868423,3688
1027416,1238520,137,0.866755,3688
1024616,1238520,138,0.868841,3688
1024088,1238520,139,0.869245,3664
1020208,1238520,140,0.872048,3616
1017896,1238520,141,0.873642,3616
1017072,1238520,141,0.874233,3616
1018272,1238520,141,0.873385,3616
1015600,1238520,142,0.875186,3616
1012208,1238520,143,0.877400,3616
1015928,1238520,143,0.874936,3616
1020016,1238520,142,0.872120,3656
1023216,1238520,142,0.869814,3656
1024944,1238520,142,0.868518,3656
1028096,1238520,141,0.866128,3688
1027080,1238520,142,0.866912,3672
1025296,1238520,142,0.868282,3672
1027192,1238520,142,0.866827,3672
1027872,1238520,141,0.866305,3680
1029680,1238520,141,0.864875,3680
1027784,1238520,141,0.866372,3680
1031352,1238520,140,0.863579,3704
1029984,1238520,140,0.864694,3704
1028752,1238520,141,0.865655,3696
1029904,1238520,141,0.864725,3696
1030976,1238520,141,0.863845,3696
1028336,1238520,140,0.865975,3696
1031448,1238520,140,0.863509,3696
1030408,1238520,141,0.864337,3688
1033784,1238520,141,0.861595,3688
1031744,1238520,140,0.863318,3688
1033184,1238520,140,0.862122,3688
1031048,1238520,140,0.863871,3688
1030632,1238520,141,0.864218,3664
1028944,1238520,142,0.865557,3632
1031464,1238520,142,0.863547,3632
1032440,1238520,141,0.862762,3640
1032248,1238520,142,0.862916,3640
1031944,1238520,142,0.863197,3640
1032088,1238520,141,0.863082,3640
1034960,1238520,141,0.860707,3640
1031416,1238520,141,0.863617,3640
1032184,1238520,140,0.863005,3640
1035520,1238520,140,0.860242,3640
1034496,1238520,141,0.861123,3600
1032328,1238520,142,0.862884,3600
1031064,1238520,142,0.863940,3584
1032144,1238520,142,0.863044,3584
1032056,1238520,143,0.863114,3584
1034520,1238520,143,0.861077,3584
1035192,1238520,142,0.860488,3624
1038144,1238520,142,0.857953,3624
1037848,1238520,143,0.858207,3624
1039936,1238520,143,0.856352,3624
1036160,1238520,143,0.859640,3624
1036432,1238520,142,0.859411,3624
1035736,1238520,143,0.860002,3616
1037808,1238520,142,0.858248,3616
1034832,1238520,142,0.860793,3616
1034232,1238520,143,0.861294,3608
1036376,1238520,142,0.859472,3656
1039640,1238520,141,0.856661,3664
1037288,1238520,142,0.858693,3664
1038072,1238520,142,0.857980,3664
1037712,1238520,143,0.858296,3656
1040424,1238520,143,0.855893,3656
1038808,1238520,143,0.857351,3656
1040584,1238520,143,0.855751,3656
1039744,1238520,144,0.856492,3656
1037504,1238520,143,0.858515,3656
1039880,1238520,143,0.856415,3656
1039552,1238520,143,0.856745,3656
1037352,1238520,144,0.858672,3624
1040120,1238520,144,0.856232,3624
1041600,1238520,143,0.854894,3648
1040064,1238520,144,0.856260,3648
1038936,1238520,144,0.857296,3640
1036568,1238520,144,0.859364,3640
1036496,1238520,145,0.859424,3640
1035208,1238520,145,0.860541,3640
1036176,1238520,144,0.859720,3656
1038600,1238520,144,0.857615,3656
1040704,1238520,144,0.855729,3656
1043336,1238520,144,0.853311,3656
1039640,1238520,145,0.856640,3640
1043288,1238520,145,0.853325,3640
1039720,1238520,146,0.856527,3640
1041936,1238520,145,0.854519,3680
1044680,1238520,145,0.851955,3680
1041040,1238520,146,0.855281,3680
1044584,1238520,146,0.852000,3680
1047328,1238520,146,0.849345,3680
1045840,1238520,146,0.850840,3656
1049144,1238520,146,0.847590,3656
1045392,1238520,146,0.851264,3656
1046208,1238520,145,0.850467,3680
1043608,1238520,145,0.852950,3680
1043704,1238520,144,0.852861,3680
1040304,1238520,145,0.855935,3680
1044120,1238520,145,0.852432,3680
1040920,1238520,146,0.855345,3680
1037256,1238520,145,0.858624,3680
1038096,1238520,144,0.857884,3704
1036544,1238520,145,0.859208,3704
1040040,1238520,145,0.856147,3704
1037264,1238520,145,0.858597,3704
1039880,1238520,145,0.856288,3704
1043680,1238520,145,0.852817,3704
1042128,1238520,146,0.854237,3704
1040128,1238520,147,0.856027,3704
1041000,1238520,147,0.855209,3704
1039376,1238520,147,0.856689,3704
1039792,1238520,146,0.856302,3728
1041816,1238520,146,0.854454,3728
1040496,1238520,147,0.855637,3728
1042312,1238520,147,0.853961,3728
1040624,1238520,147,0.855523,3728
1038480,1238520,148,0.857449,3680
1036808,1238520,148,0.858924,3680
1037336,1238520,147,0.858454,3704
1034136,1238520,147,0.861176,3704
1030784,1238520,148,0.863909,3664
1029848,1238520,149,0.864663,3640
1033120,1238520,149,0.862019,3640
1033648,1238520,148,0.861549,3688
1037328,1238520,148,0.858433,3688
1040104,1238520,148,0.855978,3688
1042696,1238520,148,0.853604,3688
1039168,1238520,149,0.856759,3688
1041264,1238520,149,0.854858,3688
1039480,1238520,150,0.856457,3672
1037968,1238520,151,0.857808,3632
1036904,1238520,152,0.858733,3616
1035216,1238520,153,0.860156,3616
1037256,1238520,153,0.858392,3616
1040896,1238520,153,0.855166,3616
1042072,1238520,152,0.854085,3640
1041104,1238520,152,0.855037,3600
1039144,1238520,153,0.856773,3600
1042872,1238520,153,0.853391,3600
1044448,1238520,153,0.851887,3600
1045392,1238520,152,0.850984,3616
1041760,1238520,153,0.854346,3616
1043024,1238520,153,0.853149,3616
1041448,1238520,153,0.854628,3616
1037496,1238520,154,0.858132,3584
1033928,1238520,154,0.861169,3584
1031024,1238520,154,0.863554,3584
1033232,1238520,154,0.861739,3584
1037040,1238520,154,0.858522,3584
1037272,1238520,153,0.858324,3584
1038208,1238520,153,0.857476,3584
1037080,1238520,154,0.858460,3568
1035968,1238520,155,0.859404,3568
1032680,1238520,154,0.862200,3568
1030400,1238520,155,0.864022,3568
1030992,1238520,154,0.863541,3584
1031840,1238520,154,0.862826,3584
1032592,1238520,153,0.862213,3592
1028816,1238520,154,0.865204,3592
1026840,1238520,155,0.866718,3592
1027968,1238520,154,0.865858,3592
1030472,1238520,154,0.863871,3592
1033488,1238520,154,0.861405,3592
1031416,1238520,155,0.863082,3592
1029008,1238520,156,0.864981,3592
1025232,1238520,156,0.867890,3592
1029176,1238520,155,0.864856,3632
1025848,1238520,156,0.867400,3632
1029392,1238520,156,0.864650,3632
1031920,1238520,156,0.862607,3632
1036000,1238520,156,0.859202,3632
1035440,1238520,156,0.859747,3592
1038392,1238520,156,0.857185,3592
1034408,1238520,157,0.860568,3592
1031600,1238520,157,0.862896,3592
1034792,1238520,157,0.860249,3592
1035488,1238520,156,0.859667,3592
1035328,1238520,157,0.859801,3592
1037440,1238520,157,0.857967,3592
1033392,1238520,158,0.861399,3552
1036320,1238520,158,0.858917,3552
1032240,1238520,159,0.862297,3552
1031064,1238520,160,0.863242,3552
1032256,1238520,160,0.862246,3552
1034056,1238520,159,0.860773,3552
1029976,1238520,159,0.864104,3552
1032528,1238520,159,0.862025,3552
1032024,1238520,160,0.862440,3544
1031632,1238520,160,0.860219,3544
1035360,1238520,160,0.857061,3544
1035832,1238520,159,0.856656,3544
1032880,1238520,159,0.859191,3544
1036864,1238520,159,0.855763,3544
1035984,1238520,160,0.856560,3504
1035256,1238520,160,0.857225,3504
1035576,1238520,159,0.856951,3504
1037224,1238520,158,0.855490,3544
1035192,1238520,158,0.857286,3544
1038400,1238520,158,0.854455,3544
1035352,1238520,159,0.857109,3544
1037720,1238520,158,0.855020,3584
1034768,1238520,159,0.857572,3584
1037536,1238520,159,0.855140,3584
1037464,1238520,160,0.855203,3584
1039528,1238520,159,0.853361,3592
1039160,1238520,160,0.853692,3592
1040384,1238520,160,0.852543,3592
1040144,1238520,160,0.852812,3584
1043816,1238520,160,0.849359,3584
1041256,1238520,161,0.851782,3552
1045288,1238520,161,0.847932,3552
1041296,1238520,162,0.851701,3552
1044400,1238520,161,0.848779,3560
1043112,1238520,161,0.850048,3560
1044464,1238520,161,0.848718,3560
1043616,1238520,161,0.849572,3560
1041192,1238520,161,0.851878,3560
1045200,1238520,161,0.848056,3560
1049208,1238520,161,0.844032,3560
1049056,1238520,161,0.844236,3560
1048896,1238520,162,0.844406,3552
1050088,1238520,162,0.843139,3552
1051488,1238520,162,0.841634,3552
1048952,1238520,161,0.844390,3512
1051600,1238520,161,0.841608,3512
1047800,1238520,162,0.845501,3512
1048288,1238520,161,0.845012,3512
1048048,1238520,161,0.845301,3512
1051792,1238520,161,0.841406,3512
1048672,1238520,162,0.844625,3512
1045408,1238520,162,0.847901,3512
1043288,1238520,163,0.849927,3512
1043896,1238520,163,0.849306,3512
1044152,1238520,162,0.849055,3520
1045320,1238520,161,0.847932,3520
1042120,1238520,161,0.851013,3520
1043248,1238520,160,0.849942,3536
1041264,1238520,161,0.851789,3536
1040360,1238520,161,0.852660,3536
1039000,1238520,161,0.853928,3536
1038680,1238520,162,0.854213,3536
1036360,1238520,162,0.856290,3536
1035160,1238520,162,0.857361,3536
1036536,1238520,162,0.856138,3536
1039200,1238520,162,0.853749,3536
1043296,1238520,162,0.849942,3536
1043032,1238520,163,0.850191,3536
1040688,1238520,163,0.852405,3536
1043216,1238520,163,0.850018,3536
1044448,1238520,162,0.848802,3584
1042728,1238520,162,0.850476,3584
1041352,1238520,162,0.851797,3584
1041184,1238520,163,0.851951,3584
1044904,1238520,163,0.848411,3584
1042304,1238520,164,0.850901,3552
1042000,1238520,165,0.851191,3544
1043352,1238520,165,0.849882,3544
1041104,1238520,165,0.852017,3544
1040080,1238520,165,0.852993,3544
1043032,1238520,165,0.850228,3544
1044272,1238520,165,0.849009,3544
1044816,1238520,165,0.848442,3544
1045184,1238520,164,0.848087,3544
1043048,1238520,165,0.850123,3544
1045896,1238520,165,0.847349,3544
1046576,1238520,164,0.846644,3584
1046176,1238520,165,0.847052,3568
1043536,1238520,165,0.849663,3544
1041928,1238520,165,0.851213,3544
1038624,1238520,165,0.854256,3544
1040256,1238520,165,0.852747,3544
1044320,1238520,165,0.848917,3544
1043896,1238520,165,0.849390,3520
1040392,1238520,166,0.852645,3520
1040776,1238520,165,0.852295,3520
1044608,1238520,165,0.848665,3520
1046680,1238520,164,0.846652,3520
1049056,1238520,164,0.844228,3520
1046800,1238520,163,0.846581,3520
1049600,1238520,163,0.843722,3520
1048680,1238520,162,0.844754,3520
1050904,1238520,162,0.842427,3520
1051608,1238520,161,0.841650,3560
1055496,1238520,161,0.837408,3560
1057216,1238520,160,0.835473,3568
1056088,1238520,160,0.836822,3544
1055424,1238520,161,0.837576,3528
1058072,1238520,161,0.834543,3528
1059632,1238520,161,0.832680,3528
1059560,1238520,162,0.832764,3528
1060680,1238520,161,0.831442,3528
1056632,1238520,162,0.836177,3480
1059816,1238520,162,0.832464,3480
1059592,1238520,163,0.832726,3480
1058328,1238520,163,0.834249,3480
1056928,1238520,163,0.835898,3480
1056784,1238520,164,0.836060,3480
1055592,1238520,164,0.837444,3480
1057784,1238520,164,0.834927,3480
1060928,1238520,164,0.831204,3480
1064800,1238520,164,0.826395,3480
1068144,1238520,164,0.822008,3480
1071128,1238520,164,0.817894,3480
1067440,1238520,164,0.822936,3480
1068720,1238520,163,0.821187,3520
1068552,1238520,164,0.821411,3520
1064464,1238520,165,0.826758,3480
1065912,1238520,164,0.824878,3512
1068256,1238520,164,0.821753,3512
1066576,1238520,165,0.824022,3464
1069432,1238520,165,0.820175,3464
1067584,1238520,165,0.822705,3464
1068600,1238520,164,0.821337,3480
1066576,1238520,163,0.824125,3480
1070584,1238520,163,0.818712,3480
1070464,1238520,164,0.818877,3480
1073408,1238520,163,0.814695,3512
1071784,1238520,163,0.817068,3512
1070384,1238520,164,0.819074,3464
1072328,1238520,163,0.816359,3472
1073608,1238520,163,0.814465,3472
1073064,1238520,164,0.815268,3456
1073048,1238520,164,0.815371,3448
1077056,1238520,164,0.809396,3448
1077728,1238520,163,0.808356,3456
1077224,1238520,164,0.809128,3456
1073584,1238520,164,0.814592,3456
1074080,1238520,163,0.813875,3456
1070672,1238520,164,0.818690,3456
1068864,1238520,164,0.821208,3456
1066600,1238520,163,0.824312,3456
1070240,1238520,163,0.819413,3456
1068392,1238520,164,0.821901,3456
1065128,1238520,165,0.826143,3448
1061496,1238520,166,0.830620,3448
1064800,1238520,166,0.826496,3448
1061488,1238520,167,0.830620,3408
1064688,1238520,167,0.826627,3408
1066104,1238520,167,0.824765,3408
1068320,1238520,167,0.821806,3408
1065416,1238520,168,0.825584,3408
1069184,1238520,168,0.820585,3408
1067456,1238520,169,0.822884,3408
1064080,1238520,170,0.827209,3408
1067136,1238520,170,0.823240,3408
1068056,1238520,169,0.822029,3408
1070144,1238520,168,0.819173,3440
1071064,1238520,168,0.817838,3440
1075024,1238520,168,0.812095,3440
1073624,1238520,167,0.814280,3440
1073864,1238520,166,0.813933,3440
1071176,1238520,167,0.817749,3440
1074272,1238520,167,0.813270,3440
1071624,1238520,166,0.817191,3440
1069104,1238520,166,0.820715,3440
1067736,1238520,166,0.822631,3416
1066336,1238520,165,0.824580,3416
1066912,1238520,165,0.823772,3416
1065000,1238520,166,0.826254,3392
1068792,1238520,166,0.821262,3392
1067392,1238520,167,0.823136,3376
1069664,1238520,167,0.820045,3376
1071912,1238520,167,0.816877,3376
1069704,1238520,167,0.820023,3352
1072192,1238520,167,0.816517,3352
1072272,1238520,166,0.816404,3352
1070920,1238520,166,0.818359,3352
1072824,1238520,165,0.815645,3384
1074160,1238520,165,0.813655,3384
1073048,1238520,166,0.815291,3360
1072632,1238520,167,0.815918,3336
1076384,1238520,167,0.810365,3336
1078952,1238520,167,0.806343,3336
1076272,1238520,167,0.810533,3336
1074760,1238520,167,0.812849,3336
1072984,1238520,168,0.815417,3336
1070456,1238520,168,0.819019,3336
1071144,1238520,168,0.818005,3336
1068800,1238520,169,0.821198,3336
1067720,1238520,169,0.822695,3336
1068496,1238520,169,0.821604,3336
1064816,1238520,169,0.826436,3336
1066656,1238520,168,0.824084,3336
1064984,1238520,169,0.826224,3336
1068472,1238520,169,0.821636,3336
1071608,1238520,169,0.817292,3336
1072928,1238520,169,0.815360,3336
1074576,1238520,168,0.812942,3360
1073120,1238520,169,0.815051,3360
1071624,1238520,170,0.817169,3360
1075168,1238520,170,0.812000,3360
1071840,1238520,170,0.816866,3360
1072312,1238520,169,0.816190,3368
1074848,1238520,169,0.812461,3368
1072944,1238520,170,0.815268,3336
1076512,1238520,169,0.809990,3360
1076256,1238520,170,0.810389,3352
1074608,1238520,170,0.812907,3352
1074832,1238520,169,0.812578,3352
1072304,1238520,169,0.816337,3320
1070464,1238520,170,0.818899,3320
1069008,1238520,170,0.820940,3320
1071872,1238520,170,0.816945,3320
1072520,1238520,170,0.815963,3320
1075712,1238520,170,0.811252,3320
1075040,1238520,170,0.812378,3280
1075616,1238520,170,0.811454,3280
1078680,1238520,170,0.806706,3280
1078296,1238520,170,0.807380,3280
1080912,1238520,170,0.803151,3280
1079136,1238520,171,0.805991,3280
1076104,1238520,172,0.810653,3280
1078968,1238520,172,0.806179,3280
1079776,1238520,172,0.804824,3280
1082552,1238520,172,0.800214,3280
1081968,1238520,172,0.801278,3272
1079872,1238520,171,0.804837,3272
1075776,1238520,172,0.811156,3272
1078840,1238520,172,0.806393,3272
1082296,1238520,172,0.800734,3272
1086360,1238520,172,0.793656,3272
1083552,1238520,172,0.798624,3272
1085312,1238520,171,0.795563,3288
1082536,1238520,172,0.800308,3288
1086120,1238520,172,0.794055,3288
1082552,1238520,173,0.800241,3264
1079912,1238520,173,0.804632,3264
1083312,1238520,173,0.798963,3264
1086200,1238520,173,0.793870,3264
1082592,1238520,172,0.800254,3264
1082872,1238520,171,0.799772,3272
1080072,1238520,171,0.804440,3272
1078960,1238520,172,0.806230,3256
1081744,1238520,172,0.801674,3256
1082392,1238520,172,0.800521,3256
1080760,1238520,172,0.803281,3256
1082320,1238520,171,0.800641,3304
1078488,1238520,171,0.806894,3304
1075176,1238520,171,0.812059,3264
1071872,1238520,172,0.816821,3264
1072360,1238520,171,0.816133,3264
1071256,1238520,171,0.817749,3264
1068440,1238520,171,0.821689,3232
1071024,1238520,171,0.818115,3232
1069928,1238520,172,0.819642,3216
1069432,1238520,173,0.820315,3216
1072032,1238520,173,0.816664,3216
1072816,1238520,173,0.815485,3216
1076512,1238520,173,0.809990,3216
1074576,1238520,174,0.812872,3216
1078616,1238520,174,0.806681,3216
1078728,1238520,173,0.806506,3216
1079824,1238520,172,0.804747,3232
1076864,1238520,172,0.809433,3232
1076768,1238520,173,0.809578,3232
1078728,1238520,172,0.806556,3232
1080424,1238520,171,0.803811,3264
1076680,1238520,171,0.809736,3264
1080592,1238520,171,0.803540,3264
1079960,1238520,172,0.804556,3264
1078264,1238520,173,0.807230,3264
1081512,1238520,173,0.801963,3264
1082656,1238520,173,0.799987,3264
1079112,1238520,173,0.805827,3264
1077760,1238520,173,0.808011,3264
1075512,1238520,173,0.811490,3264
1074848,1238520,174,0.812484,3256
1075928,1238520,173,0.810869,3264
1073824,1238520,174,0.813968,3264
1075632,1238520,173,0.811264,3296
1076272,1238520,172,0.810256,3328
1079544,1238520,172,0.805117,3328
1081336,1238520,172,0.802147,3328
1079888,1238520,173,0.804492,3328
1078080,1238520,173,0.807417,3328
1079096,1238520,172,0.805776,3360
1081880,1238520,172,0.801198,3360
1080736,1238520,172,0.803151,3360
1080088,1238520,172,0.804274,3360
1077200,1238520,172,0.808872,3360
1077608,1238520,171,0.808246,3360
1080520,1238520,171,0.803578,3360
1084328,1238520,171,0.797147,3360
1082216,1238520,171,0.800801,3360
1082472,1238520,170,0.800361,3368
1078408,1238520,171,0.806919,3368
1076280,1238520,171,0.810292,3344
1080232,1238520,171,0.804068,3344
1083136,1238520,171,0.799207,3344
1081904,1238520,172,0.801344,3296
1078704,1238520,172,0.806569,3296
1079152,1238520,171,0.805864,3296
1083032,1238520,171,0.799463,3296
1080584,1238520,172,0.803501,3296
1080600,1238520,171,0.803475,3296
1076880,1238520,171,0.809384,3296
1079544,1238520,170,0.805231,3304
1076248,1238520,169,0.810473,3304
1075136,1238520,170,0.812130,3304
1073488,1238520,171,0.814569,3280
1074480,1238520,171,0.813060,3280
1075024,1238520,170,0.812237,3296
1078344,1238520,170,0.807131,3296
1074400,1238520,171,0.813141,3256
1070352,1238520,171,0.818943,3256
1069944,1238520,172,0.819501,3256
1073456,1238520,172,0.814511,3256
1070776,1238520,173,0.818292,3256
1074464,1238520,173,0.812978,3256
1071768,1238520,173,0.816911,3256
1073000,1238520,172,0.815154,3264
1074280,1238520,171,0.813305,3264
1076992,1238520,171,0.809189,3264
1074280,1238520,171,0.813305,3264
1071424,1238520,172,0.817381,3264
1067632,1238520,172,0.822589,3264
1069760,1238520,171,0.819730,3272
1066800,1238520,171,0.823731,3272
1067672,1238520,171,0.822526,3272
1070040,1238520,171,0.819282,3272
1073760,1238520,171,0.813980,3272
1070384,1238520,171,0.818811,3272
1070272,1238520,172,0.818964,3272
1070824,1238520,171,0.818149,3312
1074488,1238520,171,0.812860,3312
1071312,1238520,170,0.817582,3280
1075024,1238520,170,0.812189,3280
1071384,1238520,171,0.817415,3280
1072472,1238520,170,0.815850,3304
1071544,1238520,171,0.817158,3304
1072432,1238520,170,0.815850,3344
1071160,1238520,170,0.817749,3312
1074496,1238520,170,0.812919,3312
1073432,1238520,171,0.814477,3304
1070568,1238520,170,0.818646,3304
1071528,1238520,170,0.817247,3304
1073592,1238520,169,0.814257,3344
1073016,1238520,169,0.815154,3344
1070544,1238520,169,0.818690,3344
1074112,1238520,169,0.813573,3344
1075800,1238520,168,0.811072,3352
1073584,1238520,169,0.814384,3312
1076848,1238520,168,0.809542,3320
1075232,1238520,169,0.811965,3320
1073144,1238520,170,0.815051,3288
1076416,1238520,170,0.810172,3288
1078480,1238520,170,0.806931,3288
1076008,1238520,169,0.810857,3288
1077968,1238520,169,0.807801,3288
1074488,1238520,169,0.813165,3248
1071624,1238520,169,0.817325,3248
1074272,1238520,168,0.813503,3280
1076056,1238520,168,0.810797,3280
1072584,1238520,169,0.815861,3280
1072056,1238520,169,0.816731,3240
1069272,1238520,169,0.820628,3240
1072808,1238520,169,0.815668,3240
1076088,1238520,168,0.810845,3264
1076568,1238520,167,0.810099,3280
1076040,1238520,168,0.810929,3256
1074648,1238520,168,0.813130,3208
1070664,1238520,168,0.818844,3208
1068392,1238520,168,0.821976,3208
1065688,1238520,169,0.825492,3208
1068392,1238520,168,0.821976,3208
1067480,1238520,169,0.823199,3192
1065744,1238520,170,0.825441,3192
1067360,1238520,169,0.823355,3192
1068368,1238520,169,0.821965,3192
1068728,1238520,168,0.821476,3200
1067560,1238520,169,0.823020,3200
1065720,1238520,169,0.825523,3152
1066976,1238520,169,0.823845,3152
1065104,1238520,170,0.826244,3152
1067632,1238520,170,0.822926,3152
1071664,1238520,169,0.817404,3200
1071016,1238520,169,0.818370,3200
1072616,1238520,168,0.816110,3216
1073960,1238520,168,0.814119,3216
1070320,1238520,169,0.819238,3216
1070848,1238520,168,0.818513,3216
1072072,1238520,168,0.816742,3216
1071232,1238520,168,0.818016,3192
1067144,1238520,168,0.823575,3192
1063504,1238520,168,0.828282,3168
1065512,1238520,168,0.825706,3168
1064224,1238520,168,0.827389,3168
1066288,1238520,168,0.824714,3168
1070328,1238520,168,0.819293,3168
1070880,1238520,167,0.818535,3168
1068296,1238520,167,0.822092,3168
1070368,1238520,167,0.819238,3168
1070464,1238520,166,0.819107,3168
1066848,1238520,167,0.823928,3168
1065312,1238520,167,0.825960,3168
1067904,1238520,167,0.822547,3168
1068824,1238520,166,0.821315,3176
1066080,1238520,165,0.825032,3176
1065560,1238520,165,0.825757,3176
1065696,1238520,164,0.825584,3176
1064344,1238520,165,0.827309,3160
1065880,1238520,164,0.825370,3160
1069864,1238520,164,0.820066,3160
1066480,1238520,164,0.824601,3160
1067520,1238520,164,0.823188,3160
1064768,1238520,165,0.826718,3160
1065488,1238520,165,0.825747,3160
1064216,1238520,166,0.827349,3160
1067744,1238520,166,0.822768,3160
1064168,1238520,167,0.827369,3144
1068008,1238520,167,0.822378,3144
1067432,1238520,166,0.823261,3144
1063744,1238520,167,0.827956,3144
1065304,1238520,166,0.825940,3192
1068864,1238520,165,0.821262,3224
1067944,1238520,166,0.822484,3224
1069952,1238520,166,0.819730,3224
1067256,1238520,167,0.823324,3224
1067896,1238520,167,0.822420,3224
1064080,1238520,167,0.827379,3224
1061592,1238520,166,0.830543,3224
1063408,1238520,166,0.828272,3224
1064208,1238520,166,0.827219,3224
1061744,1238520,166,0.830302,3224
1058640,1238520,166,0.834019,3224
1056048,1238520,166,0.837009,3224
1054400,1238520,167,0.838821,3224
1056048,1238520,166,0.837009,3224
1058720,1238520,165,0.833954,3248
1055528,1238520,165,0.837611,3248
1057256,1238520,164,0.835681,3248
1058672,1238520,163,0.834056,3256
1057024,1238520,164,0.835934,3256
1055784,1238520,164,0.837408,3224
1055232,1238520,165,0.838061,3184
1053040,1238520,165,0.840483,3184
1056616,1238520,165,0.836527,3184
1058360,1238520,164,0.834543,3192
1060824,1238520,164,0.831613,3192
1060144,1238520,165,0.832426,3184
1062352,1238520,165,0.829731,3184
1062736,1238520,164,0.829215,3224
1064376,1238520,163,0.827179,3232
1061504,1238520,163,0.830754,3232
1063200,1238520,162,0.828647,3272
1060696,1238520,162,0.831727,3272
1059688,1238520,162,0.832979,3264
1058504,1238520,163,0.834350,3264
1057392,1238520,163,0.835690,3248
1060848,1238520,162,0.831670,3264
1057184,1238520,162,0.835961,3264
1059392,1238520,162,0.833380,3264
1061336,1238520,162,0.831032,3264
1065200,1238520,162,0.826224,3264
1068888,1238520,161,0.821433,3264
1066472,1238520,162,0.824601,3264
1064856,1238520,163,0.826657,3264
1063480,1238520,163,0.828430,3264
1064416,1238520,163,0.827209,3264
1065064,1238520,162,0.826345,3304
1064832,1238520,162,0.826698,3304
1068784,1238520,162,0.821518,3304
1069424,1238520,162,0.820596,3304
1067096,1238520,162,0.823741,3304
1067016,1238520,163,0.823845,3304
1068840,1238520,162,0.821433,3312
1067392,1238520,162,0.823408,3312
1070992,1238520,162,0.818513,3312
1072728,1238520,161,0.816088,3312
1071816,1238520,162,0.817392,3296
1073992,1238520,162,0.814234,3296
1073352,1238520,163,0.815200,3264
1071056,1238520,164,0.818425,3264
1074896,1238520,164,0.812896,3264
1076640,1238520,163,0.810292,3272
1076024,1238520,164,0.811252,3248
1077376,1238520,163,0.809189,3264
1074040,1238520,164,0.814142,3264
1076968,1238520,164,0.809736,3264
1076528,1238520,164,0.810473,3264
1075352,1238520,165,0.812260,3240
1077800,1238520,164,0.808577,3240
1081192,1238520,164,0.803151,3240
1080376,1238520,164,0.804581,3216
1076312,1238520,165,0.810869,3216
1079048,1238520,165,0.806606,3216
1081792,1238520,165,0.802134,3216
1081312,1238520,166,0.802943,3200
1080760,1238520,166,0.803914,3200
1084264,1238520,165,0.798039,3240
1085744,1238520,164,0.795465,3248
1084616,1238520,165,0.797422,3248
1087304,1238520,165,0.792610,3248
1085656,1238520,165,0.795689,3208
1085360,1238520,166,0.796205,3208
1083352,1238520,166,0.799718,3208
1084896,1238520,166,0.797009,3208
1082952,1238520,167,0.800321,3200
1081896,1238520,168,0.802068,3200
1084112,1238520,168,0.798284,3200
1083224,1238520,169,0.799853,3160
1082896,1238520,170,0.800401,3160
1083336,1238520,169,0.799624,3184
1082032,1238520,170,0.801858,3144
1080616,1238520,171,0.804171,3136
1083680,1238520,170,0.799112,3144
1081064,1238520,170,0.803514,3144
1084792,1238520,170,0.797216,3144
1084584,1238520,170,0.797655,3144
1082208,1238520,170,0.801726,3144
1085680,1238520,170,0.795759,3144
1087192,1238520,169,0.793084,3144
1084176,1238520,170,0.798352,3144
1080144,1238520,171,0.805066,3096
1082288,1238520,171,0.801516,3096
1083504,1238520,170,0.799436,3128
1085464,1238520,170,0.795996,3128
1085600,1238520,169,0.795759,3128
1082224,1238520,168,0.801647,3128
1081320,1238520,169,0.803151,3112
1080912,1238520,168,0.803965,3112
1079680,1238520,169,0.805940,3104
1082072,1238520,169,0.802016,3104
1082360,1238520,168,0.801542,3104
1085032,1238520,168,0.796954,3104
1083688,1238520,168,0.799328,3104
1081480,1238520,169,0.802982,3104
1079480,1238520,168,0.806330,3104
1076104,1238520,167,0.811633,3104
1079624,1238520,167,0.806179,3104
1083456,1238520,166,0.799906,3136
1081680,1238520,166,0.802917,3136
1078408,1238520,166,0.808172,3136
1078960,1238520,165,0.807255,3176
1076904,1238520,165,0.810473,3176
1078248,1238520,164,0.808430,3176
1074560,1238520,165,0.813933,3176
1071016,1238520,165,0.818997,3176
1067064,1238520,165,0.824322,3176
1066064,1238520,165,0.825696,3152
1068096,1238520,165,0.823010,3152
1064640,1238520,165,0.827509,3136
1068120,1238520,164,0.823031,3160
1067720,1238520,165,0.823554,3160
1066784,1238520,165,0.824827,3160
1069136,1238520,165,0.821689,3160
1066448,1238520,165,0.825257,3160
1067528,1238520,164,0.823804,3208
1071504,1238520,164,0.818414,3208
1070200,1238520,164,0.820261,3208
1067984,1238520,164,0.823272,3208
1071456,1238520,163,0.818557,3248
1074912,1238520,163,0.813596,3248
1073168,1238520,164,0.816110,3240
1072160,1238520,164,0.817593,3240
1073712,1238520,164,0.815337,3240
1076768,1238520,164,0.810797,3240
1078512,1238520,163,0.808135,3248
1080600,1238520,162,0.804786,3296
1082640,1238520,162,0.801397,3296
1084360,1238520,161,0.798448,3336
1082144,1238520,162,0.802147,3336
1085624,1238520,162,0.796191,3336
1088552,1238520,162,0.790882,3336
1089760,1238520,161,0.788587,3368
1093008,1238520,161,0.782235,3368
1091464,1238520,161,0.785350,3368
1095080,1238520,161,0.778042,3368
1096224,1238520,160,0.775607,3392
1093888,1238520,161,0.780425,3392
1092328,1238520,162,0.783529,3392
1088728,1238520,162,0.790456,3392
1088344,1238520,163,0.791233,3352
1089312,1238520,162,0.789407,3376
1087248,1238520,161,0.793356,3368
1084048,1238520,161,0.799031,3352
1086784,1238520,161,0.794211,3352
1090456,1238520,161,0.787398,3352
1086760,1238520,161,0.794253,3352
1088744,1238520,161,0.790588,3352
1086984,1238520,162,0.793799,3336
1087672,1238520,162,0.792480,3336
1088504,1238520,162,0.790882,3336
1086776,1238520,163,0.793998,3336
1087648,1238520,163,0.792350,3336
1084032,1238520,163,0.798760,3336
1085416,1238520,162,0.796317,3376
1083240,1238520,162,0.800107,3376
1084000,1238520,162,0.798746,3376
1080752,1238520,162,0.804184,3376
1076912,1238520,162,0.810232,3376
1076264,1238520,163,0.811252,3344
1077984,1238520,162,0.808639,3352
1076568,1238520,162,0.810857,3352
1073232,1238520,163,0.815725,3352
1070168,1238520,163,0.820045,3352
1066384,1238520,163,0.825094,3352
1069440,1238520,163,0.821026,3352
1067056,1238520,163,0.824229,3352
1071024,1238520,163,0.818877,3352
1067032,1238520,164,0.824198,3352
1067280,1238520,163,0.823876,3352
1063512,1238520,164,0.828637,3352
1059832,1238520,164,0.833100,3352
1059048,1238520,165,0.834010,3352
1058008,1238520,165,0.835255,3352
1057640,1238520,165,0.835726,3352
1058168,1238520,165,0.835073,3352
1059976,1238520,165,0.832932,3352
1058528,1238520,165,0.834699,3320
1060816,1238520,164,0.832030,3328
1062424,1238520,164,0.830051,3328
1061264,1238520,164,0.831518,3312
1065000,1238520,163,0.826939,3328
1068032,1238520,163,0.822989,3328
1071016,1238520,162,0.818964,3344
1074736,1238520,161,0.813643,3392
1078424,1238520,161,0.808048,3392
1081064,1238520,161,0.803811,3392
1078320,1238520,161,0.808209,3392
1079520,1238520,160,0.806343,3392
1077712,1238520,160,0.809213,3392
1081496,1238520,160,0.803190,3392
1084992,1238520,160,0.797271,3392
1088040,1238520,160,0.791800,3392
1090696,1238520,160,0.786775,3392
1090248,1238520,160,0.787715,3392
1093056,1238520,160,0.782187,3392
1090072,1238520,159,0.788137,3392
1090176,1238520,158,0.787941,3392
1092528,1238520,158,0.783325,3392
1091552,1238520,158,0.785334,3384
1087744,1238520,158,0.792610,3336
1088480,1238520,157,0.791189,3384
1091488,1238520,157,0.785458,3384
1092904,1238520,156,0.782631,3416
1089624,1238520,157,0.788931,3416
1088576,1238520,158,0.790867,3416
1085840,1238520,158,0.795843,3416
1086648,1238520,158,0.794338,3416
1089264,1238520,158,0.789511,3416
1092616,1238520,158,0.783010,3416
1094592,1238520,157,0.779044,3416
1091736,1238520,157,0.758665,3416
1095360,1238520,157,0.750410,3416
1092168,1238520,158,0.757617,3416
1095472,1238520,158,0.750037,3416
1092544,1238520,158,0.756790,3416
1092624,1238520,157,0.756613,3416
1090680,1238520,157,0.760939,3416
1087064,1238520,157,0.768508,3416
1085536,1238520,157,0.771633,3408
1082584,1238520,157,0.777327,3408
1081368,1238520,158,0.779613,3376
1084456,1238520,157,0.773808,3408
1080744,1238520,157,0.780767,3408
1081664,1238520,156,0.779075,3424
1081944,1238520,155,0.778564,3424
1081008,1238520,155,0.780350,3424
1083544,1238520,155,0.775596,3424
1084016,1238520,154,0.774691,3432
1084944,1238520,154,0.772826,3432
1082032,1238520,154,0.778388,3432
1085328,1238520,154,0.772084,3432
1084528,1238520,154,0.773716,3432
1087624,1238520,153,0.767576,3464
1088160,1238520,153,0.766392,3464
1085680,1238520,154,0.771384,3440
1085112,1238520,155,0.772533,3416
1088760,1238520,155,0.765164,3416
1085456,1238520,155,0.771866,3416
1084704,1238520,155,0.773425,3408
1083216,1238520,156,0.776241,3408
1084488,1238520,155,0.773838,3408
1086784,1238520,154,0.769289,3448
1089872,1238520,154,0.762886,3448
1087896,1238520,155,0.766961,3448
1091616,1238520,155,0.759065,3448
1090744,1238520,155,0.761042,3448
1093776,1238520,155,0.754292,3448
1097744,1238520,155,0.744896,3448
1094744,1238520,156,0.751981,3448
1098176,1238520,156,0.743725,3448
1094432,1238520,157,0.752586,3448
1097000,1238520,157,0.746461,3448
1096024,1238520,158,0.748838,3424
1096456,1238520,157,0.747816,3424
1093344,1238520,157,0.755101,3424
1092648,1238520,158,0.756649,3424
1090928,1238520,159,0.760409,3416
1089864,1238520,160,0.762667,3416
1087904,1238520,161,0.766718,3416
1088104,1238520,160,0.766311,3416
1089544,1238520,159,0.763322,3424
1089800,1238520,158,0.762785,3424
1092600,1238520,158,0.756649,3424
1093688,1238520,157,0.754220,3424
1092448,1238520,158,0.757037,3400
1088992,1238520,159,0.764420,3400
1085560,1238520,159,0.771415,3400
1084968,1238520,159,0.772687,3384
1085816,1238520,158,0.771009,3400
1081808,1238520,158,0.778739,3368
1082832,1238520,157,0.776778,3408
1083224,1238520,156,0.776032,3416
1079504,1238520,156,0.782871,3416
1081776,1238520,156,0.778710,3416
1081640,1238520,157,0.778958,3416
1084160,1238520,157,0.774174,3416
1082336,1238520,158,0.777608,3408
1079752,1238520,159,0.782278,3408
1076320,1238520,159,0.788266,3408
1077136,1238520,159,0.786810,3408
1075048,1238520,160,0.790294,3408
1075864,1238520,160,0.788866,3408
1077848,1238520,160,0.785431,3408
1080704,1238520,160,0.780321,3408
1083224,1238520,160,0.775596,3408
1084912,1238520,159,0.772301,3448
1080904,1238520,159,0.779888,3448
1078696,1238520,159,0.783894,3448
1080040,1238520,158,0.781511,3456
1081424,1238520,158,0.778929,3456
1079000,1238520,159,0.783264,3456
1077464,1238520,159,0.786006,3456
1073792,1238520,159,0.792181,3456
1077552,1238520,159,0.785856,3456
1079896,1238520,159,0.781682,3456
1078704,1238520,159,0.783866,3456
1080728,1238520,159,0.780192,3456
1077232,1238520,159,0.786402,3456
1079696,1238520,158,0.782051,3496
1080568,1238520,158,0.780408,3496
1076528,1238520,159,0.787446,3496
1077184,1238520,158,0.786334,3496
1074864,1238520,158,0.790360,3456
1075904,1238520,158,0.788560,3456
1075648,1238520,159,0.788999,3448
1076864,1238520,158,0.786905,3480
1073536,1238520,159,0.792400,3480
1074368,1238520,158,0.791040,3488
1072480,1238520,158,0.794148,3488
1073352,1238520,158,0.792683,3488
1071544,1238520,158,0.795618,3488
1069824,1238520,159,0.798326,3448
1070256,1238520,158,0.797668,3448
1071384,1238520,158,0.795855,3448
1070216,1238520,159,0.797656,3448
1071096,1238520,159,0.796228,3448
1067744,1238520,159,0.801364,3448
1066440,1238520,159,0.803359,3432
1067216,1238520,158,0.802197,3456
1070912,1238520,158,0.796574,3456
1067152,1238520,158,0.802326,3432
1069128,1238520,157,0.799401,3432
1067848,1238520,157,0.801435,3392
1071664,1238520,157,0.795581,3392
1071272,1238520,158,0.796203,3384
1074648,1238520,158,0.790753,3384
1071048,1238520,158,0.796549,3384
1070240,1238520,158,0.797863,3384
1072360,1238520,158,0.794502,3384
1073264,1238520,157,0.793042,3400
1072008,1238520,156,0.795181,3400
1071808,1238520,157,0.795493,3400
1073248,1238520,156,0.793195,3416
1075184,1238520,155,0.790058,3416
1074096,1238520,156,0.791832,3416
1071080,1238520,155,0.796747,3416
1071552,1238520,154,0.795992,3432
1072512,1238520,154,0.794414,3432
1070328,1238520,154,0.797876,3432
1070816,1238520,153,0.797079,3464
1069264,1238520,154,0.799437,3464
1069760,1238520,154,0.798617,3464
1069504,1238520,155,0.799004,3464
1065640,1238520,156,0.804666,3464
1063840,1238520,156,0.807263,3464
1067768,1238520,156,0.801588,3464
1064224,1238520,156,0.806729,3464
1066208,1238520,156,0.803854,3464
1067528,1238520,155,0.801893,3496
1063488,1238520,155,0.807706,3496
1062672,1238520,155,0.808891,3496
1063760,1238520,155,0.807329,3496
1060696,1238520,156,0.811483,3496
1060520,1238520,156,0.811780,3496
1062192,1238520,155,0.809543,3496
1058184,1238520,156,0.814819,3496
1055864,1238520,156,0.817801,3496
1058680,1238520,156,0.814182,3496
1059352,1238520,155,0.813301,3504
1056640,1238520,156,0.816764,3504
1055768,1238520,157,0.817851,3504
1056608,1238520,156,0.816764,3536
1059712,1238520,156,0.812727,3536
1056200,1238520,157,0.817214,3536
1057088,1238520,156,0.816100,3536
1058304,1238520,156,0.814491,3536
1061496,1238520,156,0.810233,3536
1063336,1238520,155,0.807706,3552
1060984,1238520,155,0.810962,3552
1060136,1238520,156,0.812107,3536
1062808,1238520,155,0.808464,3576
1062168,1238520,156,0.809358,3560
1062648,1238520,156,0.808640,3560
1064200,1238520,155,0.806494,3560
1063328,1238520,156,0.807739,3536
1065072,1238520,155,0.805279,3552
1063792,1238520,155,0.807141,3552
1064504,1238520,155,0.806080,3552
1063384,1238520,156,0.807639,3552
1059512,1238520,156,0.812905,3552
1055680,1238520,157,0.817821,3520
1053168,1238520,158,0.820880,3520
1050496,1238520,159,0.824052,3496
1049240,1238520,160,0.825491,3496
1045400,1238520,161,0.829749,3496
1041712,1238520,162,0.833648,3496
1040504,1238520,163,0.834919,3464
1040864,1238520,162,0.834552,3464
1037768,1238520,163,0.837671,3448
1041376,1238520,163,0.833994,3448
1041464,1238520,162,0.833904,3448
1041648,1238520,161,0.833706,3456
1043304,1238520,160,0.831937,3496
1043040,1238520,160,0.832265,3496
1043536,1238520,160,0.831692,3496
1043000,1238520,160,0.832307,3496
1042584,1238520,161,0.832742,3496
1044808,1238520,160,0.830353,3528
1047848,1238520,160,0.826970,3528
1047304,1238520,161,0.827576,3528
1050952,1238520,160,0.823384,3568
1048808,1238520,160,0.825899,3568
1044920,1238520,161,0.830190,3568
1048264,1238520,161,0.826459,3568
1050368,1238520,161,0.824005,3568
1051384,1238520,161,0.822767,3568
1054984,1238520,161,0.818384,3568
1051272,1238520,161,0.822898,3568
1053048,1238520,161,0.820737,3568
1055336,1238520,161,0.817890,3568
1058664,1238520,161,0.813613,3568
1059160,1238520,160,0.812905,3616
1055176,1238520,161,0.817969,3616
1054744,1238520,162,0.818541,3584
1052088,1238520,161,0.821862,3584
1052720,1238520,160,0.821100,3592
1051960,1238520,161,0.822004,3592
1052200,1238520,160,0.821719,3592
1051552,1238520,160,0.822560,3576
1054040,1238520,159,0.819578,3584
1057264,1238520,159,0.815513,3584
1057936,1238520,158,0.814634,3600
1054576,1238520,159,0.818846,3600
1051504,1238520,159,0.822607,3584
1054632,1238520,159,0.818797,3584
1054848,1238520,158,0.818522,3592
1053704,1238520,158,0.820004,3568
1055968,1238520,158,0.817164,3568
1055168,1238520,158,0.818226,3560
1057720,1238520,158,0.814962,3560
1054616,1238520,158,0.818904,3560
1051344,1238520,158,0.822879,3560
1052512,1238520,158,0.821444,3560
1049560,1238520,158,0.824944,3560
1048120,1238520,159,0.826576,3560
1045832,1238520,159,0.829159,3560
1044032,1238520,160,0.831097,3560
1044752,1238520,159,0.830284,3600
1047776,1238520,159,0.826916,3600
1043680,1238520,159,0.831429,3600
1042912,1238520,159,0.832290,3600
1043064,1238520,158,0.832130,3600
1043472,1238520,157,0.831692,3608
1047328,1238520,156,0.827505,3616
1047576,1238520,155,0.827220,3624
1048328,1238520,155,0.826324,3624
1048312,1238520,156,0.826342,3624
1049000,1238520,156,0.825509,3624
1047976,1238520,157,0.826710,3584
1049056,1238520,157,0.825437,3584
1046256,1238520,157,0.828617,3584
1047888,1238520,157,0.826755,3584
1046384,1238520,157,0.828476,3584
1044088,1238520,158,0.831004,3544
1041968,1238520,158,0.833284,3544
1041128,1238520,159,0.834183,3512
1038120,1238520,160,0.837214,3512
1038168,1238520,159,0.837166,3512
1039728,1238520,158,0.835608,3512
1039936,1238520,157,0.835398,3512
1042952,1238520,157,0.832240,3512
1044328,1238520,157,0.830730,3512
1041488,1238520,157,0.833764,3512
1044432,1238520,157,0.830619,3512
1043088,1238520,158,0.832046,3512
1045824,1238520,157,0.829098,3528
1043208,1238520,158,0.831903,3528
1044704,1238520,158,0.830258,3528
1040992,1238520,158,0.834208,3528
1040208,1238520,159,0.835008,3528
1042768,1238520,159,0.832315,3528
1044968,1238520,158,0.829957,3544
1044328,1238520,158,0.830696,3544
1046856,1238520,158,0.827895,3544
1045416,1238520,159,0.829489,3528
1045192,1238520,160,0.829732,3528
1041800,1238520,161,0.833325,3528
1042472,1238520,161,0.832575,3528
1040672,1238520,161,0.834511,3504
1039264,1238520,161,0.835986,3504
1039776,1238520,161,0.835422,3504
1043312,1238520,160,0.831759,3512
1040088,1238520,161,0.835098,3512
1036872,1238520,162,0.838298,3512
1038816,1238520,161,0.836371,3520
1039240,1238520,160,0.835946,3520
1036848,1238520,160,0.838361,3520
1037872,1238520,159,0.837317,3560
1038184,1238520,158,0.837008,3560
1039840,1238520,158,0.835300,3560
1038920,1238520,158,0.836291,3544
1042232,1238520,158,0.832859,3544
1040456,1238520,158,0.834740,3544
1042512,1238520,158,0.832567,3544
1040304,1238520,159,0.834846,3544
1039288,1238520,160,0.835890,3528
1035280,1238520,160,0.839868,3528
1031976,1238520,160,0.843013,3528
1029048,1238520,159,0.845746,3528
1030040,1238520,158,0.844853,3536
1030872,1238520,157,0.844066,3576
1028728,1238520,156,0.846073,3576
1031904,1238520,155,0.843175,3616
1028728,1238520,154,0.846129,3608
1032608,1238520,153,0.842615,3616
1030912,1238520,154,0.844167,3616
1034672,1238520,153,0.840668,3632
1037112,1238520,153,0.838275,3632
1040432,1238520,153,0.834919,3632
1044440,1238520,152,0.830739,3632
1043360,1238520,153,0.831894,3624
1040304,1238520,152,0.835155,3624
1039560,1238520,153,0.835914,3616
1040880,1238520,152,0.834552,3640
1041264,1238520,151,0.834159,3640
1042736,1238520,151,0.832583,3640
1042376,1238520,152,0.832976,3624
1042280,1238520,153,0.833076,3624
1045456,1238520,153,0.829654,3624
1042904,1238520,153,0.832424,3624
1039184,1238520,154,0.836235,3624
1037968,1238520,155,0.837475,3592
1036232,1238520,154,0.839261,3592
1038672,1238520,154,0.836825,3592
1042224,1238520,154,0.833167,3592
1039576,1238520,154,0.835922,3592
1041016,1238520,153,0.834446,3608
1038568,1238520,153,0.836960,3608
1037440,1238520,154,0.838072,3608
1041408,1238520,153,0.834060,3640
1042928,1238520,153,0.832433,3640
1045392,1238520,153,0.829758,3640
1047616,1238520,153,0.827264,3640
1043920,1238520,153,0.831336,3640
1042080,1238520,154,0.833284,3624
1042440,1238520,153,0.832893,3640
1038688,1238520,154,0.836714,3640
1037168,1238520,155,0.838252,3600
1036520,1238520,156,0.838921,3560
1036736,1238520,155,0.838703,3568
1035984,1238520,156,0.839430,3568
1036672,1238520,155,0.838766,3568
1039040,1238520,155,0.836387,3568
1042544,1238520,155,0.832759,3568
1043992,1238520,155,0.831183,3568
1047360,1238520,155,0.827469,3568
1047120,1238520,155,0.827797,3560
1050192,1238520,155,0.824273,3560
1047560,1238520,155,0.827309,3560
1044056,1238520,155,0.831174,3560
1040688,1238520,155,0.834732,3560
1039672,1238520,155,0.835809,3560
1041848,1238520,154,0.833557,3592
1043712,1238520,154,0.831556,3592
1042200,1238520,155,0.833142,3592
1042960,1238520,154,0.832315,3624
1044216,1238520,154,0.830935,3624
1045936,1238520,154,0.829028,3624
1045016,1238520,154,0.830078,3624
1046376,1238520,154,0.828547,3624
1046136,1238520,155,0.828809,3624
1045896,1238520,156,0.829072,3624
1047240,1238520,156,0.827540,3624
1048664,1238520,156,0.825890,3624
1044912,1238520,156,0.830086,3624
1048632,1238520,155,0.825945,3656
1048272,1238520,155,0.826414,3648
1050304,1238520,155,0.824042,3648
1046856,1238520,155,0.827992,3648
1050072,1238520,155,0.824310,3648
1049712,1238520,156,0.824724,3648
1048304,1238520,156,0.826432,3600
1052240,1238520,155,0.821871,3616
1055704,1238520,155,0.817612,3616
1052680,1238520,155,0.821349,3616
1053240,1238520,154,0.820669,3624
1051216,1238520,154,0.823122,3624
1052144,1238520,154,0.821975,3624
1051992,1238520,155,0.822155,3624
1053608,1238520,155,0.820169,3624
1051536,1238520,156,0.822635,3624
1054568,1238520,156,0.818944,3624
1050880,1238520,156,0.823402,3624
1054200,1238520,156,0.819393,3624
1050800,1238520,157,0.823439,3624
1052616,1238520,157,0.821244,3624
1050896,1238520,157,0.823328,3624
1051568,1238520,157,0.822485,3624
1047840,1238520,157,0.826818,3624
1049976,1238520,157,0.824338,3624
1048344,1238520,158,0.826198,3624
1052072,1238520,158,0.821833,3624
1051440,1238520,159,0.822588,3616
1053320,1238520,159,0.820294,3616
1053112,1238520,160,0.820544,3616
1051032,1238520,161,0.823010,3616
1051528,1238520,160,0.822381,3656
1053464,1238520,160,0.820014,3656
1050408,1238520,160,0.823690,3656
1050784,1238520,159,0.823225,3680
1049440,1238520,159,0.824834,3680
1051592,1238520,159,0.822278,3680
1048528,1238520,160,0.825818,3680
1050352,1238520,159,0.823690,3712
1049568,1238520,158,0.824715,3704
1051568,1238520,158,0.822334,3704
1050520,1238520,159,0.823560,3704
1052448,1238520,159,0.821234,3704
1049888,1238520,159,0.824292,3704
1050432,1238520,158,0.823616,3744
1049656,1238520,159,0.824513,3744
1049232,1238520,160,0.824999,3744
1053240,1238520,160,0.820236,3744
1052024,1238520,160,0.821748,3744
1053088,1238520,159,0.820448,3768
1054392,1238520,159,0.818806,3768
1052016,1238520,160,0.821672,3768
1055896,1238520,160,0.816884,3768
1053248,1238520,161,0.820140,3768
1055160,1238520,161,0.817741,3768
1054472,1238520,162,0.818600,3760
1056384,1238520,162,0.816161,3760
1052904,1238520,162,0.820506,3760
1055160,1238520,162,0.817692,3760
1054680,1238520,162,0.818345,3760
1052752,1238520,162,0.820746,3760
1053472,1238520,161,0.819840,3792
1055544,1238520,161,0.817234,3792
1054224,1238520,161,0.818963,3760
1054472,1238520,160,0.818659,3760
1053504,1238520,161,0.819869,3736
1056336,1238520,161,0.816312,3736
1053872,1238520,161,0.819422,3736
1052800,1238520,161,0.820804,3712
1054448,1238520,160,0.818748,3760
1056144,1238520,160,0.816584,3760
1055912,1238520,161,0.816874,3760
1058112,1238520,161,0.814017,3760
1056464,1238520,162,0.816181,3712
1052816,1238520,162,0.820727,3712
1056832,1238520,162,0.815716,3712
1060768,1238520,162,0.810523,3712
1058728,1238520,162,0.813281,3712
1054760,1238520,163,0.818364,3664
1055792,1238520,162,0.817084,3664
1057696,1238520,162,0.814614,3664
1055128,1238520,163,0.817851,3664
1058256,1238520,163,0.813831,3664
1056080,1238520,164,0.816644,3632
1055360,1238520,164,0.817632,3608
1057920,1238520,163,0.814388,3616
1056496,1238520,164,0.816201,3616
1058176,1238520,163,0.814037,3632
1057416,1238520,164,0.815054,3600
1060360,1238520,164,0.811154,3600
1062248,1238520,164,0.808541,3600
1061288,1238520,163,0.809975,3600
1061072,1238520,164,0.810276,3592
1059504,1238520,164,0.812423,3592
1063136,1238520,164,0.807462,3592
1063376,1238520,163,0.807130,3592
1066040,1238520,163,0.803289,3592
1063752,1238520,163,0.806606,3592
1062440,1238520,164,0.808421,3592
1065232,1238520,164,0.804449,3592
1063336,1238520,165,0.807119,3592
1064152,1238520,165,0.805911,3592
1063160,1238520,166,0.807307,3584
1065672,1238520,166,0.803693,3584
1068880,1238520,166,0.798895,3584
1068768,1238520,167,0.799064,3584
1070816,1238520,167,0.795855,3584
1069368,1238520,167,0.798156,3584
1068448,1238520,168,0.799557,3576
1067776,1238520,169,0.800584,3560
1071856,1238520,169,0.794262,3560
1072832,1238520,168,0.792670,3584
1070160,1238520,168,0.796944,3584
1073200,1238520,168,0.792078,3584
1070392,1238520,168,0.796586,3584
1067184,1238520,167,0.801564,3584
1063264,1238520,167,0.807230,3584
1060744,1238520,167,0.810727,3584
1060712,1238520,167,0.810834,3584
1063232,1238520,167,0.807341,3584
1065328,1238520,167,0.804324,3584
1064832,1238520,166,0.805166,3584
1064616,1238520,166,0.805551,3576
1061232,1238520,166,0.810276,3576
1064944,1238520,165,0.805098,3616
1068640,1238520,165,0.799641,3616
1065488,1238520,166,0.804301,3584
1063712,1238520,166,0.806874,3584
1066728,1238520,166,0.802512,3584
1062824,1238520,166,0.808102,3584
1065848,1238520,166,0.803785,3584
1069504,1238520,166,0.798314,3584
1072216,1238520,166,0.794034,3584
1074344,1238520,166,0.790530,3584
1072240,1238520,165,0.794072,3584
1073424,1238520,164,0.792130,3616
1075648,1238520,164,0.788400,3616
1072360,1238520,164,0.793870,3592
1074576,1238520,164,0.790215,3592
1074936,1238520,163,0.789622,3592
1071992,1238520,164,0.794426,3560
1070008,1238520,163,0.797656,3560
1069448,1238520,164,0.798520,3552
1070656,1238520,163,0.796611,3592
1068592,1238520,162,0.799892,3592
1069904,1238520,161,0.797912,3592
1067376,1238520,162,0.801694,3592
1067136,1238520,163,0.802045,3592
1064352,1238520,163,0.806102,3592
1061816,1238520,163,0.809662,3592
1065712,1238520,163,0.804175,3592
1066216,1238520,162,0.803451,3592
1068208,1238520,162,0.800465,3592
1068824,1238520,161,0.799509,3616
1071552,1238520,161,0.795256,3616
1075040,1238520,161,0.789570,3616
1075072,1238520,160,0.789517,3616
1072424,1238520,161,0.793857,3584
1074728,1238520,161,0.790058,3584
1073024,1238520,161,0.792901,3584
1076480,1238520,161,0.787135,3584
1074192,1238520,162,0.790936,3584
1071544,1238520,163,0.795168,3584
1067736,1238520,162,0.801105,3584
1064392,1238520,163,0.805923,3584
1060432,1238520,162,0.811462,3584
1061752,1238520,162,0.809629,3584
1065776,1238520,161,0.803980,3616
1065664,1238520,162,0.804141,3616
1063456,1238520,162,0.807318,3616
1063408,1238520,162,0.807451,3616
1064920,1238520,161,0.805268,3664
1065608,1238520,160,0.804289,3664
1068912,1238520,159,0.799389,3704
1069312,1238520,158,0.798786,3704
1067056,1238520,158,0.802209,3704
1070504,1238520,158,0.796969,3704
1072208,1238520,158,0.794237,3704
1074720,1238520,157,0.790163,3720
1070744,1238520,156,0.796648,3720
1069208,1238520,157,0.798992,3720
1071416,1238520,157,0.795531,3720
1071472,1238520,156,0.795443,3720
1068264,1238520,156,0.800405,3720
1068968,1238520,155,0.799293,3760
1065880,1238520,156,0.803877,3728
1062560,1238520,156,0.808596,3728
1061840,1238520,157,0.809629,3688
1064960,1238520,156,0.805313,3688
1067088,1238520,156,0.802185,3688
1068168,1238520,155,0.800536,3728
1066896,1238520,156,0.802407,3728
1067168,1238520,155,0.802010,3728
1063712,1238520,156,0.806941,3728
1065928,1238520,156,0.803739,3728
1063344,1238520,156,0.807451,3728
1059336,1238520,157,0.812842,3728
1057288,1238520,157,0.815543,3728
1055472,1238520,157,0.817880,3728
1055232,1238520,158,0.818177,3728
1051576,1238520,158,0.822635,3728
1048808,1238520,159,0.825827,3728
1045768,1238520,159,0.829255,3728
1042616,1238520,159,0.832667,3728
1044008,1238520,158,0.831166,3760
1047528,1238520,158,0.827282,3760
1050672,1238520,158,0.823653,3760
1047320,1238520,159,0.827460,3760
1044504,1238520,159,0.830585,3760
1045776,1238520,158,0.829211,3760
1047168,1238520,158,0.827629,3760
1050200,1238520,157,0.824181,3776
1053240,1238520,156,0.820573,3800
1052688,1238520,156,0.821339,3760
1055136,1238520,156,0.818315,3760
1057016,1238520,155,0.815949,3776
1055200,1238520,156,0.818216,3776
1059128,1238520,156,0.813176,3776
1058632,1238520,157,0.813872,3736
1055368,1238520,158,0.817999,3736
1054536,1238520,159,0.819032,3728
1056120,1238520,158,0.817015,3776
1053104,1238520,159,0.820708,3776
1051344,1238520,160,0.822795,3776
1050856,1238520,161,0.823365,3776
1047232,1238520,160,0.827593,3776
1045960,1238520,160,0.829045,3776
1047920,1238520,160,0.826827,3776
1045336,1238520,161,0.829671,3776
1046240,1238520,160,0.828661,3800
1049656,1238520,159,0.824788,3840
1049832,1238520,158,0.824586,3840
1051248,1238520,158,0.822889,3840
1051368,1238520,157,0.822748,3840
1053776,1238520,157,0.819820,3840
1056400,1238520,156,0.816553,3864
1057920,1238520,156,0.814563,3864
1057648,1238520,156,0.814972,3864
1053832,1238520,157,0.819723,3864
1050368,1238520,157,0.823885,3864
1048112,1238520,157,0.826513,3864
1049168,1238520,157,0.825263,3864
1045984,1238520,157,0.828871,3864
1043896,1238520,157,0.831225,3816
1041608,1238520,158,0.833631,3808
1039912,1238520,158,0.835414,3808
1042200,1238520,157,0.833059,3816
1041208,1238520,156,0.834183,3816
1042624,1238520,156,0.832667,3816
1045248,1238520,156,0.829827,3816
1045288,1238520,155,0.829784,3816
1046032,1238520,154,0.828958,3832
1042064,1238520,154,0.833267,3800
1038952,1238520,155,0.836435,3800
1042528,1238520,155,0.832734,3800
1044848,1238520,155,0.830224,3800
1046624,1238520,154,0.828239,3848
1047312,1238520,154,0.827425,3848
1046952,1238520,155,0.827841,3832
1049408,1238520,155,0.825026,3832
1048736,1238520,155,0.825845,3832
1050304,1238520,155,0.823996,3832
1050840,1238520,154,0.823374,3832
1054856,1238520,153,0.818522,3872
1055424,1238520,152,0.817821,3872
1052440,1238520,152,0.821520,3856
1054648,1238520,151,0.818846,3864
1052784,1238520,152,0.821100,3864
1054808,1238520,152,0.818591,3864
1051632,1238520,153,0.822410,3864
1054200,1238520,153,0.819276,3864
1052976,1238520,154,0.820756,3864
1048968,1238520,154,0.825491,3864
1052384,1238520,154,0.821463,3864
1050360,1238520,153,0.823950,3864
1053040,1238520,153,0.820737,3864
1054368,1238520,153,0.819071,3864
1050912,1238520,154,0.823197,3864
1049608,1238520,154,0.824761,3864
1051616,1238520,154,0.822372,3864
1053704,1238520,154,0.819820,3864
1050592,1238520,155,0.823533,3848
1051000,1238520,154,0.823048,3856
1047728,1238520,154,0.826845,3856
1048352,1238520,153,0.826116,3880
1047880,1238520,154,0.826656,3872
1047608,1238520,155,0.826961,3872
1047224,1238520,156,0.827389,3872
1049344,1238520,156,0.824944,3872
1051064,1238520,156,0.822898,3872
1054648,1238520,156,0.818541,3872
1051136,1238520,156,0.822814,3872
1052536,1238520,155,0.821148,3880
1050472,1238520,156,0.823625,3840
1053536,1238520,156,0.819937,3840
1051344,1238520,157,0.822551,3840
1051424,1238520,156,0.822447,3848
1047856,1238520,156,0.826629,3824
1050184,1238520,156,0.823922,3824
1048960,1238520,156,0.825382,3824
1050344,1238520,156,0.823737,3824
1050304,1238520,157,0.823783,3824
1047296,1238520,156,0.827309,3824
1045336,1238520,156,0.829515,3824
1047152,1238520,156,0.827469,3824
1049136,1238520,156,0.825181,3824
1049480,1238520,155,0.824779,3832
1049048,1238520,156,0.825273,3832
1047240,1238520,156,0.827398,3800
1051288,1238520,156,0.822720,3800
1055056,1238520,156,0.818128,3800
1053416,1238520,157,0.820140,3792
1055488,1238520,157,0.817543,3792
1052832,1238520,156,0.820900,3792
1051224,1238520,156,0.822860,3792
1047616,1238520,156,0.827041,3792
1044296,1238520,157,0.830670,3792
1047856,1238520,157,0.826719,3792
1043960,1238520,158,0.830978,3792
1047872,1238520,158,0.826647,3792
1047352,1238520,159,0.827282,3744
1046032,1238520,160,0.828766,3720
1045632,1238520,161,0.829202,3720
1041600,1238520,161,0.833532,3720
1042432,1238520,160,0.832659,3728
1043608,1238520,159,0.831421,3728
1045128,1238520,159,0.829741,3728
1047912,1238520,159,0.826620,3728
1049784,1238520,158,0.824467,3752
1049376,1238520,159,0.824944,3744
1047168,1238520,160,0.827433,3744
1046240,1238520,161,0.828511,3696
1047808,1238520,161,0.826719,3696
1045144,1238520,161,0.829706,3696
1044896,1238520,162,0.829974,3696
1047912,1238520,162,0.826602,3696
1045784,1238520,162,0.829011,3696
1043752,1238520,163,0.831200,3696
1046480,1238520,162,0.828204,3736
1043104,1238520,162,0.831894,3736
1043184,1238520,161,0.831810,3736
1046048,1238520,161,0.828678,3736
1042336,1238520,162,0.832692,3696
1041464,1238520,162,0.833648,3696
1039824,1238520,162,0.835398,3672
1038040,1238520,162,0.837230,3672
1034032,1238520,161,0.841189,3672
1031640,1238520,160,0.843534,3632
1035360,1238520,159,0.840029,3664
1032336,1238520,159,0.842910,3664
1036328,1238520,159,0.839099,3664
1035720,1238520,158,0.839776,3664
1034336,1238520,158,0.841137,3664
1033504,1238520,159,0.841924,3656
1031408,1238520,159,0.843899,3656
1034536,1238520,159,0.840956,3656
1037816,1238520,159,0.837750,3656
1035088,1238520,160,0.840425,3616
1037936,1238520,160,0.837624,3616
1037424,1238520,160,0.838173,3616
1037752,1238520,159,0.837821,3648
1038680,1238520,158,0.836873,3680
1038344,1238520,158,0.837293,3640
1035480,1238520,158,0.840120,3640
1037936,1238520,158,0.837695,3640
1040696,1238520,157,0.834927,3648
1043704,1238520,157,0.831759,3648
1043488,1238520,158,0.831996,3640
1044176,1238520,158,0.831217,3640
1043648,1238520,159,0.831827,3592
1040984,1238520,160,0.834601,3584
1044984,1238520,160,0.830362,3584
1043504,1238520,161,0.831962,3560
1040888,1238520,162,0.834674,3560
1039336,1238520,163,0.836243,3560
1038408,1238520,162,0.837261,3560
1035640,1238520,163,0.839952,3560
1033824,1238520,164,0.841670,3560
1037312,1238520,164,0.838291,3560
1037376,1238520,163,0.838228,3560
1034744,1238520,162,0.840850,3560
1037456,1238520,162,0.838197,3560
1038808,1238520,162,0.836817,3560
1035672,1238520,163,0.839876,3560
1034328,1238520,164,0.841159,3552
1034312,1238520,164,0.841219,3552
1038264,1238520,164,0.837364,3552
1036176,1238520,165,0.839400,3552
1039032,1238520,165,0.836554,3552
1042496,1238520,165,0.832976,3552
1046344,1238520,165,0.828818,3552
1046728,1238520,164,0.828397,3552
1047104,1238520,163,0.827983,3552
1043520,1238520,163,0.831903,3552
1040880,1238520,164,0.834642,3552
1037992,1238520,165,0.837585,3504
1041120,1238520,164,0.834437,3512
1042208,1238520,164,0.833267,3512
1040136,1238520,164,0.835438,3512
1043936,1238520,164,0.831454,3512
1044344,1238520,163,0.831012,3520
1041904,1238520,163,0.833623,3520
1044464,1238520,163,0.830884,3520
1041432,1238520,163,0.834109,3520
1044704,1238520,162,0.830670,3528
1048528,1238520,162,0.826423,3528
1048824,1238520,161,0.826089,3528
1047424,1238520,162,0.827664,3520
1049176,1238520,162,0.825646,3520
1046224,1238520,162,0.828984,3520
1049680,1238520,162,0.825072,3520
1053432,1238520,162,0.820621,3520
1057224,1238520,162,0.815888,3520
1058840,1238520,161,0.813789,3544
1060000,1238520,161,0.812213,3544
1057536,1238520,161,0.815513,3504
1055976,1238520,162,0.817533,3456
1058448,1238520,161,0.814367,3488
1061448,1238520,160,0.810373,3528
1058000,1238520,159,0.815013,3528
1055960,1238520,159,0.817642,3528
1053424,1238520,159,0.820794,3528
1056024,1238520,158,0.817593,3552
1057320,1238520,157,0.815969,3552
1059664,1238520,156,0.812905,3592
1062496,1238520,156,0.809065,3592
1065272,1238520,156,0.805143,3592
1066376,1238520,156,0.803497,3592
1066952,1238520,155,0.802663,3592
1067896,1238520,154,0.801234,3624
1070544,1238520,153,0.797215,3648
1066552,1238520,153,0.803231,3648
1069640,1238520,153,0.798593,3648
1068480,1238520,154,0.800334,3648
1070328,1238520,153,0.797497,3680
1067400,1238520,153,0.801952,3680
1067464,1238520,152,0.801858,3680
1064048,1238520,152,0.806807,3680
1067328,1238520,152,0.802057,3680
1065912,1238520,152,0.804175,3680
1067752,1238520,152,0.801435,3680
1065872,1238520,153,0.804186,3664
1062480,1238520,153,0.808989,3664
1065632,1238520,153,0.804529,3664
1066944,1238520,152,0.802594,3696
1064984,1238520,152,0.805472,3696
1064584,1238520,151,0.806170,3696
1067992,1238520,151,0.801199,3696
1071720,1238520,151,0.795468,3696
1069160,1238520,151,0.799461,3696
1072456,1238520,151,0.794313,3696
1068936,1238520,151,0.799797,3696
1071840,1238520,151,0.795281,3696
1070272,1238520,151,0.797778,3696
1073248,1238520,151,0.793054,3696
1070760,1238520,152,0.796969,3688
1073096,1238520,152,0.793233,3688
1069088,1238520,152,0.799509,3688
1072272,1238520,152,0.794540,3688
1068976,1238520,152,0.799677,3688
1071624,1238520,152,0.795556,3688
1069712,1238520,153,0.798496,3688
1066856,1238520,152,0.802872,3688
1066616,1238520,153,0.803220,3688
1069392,1238520,152,0.799064,3728
1067776,1238520,153,0.801470,3728
1067928,1238520,152,0.801246,3728
1068424,1238520,151,0.800441,3776
1067648,1238520,152,0.801623,3752
1067792,1238520,151,0.801411,3752
1067856,1238520,150,0.801317,3752
1067576,1238520,150,0.801799,3752
1071496,1238520,150,0.795805,3752
1069520,1238520,150,0.798907,3752
1067200,1238520,150,0.802419,3752
1063512,1238520,150,0.807717,3752
1061856,1238520,150,0.810040,3752
1061960,1238520,149,0.809900,3752
1062624,1238520,149,0.808934,3752
1062312,1238520,150,0.809358,3752
1061608,1238520,151,0.810362,3712
1062832,1238520,151,0.808640,3712
1064280,1238520,151,0.806573,3712
1063272,1238520,152,0.807970,3712
1065680,1238520,152,0.804529,3712
1064296,1238520,152,0.806550,3712
1060560,1238520,152,0.811716,3696
1062120,1238520,151,0.809564,3744
1063864,1238520,151,0.807107,3744
1062344,1238520,152,0.809196,3744
1064648,1238520,151,0.805990,3760
1066080,1238520,151,0.803888,3760
1067864,1238520,151,0.801223,3760
1065640,1238520,152,0.804449,3760
1061840,1238520,153,0.809727,3760
1065832,1238520,153,0.804106,3760
1061880,1238520,153,0.809673,3760
1062984,1238520,153,0.808102,3760
1063608,1238520,153,0.807174,3760
1060536,1238520,154,0.811345,3760
1057384,1238520,154,0.815502,3760
1056208,1238520,154,0.817045,3760
1056456,1238520,153,0.816734,3760
1058872,1238520,153,0.813592,3760
1060512,1238520,152,0.811430,3768
1060264,1238520,153,0.811759,3768
1061184,1238520,152,0.810534,3768
1059088,1238520,153,0.813301,3768
1057528,1238520,154,0.815309,3768
1056808,1238520,155,0.816262,3736
1057384,1238520,154,0.815513,3752
1054280,1238520,155,0.819373,3752
1050816,1238520,156,0.823495,3752
1051896,1238520,156,0.822174,3752
1053696,1238520,156,0.819966,3752
1051496,1238520,156,0.822645,3752
1053632,1238520,155,0.820043,3800
1051104,1238520,156,0.823048,3800
1053496,1238520,156,0.820149,3800
1049768,1238520,156,0.824595,3800
1052568,1238520,156,0.821263,3800
1055328,1238520,156,0.817851,3800
1055504,1238520,155,0.817632,3800
1052224,1238520,156,0.821644,3776
1050488,1238520,156,0.823737,3776
1051000,1238520,155,0.823085,3824
1049040,1238520,156,0.825346,3824
1049144,1238520,155,0.825227,3824
1051192,1238520,154,0.822814,3864
1048824,1238520,155,0.825546,3864
1051264,1238520,155,0.822673,3864
1048576,1238520,155,0.825827,3864
1051792,1238520,154,0.822079,3888
1051584,1238520,154,0.822381,3888
1053400,1238520,154,0.820159,3888
1051008,1238520,154,0.823057,3888
1050864,1238520,155,0.823225,3888
1054776,1238520,155,0.818482,3888
1051464,1238520,156,0.822466,3888
1053968,1238520,155,0.819441,3912
1057360,1238520,155,0.815156,3912
1055520,1238520,156,0.817473,3912
1051520,1238520,157,0.822315,3912
1054808,1238520,156,0.818335,3928
1056256,1238520,156,0.816473,3928
1053840,1238520,156,0.819519,3928
1057696,1238520,155,0.814645,3976
1056984,1238520,156,0.815553,3976
1059952,1238520,156,0.811642,3976
1057048,1238520,157,0.815411,3976
1059832,1238520,156,0.811738,4024
1058272,1238520,157,0.813779,4024
1057208,1238520,158,0.815177,4000
1060920,1238520,158,0.810255,4000
1061368,1238520,157,0.809651,4000
1058240,1238520,158,0.813800,3992
1062248,1238520,158,0.808399,3992
1060120,1238520,158,0.811345,3984
1056584,1238520,158,0.815999,3976
1057808,1238520,158,0.814378,3976
1058200,1238520,157,0.813872,3976
1056384,1238520,157,0.816252,3976
1053192,1238520,157,0.820246,3976
1050624,1238520,157,0.823346,3976
1051320,1238520,156,0.822513,3992
1054712,1238520,156,0.818374,3992
1056256,1238520,155,0.816443,4000
1055744,1238520,154,0.817234,3976
1059424,1238520,154,0.812465,3976
1055552,1238520,154,0.817473,3976
1058760,1238520,154,0.813333,3976
1058656,1238520,154,0.813530,3976
1060232,1238520,154,0.811398,3976
1059760,1238520,155,0.812044,3960
1062976,1238520,155,0.807639,3960
1061808,1238520,154,0.809369,3960
1062464,1238520,154,0.808410,3960
1059232,1238520,155,0.812738,3960
1060320,1238520,154,0.811303,3960
1056928,1238520,154,0.815766,3960
1057184,1238520,153,0.815441,3960
1055184,1238520,153,0.818009,3960
1058272,1238520,152,0.814048,4008
1054424,1238520,153,0.818885,4008
1053272,1238520,153,0.812295,4008
1053872,1238520,152,0.811517,4024
1056064,1238520,151,0.808651,4056
1055112,1238520,152,0.809920,4032
1056728,1238520,152,0.807747,4032
1054528,1238520,153,0.810609,4032
1053088,1238520,154,0.812456,4016
1049408,1238520,154,0.817027,4016
1052584,1238520,154,0.813088,4016
1054896,1238520,154,0.810095,4016
1056312,1238520,153,0.808232,4032
1053608,1238520,154,0.811720,4032
1050896,1238520,154,0.815151,4032
1049208,1238520,155,0.817237,3992
1050616,1238520,154,0.815483,4040
1052224,1238520,154,0.813446,4040
1050664,1238520,155,0.815424,3992
1049032,1238520,155,0.817447,3992
1050744,1238520,155,0.815327,3992
1052912,1238520,154,0.812607,4024
1051328,1238520,155,0.814632,3976
1053096,1238520,155,0.812376,3976
1055608,1238520,155,0.809100,3976
1054048,1238520,156,0.811171,3928
1054296,1238520,155,0.810855,3928
1051760,1238520,155,0.814101,3928
1053416,1238520,155,0.811973,3928
1052208,1238520,155,0.813595,3888
1049224,1238520,156,0.817227,3888
1047480,1238520,156,0.819351,3880
1049376,1238520,156,0.817055,3880
1050568,1238520,156,0.815561,3880
1053024,1238520,156,0.812467,3880
1050904,1238520,157,0.815093,3880
1051392,1238520,156,0.814495,3880
1048288,1238520,156,0.818338,3840
1044712,1238520,156,0.822512,3840
1046672,1238520,156,0.820223,3840
1050296,1238520,156,0.815881,3840
1046568,1238520,156,0.820343,3840
1043280,1238520,157,0.824056,3840
1042928,1238520,158,0.824453,3832
1046656,1238520,158,0.820195,3832
1049880,1238520,158,0.816335,3832
1049952,1238520,157,0.816248,3832
1049008,1238520,158,0.817380,3832
1050248,1238520,158,0.815832,3832
1049304,1238520,159,0.816988,3816
1049912,1238520,159,0.816200,3816
1048416,1238520,159,0.818064,3800
1051448,1238520,158,0.814357,3840
1049312,1238520,159,0.817007,3792
1046712,1238520,159,0.820149,3768
1043768,1238520,159,0.823541,3768
1042688,1238520,159,0.824787,3768
1046576,1238520,159,0.820361,3768
1049472,1238520,158,0.816960,3768
1049672,1238520,157,0.816720,3768
1053448,1238520,157,0.812013,3768
1050200,1238520,157,0.816084,3768
1049752,1238520,158,0.816624,3768
1052416,1238520,158,0.813307,3768
1054848,1238520,158,0.810167,3768
1053568,1238520,159,0.811851,3728
1055824,1238520,158,0.808934,3744
1052880,1238520,159,0.812697,3744
1055824,1238520,158,0.808934,3744
1052504,1238520,159,0.813167,3744
1055352,1238520,159,0.809485,3744
1053000,1238520,160,0.812487,3744
1050528,1238520,160,0.815599,3744
1054320,1238520,160,0.810814,3744
1050928,1238520,161,0.815054,3744
1047752,1238520,162,0.818902,3704
1045496,1238520,163,0.821525,3688
1041688,1238520,162,0.825860,3688
1041200,1238520,163,0.826387,3688
1037864,1238520,163,0.829956,3688
1038592,1238520,163,0.829150,3688
1034840,1238520,164,0.832975,3688
1034152,1238520,165,0.833658,3688
1036216,1238520,164,0.831560,3720
1040184,1238520,164,0.827389,3720
1040760,1238520,164,0.826722,3720
1044104,1238520,163,0.823006,3768
1040736,1238520,164,0.826714,3752
1040048,1238520,164,0.827500,3752
1042416,1238520,163,0.824919,3776
1041176,1238520,164,0.826266,3776
1043944,1238520,164,0.823176,3776
1043440,1238520,165,0.823737,3776
1047024,1238520,165,0.819611,3776
1048120,1238520,165,0.818272,3776
1045080,1238520,165,0.821843,3776
1046520,1238520,165,0.820140,3776
1048888,1238520,165,0.817304,3776
1047440,1238520,165,0.819070,3776
1046960,1238520,164,0.819741,3776
1048064,1238520,164,0.818394,3776
1047816,1238520,164,0.818752,3768
1050936,1238520,164,0.814956,3768
1053296,1238520,164,0.811963,3768
1051480,1238520,164,0.814288,3768
1052656,1238520,164,0.812768,3768
1050128,1238520,165,0.815881,3768
1052792,1238520,165,0.812537,3768
1050728,1238520,166,0.815132,3736
1053984,1238520,166,0.811008,3736
1056424,1238520,166,0.807779,3736
1059136,1238520,166,0.804065,3736
1056360,1238520,166,0.807863,3736
1057360,1238520,165,0.806482,3776
1057512,1238520,164,0.806278,3776
1055056,1238520,165,0.809516,3776
1051776,1238520,165,0.813734,3776
1050256,1238520,165,0.815658,3776
1048224,1238520,165,0.818149,3776
1049656,1238520,165,0.816383,3776
1049184,1238520,166,0.816950,3776
1045256,1238520,167,0.821534,3776
1043544,1238520,167,0.823515,3776
1046368,1238520,167,0.820260,3776
1047616,1238520,167,0.818752,3776
1049504,1238520,167,0.816451,3776
1052856,1238520,167,0.812265,3776
1049296,1238520,167,0.816739,3744
1048720,1238520,168,0.817428,3744
1049184,1238520,167,0.816864,3752
1052416,1238520,167,0.812848,3752
1051760,1238520,167,0.813724,3752
1054568,1238520,167,0.810116,3752
1050488,1238520,168,0.815229,3752
1050312,1238520,169,0.815444,3752
1048952,1238520,168,0.817199,3752
1051208,1238520,167,0.814446,3768
1050552,1238520,167,0.815307,3768
1047512,1238520,168,0.818967,3744
1049752,1238520,168,0.816248,3744
1050744,1238520,167,0.815044,3744
1051840,1238520,167,0.813635,3744
1050568,1238520,168,0.815200,3744
1048688,1238520,169,0.817466,3744
1045824,1238520,169,0.820867,3744
1042320,1238520,170,0.824840,3704
1043040,1238520,169,0.824012,3736
1045368,1238520,169,0.821343,3736
1049400,1238520,168,0.816566,3784
1050768,1238520,168,0.814848,3784
1054504,1238520,168,0.810095,3784
1055552,1238520,167,0.808725,3792
1054720,1238520,168,0.809858,3752
1052584,1238520,168,0.812637,3752
1051896,1238520,167,0.813615,3752
1054088,1238520,166,0.810855,3752
1056160,1238520,165,0.808137,3776
1053648,1238520,165,0.811446,3776
1055944,1238520,165,0.808421,3776
1057936,1238520,165,0.805708,3776
1061320,1238520,165,0.800967,3776
1057464,1238520,166,0.806343,3728
1059096,1238520,165,0.804065,3776
1058720,1238520,165,0.804678,3752
1060920,1238520,164,0.801599,3776
1059200,1238520,164,0.804065,3768
1062824,1238520,164,0.798896,3768
1060144,1238520,164,0.802762,3768
1061088,1238520,163,0.801441,3768
1057456,1238520,164,0.806428,3768
1054672,1238520,165,0.810147,3720
1058744,1238520,165,0.804689,3720
1062120,1238520,165,0.799909,3720
1061864,1238520,166,0.800274,3720
1063320,1238520,166,0.798107,3720
1060304,1238520,166,0.802528,3680
1061704,1238520,166,0.800490,3680
1061504,1238520,167,0.800774,3680
1061584,1238520,166,0.800661,3680
1061248,1238520,166,0.801216,3672
1064880,1238520,166,0.795881,3672
1061792,1238520,165,0.800513,3672
1060768,1238520,165,0.802082,3632
1063024,1238520,164,0.798850,3648
1066728,1238520,164,0.793277,3648
1066440,1238520,164,0.793788,3648
1064272,1238520,164,0.797148,3616
1061544,1238520,164,0.801148,3616
1064840,1238520,164,0.796309,3616
1068752,1238520,164,0.790266,3616
1066088,1238520,165,0.794370,3616
1062904,1238520,166,0.799070,3616
1062592,1238520,166,0.799588,3616
1060640,1238520,165,0.802495,3608
1058744,1238520,165,0.805167,3608
1061008,1238520,165,0.801981,3608
1060320,1238520,164,0.803073,3608
1056744,1238520,164,0.807969,3608
1054544,1238520,165,0.810855,3584
1055424,1238520,164,0.809723,3584
1057304,1238520,163,0.807260,3584
1055424,1238520,164,0.809723,3584
1058904,1238520,164,0.805048,3584
1059280,1238520,163,0.804503,3608
1060592,1238520,163,0.802629,3608
1056680,1238520,163,0.807990,3608
1060448,1238520,163,0.802829,3608
1061568,1238520,162,0.801261,3608
1062304,1238520,161,0.800171,3640
1064912,1238520,161,0.796309,3640
1063240,1238520,162,0.798758,3640
1066232,1238520,162,0.794261,3640
1065736,1238520,162,0.795081,3640
1068240,1238520,162,0.791179,3640
1071256,1238520,162,0.786295,3640
1067960,1238520,162,0.791615,3640
1066712,1238520,162,0.793606,3640
1065400,1238520,163,0.795583,3640
1068336,1238520,163,0.791030,3640
1069136,1238520,162,0.789749,3656
1067696,1238520,163,0.792011,3648
1070568,1238520,163,0.787398,3648
1073560,1238520,163,0.782373,3648
1072864,1238520,164,0.783571,3632
1072440,1238520,163,0.784491,3600
1074576,1238520,162,0.780888,3600
1078512,1238520,162,0.773835,3600
1076456,1238520,162,0.777615,3600
1079240,1238520,162,0.772497,3600
1076912,1238520,162,0.776807,3600
1080632,1238520,162,0.769893,3600
1076840,1238520,162,0.776935,3600
1079512,1238520,161,0.772082,3600
1077056,1238520,161,0.776636,3600
1078488,1238520,160,0.774025,3616
1075008,1238520,160,0.780324,3592
1073904,1238520,160,0.782292,3592
1075896,1238520,159,0.778796,3632
1077792,1238520,158,0.775432,3632
1074696,1238520,157,0.781039,3632
1078040,1238520,157,0.775071,3632
1077632,1238520,158,0.775820,3624
1075256,1238520,158,0.780089,3624
1077288,1238520,157,0.776450,3664
1080784,1238520,157,0.769939,3664
1077752,1238520,158,0.775561,3648
1073816,1238520,159,0.782428,3648
1071152,1238520,160,0.786841,3648
1071048,1238520,160,0.787088,3648
1073112,1238520,160,0.783612,3648
1073896,1238520,160,0.782211,3648
1075688,1238520,160,0.779048,3648
1074608,1238520,161,0.780915,3648
1073328,1238520,162,0.783088,3648
1077016,1238520,162,0.776622,3648
1076880,1238520,162,0.776949,3648
1079072,1238520,161,0.772925,3680
1077008,1238520,161,0.776750,3680
1079016,1238520,161,0.773028,3680
1078328,1238520,162,0.774287,3680
1081416,1238520,162,0.768432,3680
1080224,1238520,162,0.770783,3680
1082264,1238520,162,0.766796,3680
1085000,1238520,161,0.761323,3696
1083872,1238520,162,0.763597,3696
1082392,1238520,163,0.766531,3688
1085928,1238520,163,0.759337,3688
1087304,1238520,163,0.756354,3688
1084640,1238520,163,0.761973,3688
1085736,1238520,162,0.759668,3720
1085096,1238520,162,0.761079,3720
1083008,1238520,163,0.765262,3720
1085688,1238520,163,0.759767,3720
1087672,1238520,163,0.755503,3720
1088960,1238520,162,0.752686,3736
1087872,1238520,161,0.755246,3736
1088712,1238520,160,0.753418,3744
1085192,1238520,159,0.761030,3744
1082824,1238520,159,0.765859,3744
1082448,1238520,160,0.766640,3720
1086000,1238520,160,0.759420,3720
1089848,1238520,160,0.751085,3720
1092320,1238520,160,0.745379,3720
1092072,1238520,161,0.745952,3720
1095304,1238520,161,0.738158,3720
1093848,1238520,161,0.741790,3720
1090352,1238520,161,0.749964,3720
1086536,1238520,161,0.758306,3720
1089848,1238520,161,0.751085,3720
1093640,1238520,161,0.742285,3720
1089560,1238520,161,0.751721,3720
1092736,1238520,161,0.744412,3720
1094424,1238520,161,0.740295,3720
1093616,1238520,162,0.742228,3720
1090944,1238520,163,0.748509,3680
1093144,1238520,162,0.743362,3712
1093448,1238520,161,0.742645,3712
1093168,1238520,161,0.743437,3704
1095288,1238520,161,0.738236,3704
1093544,1238520,161,0.742550,3704
1096848,1238520,161,0.734361,3704
1096680,1238520,161,0.734904,3704
1099304,1238520,160,0.728127,3712
1096632,1238520,161,0.735005,3712
1093808,1238520,161,0.742019,3712
1095080,1238520,160,0.738959,3712
1099176,1238520,160,0.728465,3712
1096168,1238520,160,0.736283,3712
1094848,1238520,161,0.739522,3712
1095704,1238520,160,0.737411,3720
1097880,1238520,160,0.731816,3720
1094232,1238520,161,0.740872,3720
1092328,1238520,162,0.745361,3720
1088320,1238520,163,0.754318,3720
1089520,1238520,163,0.751597,3720
1085656,1238520,164,0.759833,3720
1088016,1238520,164,0.754766,3720
1090640,1238520,163,0.748906,3760
1088632,1238520,164,0.753348,3760
1087960,1238520,165,0.754800,3760
1091144,1238520,165,0.747656,3760
1091720,1238520,164,0.746339,3760
1093240,1238520,164,0.742683,3760
1093208,1238520,165,0.742758,3760
1096200,1238520,165,0.735365,3760
1093976,1238520,166,0.740815,3760
1091776,1238520,167,0.746063,3728
1088432,1238520,168,0.753644,3680
1091040,1238520,168,0.747747,3680
1087288,1238520,169,0.755997,3680
1084520,1238520,169,0.761843,3680
1085680,1238520,169,0.759370,3680
1086760,1238520,168,0.757115,3680
1083976,1238520,168,0.762940,3680
1086736,1238520,168,0.757166,3680
1084224,1238520,167,0.762538,3680
1080312,1238520,167,0.770256,3680
1080248,1238520,168,0.770377,3680
1082312,1238520,168,0.766328,3680
1080160,1238520,168,0.770542,3680
1077840,1238520,168,0.774912,3680
1076040,1238520,167,0.778292,3680
1076896,1238520,166,0.776750,3696
1080720,1238520,165,0.769651,3736
1081960,1238520,165,0.767183,3736
1085856,1238520,165,0.759287,3736
1089816,1238520,165,0.750695,3736
1093272,1238520,165,0.742664,3736
1095352,1238520,165,0.737529,3736
1093464,1238520,165,0.742209,3736
1089504,1238520,165,0.751386,3736
1093264,1238520,165,0.742683,3736
1094824,1238520,165,0.738822,3736
1092488,1238520,165,0.744505,3736
1095736,1238520,165,0.736581,3736
1091856,1238520,165,0.745971,3736
1093120,1238520,165,0.742910,3736
1092368,1238520,165,0.744785,3736
1096064,1238520,165,0.735765,3736
1095208,1238520,166,0.737922,3720
1092304,1238520,165,0.745082,3720
1089944,1238520,165,0.750553,3720
1092480,1238520,165,0.744673,3720
1088528,1238520,165,0.753661,3720
1086224,1238520,165,0.758656,3720
1087176,1238520,164,0.756591,3752
1089264,1238520,164,0.751985,3752
1090600,1238520,164,0.748906,3752
1091544,1238520,163,0.746761,3752
1090528,1238520,164,0.749140,3720
1086632,1238520,164,0.757704,3720
1084496,1238520,165,0.762102,3720
1085016,1238520,164,0.761030,3728
1084408,1238520,165,0.762264,3728
1085968,1238520,165,0.758972,3728
1089592,1238520,165,0.751103,3728
1091896,1238520,165,0.745786,3728
1087984,1238520,166,0.754508,3728
1091408,1238520,165,0.746871,3744
1087312,1238520,165,0.756014,3744
1090368,1238520,165,0.749230,3744
1087264,1238520,165,0.756133,3736
1085056,1238520,165,0.760850,3728
1085504,1238520,164,0.759931,3728
1083760,1238520,165,0.763501,3712
1081792,1238520,164,0.767555,3712
1078440,1238520,164,0.773981,3688
1081152,1238520,164,0.768829,3688
1080664,1238520,165,0.769757,3688
1079400,1238520,165,0.772215,3688
1082136,1238520,165,0.766935,3688
1083032,1238520,164,0.765184,3688
1085576,1238520,164,0.759964,3688
1084648,1238520,164,0.761957,3688
1088528,1238520,163,0.753765,3720
1089560,1238520,162,0.751509,3720
1089128,1238520,161,0.752668,3720
1092616,1238520,161,0.744692,3720
1093632,1238520,160,0.742228,3752
1092776,1238520,161,0.744263,3744
1095656,1238520,161,0.737233,3744
1091984,1238520,162,0.745989,3744
1092384,1238520,161,0.745064,3744
1091584,1238520,162,0.746944,3728
1093176,1238520,162,0.743136,3728
1090088,1238520,163,0.750321,3680
1089784,1238520,164,0.750996,3680
1088768,1238520,165,0.753296,3648
1090744,1238520,164,0.748852,3680
1094752,1238520,164,0.739367,3680
1092768,1238520,165,0.744094,3680
1093768,1238520,164,0.741714,3688
1091296,1238520,164,0.747583,3688
1093048,1238520,163,0.743513,3696
1095080,1238520,163,0.738529,3696
1092136,1238520,163,0.745638,3696
1090328,1238520,163,0.749875,3688
1092808,1238520,162,0.744169,3704
1091152,1238520,162,0.748092,3704
1094840,1238520,162,0.739328,3704
1097616,1238520,162,0.732288,3704
1097144,1238520,161,0.733754,3696
1098000,1238520,160,0.731548,3704
1097048,1238520,161,0.734058,3672
1099856,1238520,161,0.726641,3672
1096160,1238520,162,0.736163,3672
1093448,1238520,162,0.742853,3672
1092824,1238520,161,0.744543,3672
1093856,1238520,160,0.742076,3688
1095496,1238520,160,0.738001,3688
1096368,1238520,159,0.735845,3688
1095336,1238520,160,0.738393,3688
1092152,1238520,160,0.746063,3688
1095856,1238520,160,0.737115,3688
1092824,1238520,161,0.744393,3688
1094128,1238520,160,0.741275,3704
1095784,1238520,160,0.737135,3704
1092480,1238520,160,0.745249,3664
1091536,1238520,161,0.747492,3632
1090808,1238520,162,0.749140,3632
1094704,1238520,162,0.739948,3632
1096968,1238520,162,0.734240,3632
1097224,1238520,161,0.733592,3632
1093208,1238520,162,0.743494,3592
1095720,1238520,162,0.737332,3592
1092632,1238520,163,0.744729,3592
1093240,1238520,162,0.743306,3592
1092280,1238520,163,0.745546,3592
1094064,1238520,163,0.741237,3592
1093488,1238520,164,0.742645,3576
1090744,1238520,165,0.748978,3576
1089136,1238520,166,0.752546,3576
1086936,1238520,167,0.757300,3560
1088144,1238520,167,0.754628,3560
1087992,1238520,167,0.755058,3560
1088656,1238520,166,0.753609,3568
1087816,1238520,167,0.755417,3568
1088776,1238520,166,0.753348,3568
1085632,1238520,167,0.759997,3568
1082080,1238520,167,0.767183,3568
1084536,1238520,167,0.762232,3568
1082496,1238520,168,0.766281,3568
1078760,1238520,169,0.773351,3568
1077560,1238520,170,0.775532,3568
1074072,1238520,170,0.781722,3568
1078064,1238520,170,0.774622,3568
1081816,1238520,170,0.767508,3568
1083376,1238520,170,0.764361,3568
1085624,1238520,170,0.759717,3568
1086208,1238520,169,0.758506,3568
1087520,1238520,169,0.755639,3568
1086432,1238520,170,0.757989,3544
1082872,1238520,170,0.765310,3544
1084224,1238520,170,0.762522,3544
1087000,1238520,170,0.756693,3544
1087584,1238520,169,0.755434,3552
1087768,1238520,168,0.755041,3552
1087744,1238520,168,0.755195,3552
1088408,1238520,167,0.753748,3560
1084992,1238520,166,0.761209,3520
1087696,1238520,166,0.755469,3520
1087648,1238520,166,0.755673,3520
1091528,1238520,166,0.746999,3520
1090112,1238520,166,0.750375,3488
1090680,1238520,165,0.749104,3488
1089392,1238520,166,0.752002,3472
1088296,1238520,167,0.754422,3456
1091776,1238520,166,0.746670,3464
1090816,1238520,167,0.748852,3464
1088592,1238520,167,0.753869,3464
1091728,1238520,166,0.746889,3464
1094304,1238520,165,0.740738,3512
1093384,1238520,165,0.743042,3512
1094432,1238520,164,0.740507,3528
1093112,1238520,164,0.743757,3528
1095064,1238520,164,0.738978,3528
1096184,1238520,163,0.736163,3552
1092480,1238520,164,0.745064,3552
1090112,1238520,165,0.750499,3528
1087144,1238520,165,0.757031,3528
1090280,1238520,165,0.750125,3528
1086432,1238520,165,0.758523,3528
1089392,1238520,165,0.752090,3528
1089008,1238520,166,0.752930,3528
1089160,1238520,165,0.752598,3528
1091072,1238520,165,0.748237,3528
1090384,1238520,165,0.749893,3528
1091184,1238520,164,0.748092,3528
1091944,1238520,164,0.746247,3528
1090560,1238520,164,0.749588,3488
1087712,1238520,163,0.756014,3488
1091768,1238520,163,0.746963,3488
1091920,1238520,162,0.746615,3488
1089856,1238520,162,0.751368,3488
1093320,1238520,162,0.743362,3488
1092976,1238520,163,0.744188,3480
1092392,1238520,164,0.745546,3480
1094432,1238520,164,0.740623,3480
1091600,1238520,165,0.747255,3480
1092296,1238520,164,0.745583,3512
1093608,1238520,164,0.742399,3512
1090944,1238520,165,0.748563,3512
1094328,1238520,165,0.740565,3512
1093608,1238520,165,0.742437,3496
1097384,1238520,165,0.733043,3496
1096032,1238520,166,0.736442,3496
1095272,1238520,165,0.738549,3496
1092760,1238520,165,0.744654,3496
1090208,1238520,165,0.750570,3496
1093576,1238520,165,0.742740,3496
1095816,1238520,165,0.737214,3496
1092432,1238520,165,0.745416,3496
1094856,1238520,165,0.739561,3496
1093104,1238520,166,0.743757,3488
1093912,1238520,165,0.741828,3496
1097784,1238520,165,0.732144,3496
1100144,1238520,165,0.725827,3496
1098552,1238520,165,0.730161,3496
1095904,1238520,165,0.736996,3496
1093456,1238520,164,0.743136,3496
1089488,1238520,165,0.752160,3496
1090448,1238520,164,0.750036,3496
1093768,1238520,164,0.742285,3496
1097536,1238520,164,0.732901,3496
1098784,1238520,163,0.729619,3520
1097368,1238520,163,0.733389,3520
1098416,1238520,162,0.730639,3544
1096344,1238520,163,0.735905,3544
1092376,1238520,162,0.745657,3544
1095760,1238520,162,0.737470,3544
1096304,1238520,161,0.736064,3568
1093056,1238520,162,0.743907,3568
1095552,1238520,162,0.737804,3568
1094952,1238520,163,0.739309,3552
1092712,1238520,164,0.744636,3552
1095440,1238520,164,0.738001,3552
1097888,1238520,164,0.731733,3552
1096576,1238520,164,0.735185,3552
1098288,1238520,163,0.730701,3600
1097288,1238520,164,0.733369,3560
1096760,1238520,164,0.734824,3560
1099336,1238520,164,0.728064,3560
1096552,1238520,164,0.735345,3560
1098040,1238520,163,0.731528,3576
1098864,1238520,162,0.729347,3592
1094832,1238520,162,0.739619,3592
1098072,1238520,162,0.731404,3592
1095816,1238520,162,0.737253,3576
1098368,1238520,162,0.730680,3576
1095592,1238520,163,0.737686,3576
1097232,1238520,162,0.733552,3592
1095744,1238520,163,0.737312,3576
1098376,1238520,163,0.730535,3576
1095528,1238520,164,0.737726,3576
1096176,1238520,163,0.736104,3584
1095600,1238520,162,0.737765,3584
1099056,1238520,162,0.728865,3584
1098080,1238520,162,0.731589,3560
1097960,1238520,163,0.731898,3560
1096624,1238520,163,0.735405,3560
1099608,1238520,163,0.727598,3560
1101416,1238520,162,0.722698,3568
1101168,1238520,163,0.723377,3568
1099304,1238520,164,0.728381,3568
1098904,1238520,164,0.729619,3544
1099744,1238520,163,0.727344,3568
1099968,1238520,162,0.726726,3576
1100552,1238520,161,0.725159,3576
1097280,1238520,162,0.733734,3568
1096056,1238520,163,0.736799,3568
1097112,1238520,162,0.734159,3568
1097808,1238520,161,0.732308,3600
1100672,1238520,161,0.724640,3600
1098632,1238520,161,0.730182,3600
1096272,1238520,161,0.736303,3600
1094264,1238520,161,0.741313,3600
1095304,1238520,160,0.738803,3600
1099008,1238520,160,0.729326,3600
1099200,1238520,159,0.728823,3600
1096488,1238520,160,0.735765,3600
1097784,1238520,159,0.732472,3608
1097712,1238520,159,0.732778,3608
1096672,1238520,160,0.735405,3608
1100176,1238520,160,0.726213,3608
1100528,1238520,159,0.725224,3624
1097824,1238520,159,0.732451,3624
1094104,1238520,160,0.741714,3592
1098192,1238520,160,0.771144,3592
1100416,1238520,159,0.766118,3608
1099288,1238520,159,0.768819,3592
1097136,1238520,158,0.773748,3592
1100512,1238520,158,0.766154,3592
1103856,1238520,158,0.758112,3592
1100376,1238520,159,0.766356,3592
1102520,1238520,158,0.761345,3592
1098832,1238520,158,0.769943,3592
1098904,1238520,157,0.769783,3592
1095176,1238520,157,0.777877,3592
1095808,1238520,156,0.776462,3640
1094024,1238520,156,0.780234,3640
1090800,1238520,157,0.786573,3640
1090648,1238520,157,0.786954,3640
1089256,1238520,158,0.789570,3640
1092480,1238520,157,0.783411,3640
1095368,1238520,157,0.777479,3640
1097160,1238520,157,0.773594,3640
1099296,1238520,157,0.768801,3640
1099264,1238520,158,0.768873,3640
1103008,1238520,158,0.760058,3640
1099816,1238520,158,0.767630,3640
1099352,1238520,159,0.768694,3632
1101688,1238520,159,0.763221,3632
1103040,1238520,158,0.759903,3672
1100328,1238520,159,0.766283,3672
1104328,1238520,159,0.756631,3672
1103232,1238520,160,0.759400,3640
1104896,1238520,160,0.755172,3640
1103992,1238520,160,0.757581,3624
1105880,1238520,160,0.752716,3624
1101888,1238520,160,0.762655,3624
1105536,1238520,159,0.753594,3672
1104312,1238520,159,0.756790,3672
1107608,1238520,159,0.748206,3672
1104800,1238520,160,0.755454,3672
1106880,1238520,159,0.750021,3712
1105984,1238520,159,0.752469,3712
1109848,1238520,159,0.741997,3712
1106128,1238520,159,0.752099,3712
1105584,1238520,160,0.753533,3696
1107696,1238520,160,0.747908,3696
1103912,1238520,161,0.757600,3696
1105424,1238520,161,0.753696,3696
1104616,1238520,161,0.755874,3688
1107784,1238520,161,0.747566,3688
1104528,1238520,162,0.755974,3688
1106848,1238520,162,0.749916,3688
1103472,1238520,162,0.758582,3688
1106488,1238520,162,0.750856,3688
1108816,1238520,162,0.744517,3688
1107720,1238520,162,0.747609,3688
1105120,1238520,162,0.754487,3688
1108752,1238520,162,0.744823,3688
1108128,1238520,162,0.746709,3664
1105368,1238520,162,0.754042,3664
1106992,1238520,162,0.749727,3664
1108576,1238520,162,0.745368,3664
1108000,1238520,163,0.746924,3664
1106840,1238520,162,0.750251,3664
1103576,1238520,163,0.758523,3656
1102992,1238520,164,0.759942,3656
1106424,1238520,164,0.751230,3656
1104064,1238520,164,0.757324,3656
1104320,1238520,163,0.756691,3656
1105512,1238520,162,0.753696,3656
1101648,1238520,162,0.763258,3656
1099056,1238520,163,0.769195,3656
1100576,1238520,163,0.765640,3656
1101744,1238520,162,0.762825,3696
1101800,1238520,161,0.762693,3696
1100088,1238520,162,0.766776,3648
1099576,1238520,162,0.768154,3600
1101088,1238520,162,0.764585,3600
1102384,1238520,161,0.761516,3608
1102544,1238520,160,0.761058,3640
1102840,1238520,159,0.760347,3640
1101544,1238520,160,0.763446,3632
1103192,1238520,160,0.759400,3632
1101512,1238520,160,0.763559,3616
1102168,1238520,160,0.761897,3616
1098464,1238520,160,0.770492,3616
1101008,1238520,160,0.764622,3616
1098600,1238520,160,0.770191,3616
1097720,1238520,159,0.772332,3616
1098712,1238520,158,0.770067,3656
1099240,1238520,157,0.768819,3688
1096616,1238520,157,0.774705,3664
1095184,1238520,158,0.777712,3664
1098944,1238520,157,0.769587,3688
1096464,1238520,158,0.775011,3672
1100312,1238520,158,0.766429,3672
1097664,1238520,159,0.772384,3648
1101352,1238520,159,0.763970,3648
1099560,1238520,159,0.768190,3648
1101640,1238520,159,0.763296,3648
1101312,1238520,159,0.764250,3616
1104984,1238520,159,0.793418,3616
1101432,1238520,160,0.800681,3616
1102320,1238520,159,0.798913,3616
1104984,1238520,158,0.793401,3624
1103264,1238520,158,0.797163,3584
1103352,1238520,157,0.796967,3592
1101392,1238520,158,0.800902,3592
1100760,1238520,159,0.802231,3544
1104232,1238520,159,0.795149,3544
1105856,1238520,159,0.791605,3544
1105072,1238520,160,0.793282,3544
1106024,1238520,159,0.791190,3568
1105480,1238520,159,0.792549,3528
1108264,1238520,159,0.786315,3528
1105304,1238520,159,0.792925,3528
1104064,1238520,159,0.795632,3528
1104528,1238520,158,0.794648,3536
1106648,1238520,158,0.790005,3536
1104712,1238520,159,0.794161,3536
1107728,1238520,159,0.787505,3536
1107448,1238520,159,0.788238,3536
1107384,1238520,159,0.788487,3536
1110304,1238520,159,0.781681,3536
1110448,1238520,158,0.781340,3536
1110392,1238520,158,0.781586,3536
1106568,1238520,158,0.790390,3536
1107496,1238520,157,0.788345,3536
1111296,1238520,157,0.779423,3536
1108240,1238520,157,0.786677,3536
1107176,1238520,158,0.789143,3496
1104040,1238520,159,0.795847,3496
1107392,1238520,159,0.788558,3496
1106336,1238520,159,0.790982,3496
1109728,1238520,159,0.820272,3496
1107648,1238520,159,0.824297,3496
1104920,1238520,159,0.829284,3496
1105952,1238520,158,0.827449,3504
1107992,1238520,158,0.823644,3504
1110776,1238520,158,0.818206,3504
1113112,1238520,158,0.813361,3504
1109400,1238520,158,0.820889,3504
1108160,1238520,159,0.823240,3504
1107360,1238520,160,0.824725,3504
1108776,1238520,159,0.822050,3520
1106696,1238520,160,0.825909,3520
1105320,1238520,160,0.828456,3520
1105984,1238520,159,0.827249,3536
1104736,1238520,159,0.829577,3512
1103432,1238520,160,0.831843,3496
1103512,1238520,159,0.831707,3496
1099752,1238520,160,0.837878,3480
1096264,1238520,160,0.843259,3480
1097160,1238520,159,0.841930,3480
1095880,1238520,158,0.843963,3480
1099912,1238520,158,0.877419,3480
1103336,1238520,158,0.873140,3480
1105008,1238520,158,0.870907,3480
1106480,1238520,157,0.868889,3512
1108120,1238520,157,0.866548,3512
1106824,1238520,158,0.868353,3512
1103136,1238520,159,0.873232,3512
1100832,1238520,160,0.876119,3496
1101240,1238520,159,0.875621,3496
1104048,1238520,159,0.872018,3496
1106128,1238520,158,0.869259,3496
1107808,1238520,158,0.866875,3496
1106968,1238520,159,0.868078,3472
1110896,1238520,159,0.905734,3472
1109256,1238520,158,0.907487,3472
1110480,1238520,157,0.906258,3472
1107744,1238520,157,0.909007,3472
1109184,1238520,156,0.907605,3472
1105464,1238520,156,0.911184,3472
1108976,1238520,156,0.907810,3472
1108240,1238520,156,0.908622,3424
1107424,1238520,156,0.909449,3424
1104392,1238520,156,0.912316,3384
1104464,1238520,155,0.912252,3384
1108328,1238520,155,0.908622,3384
1109496,1238520,155,0.907431,3384
1105776,1238520,156,0.911009,3352
1102056,1238520,157,0.914333,3304
1100888,1238520,157,0.915354,3304
1104016,1238520,157,0.912635,3304
1105368,1238520,157,0.911381,3304
1109152,1238520,156,0.907787,3320
1106544,1238520,156,0.910329,3320
1107360,1238520,155,0.909517,3368
1105016,1238520,156,0.911721,3328
1105112,1238520,155,0.911635,3328
1101344,1238520,155,0.914954,3328
1099664,1238520,155,0.916376,3328
1096904,1238520,156,0.918552,3328
1093040,1238520,156,0.921449,3328
1095104,1238520,156,0.919911,3328
1093456,1238520,157,0.921116,3328
1095384,1238520,156,0.919697,3336
1091480,1238520,157,0.922508,3336
1094368,1238520,156,0.920442,3344
1091280,1238520,156,0.922675,3344
1094328,1238520,156,0.920471,3344
1095608,1238520,155,0.919523,3344
1099504,1238520,154,0.916486,3352
1100768,1238520,153,0.915440,3368
1099576,1238520,153,0.916480,3336
1100936,1238520,153,0.915327,3336
1098672,1238520,154,0.917165,3336
1100112,1238520,154,0.915966,3336
1097536,1238520,154,0.918058,3336
1095552,1238520,154,0.919607,3336
1097224,1238520,154,0.918299,3336
1098344,1238520,153,0.917419,3344
1097440,1238520,153,0.918182,3320
1098000,1238520,152,0.917746,3320
1097336,1238520,153,0.918269,3312
1096408,1238520,154,0.919004,3280
1100088,1238520,154,0.916071,3280
1102632,1238520,154,0.913903,3280
1099744,1238520,154,0.916363,3264
1101488,1238520,154,0.914887,3264
1100840,1238520,154,0.915473,3256
1100752,1238520,155,0.915552,3248
1102824,1238520,154,0.913793,3264
1099000,1238520,155,0.916993,3224
1095832,1238520,155,0.919481,3224
1098480,1238520,155,0.917406,3224
1101080,1238520,155,0.915261,3224
1103072,1238520,155,0.913531,3224
1101080,1238520,155,0.915261,3224
1101104,1238520,154,0.915241,3224
1099168,1238520,154,0.916859,3224
1100632,1238520,154,0.915632,3224
1097136,1238520,154,0.918454,3224
1094632,1238520,154,0.920372,3224
1097248,1238520,154,0.918367,3224
1095928,1238520,155,0.919373,3224
1099696,1238520,154,0.916428,3232
1095904,1238520,154,0.883608,3232
1099424,1238520,154,0.879602,3232
1102872,1238520,154,0.875399,3232
1100968,1238520,155,0.877781,3184
1103024,1238520,155,0.875210,3184
1099904,1238520,156,0.878985,3184
1103528,1238520,156,0.874517,3184
1100896,1238520,157,0.877753,3184
1096864,1238520,158,0.882397,3184
1099176,1238520,157,0.879769,3192
1097848,1238520,158,0.881288,3192
1098728,1238520,157,0.880258,3216
1101336,1238520,156,0.877156,3240
1100192,1238520,156,0.878580,3240
1103328,1238520,156,0.874699,3240
1100984,1238520,156,0.877637,3240
1096944,1238520,157,0.882300,3240
1097040,1238520,156,0.882193,3240
1098288,1238520,155,0.880780,3248
1097320,1238520,156,0.881890,3232
1100328,1238520,156,0.878372,3232
1099280,1238520,157,0.879630,3208
1101048,1238520,157,0.877484,3208
1098872,1238520,157,0.880101,3208
1098408,1238520,158,0.880643,3200
1099480,1238520,157,0.879406,3200
1103256,1238520,157,0.874779,3200
1099384,1238520,157,0.879518,3200
1099288,1238520,157,0.879685,3200
1097608,1238520,157,0.881657,3200
1100848,1238520,157,0.877848,3200
1097784,1238520,158,0.881405,3200
1094648,1238520,159,0.884837,3200
1095688,1238520,158,0.883721,3200
1096368,1238520,157,0.882980,3200
1099112,1238520,157,0.879834,3200
1101528,1238520,157,0.876913,3200
1099912,1238520,158,0.878873,3176
1098600,1238520,159,0.880432,3144
1098800,1238520,158,0.880203,3144
1101240,1238520,158,0.877272,3144
1100208,1238520,159,0.878514,3136
1097592,1238520,159,0.881585,3136
1093520,1238520,160,0.885990,3136
1093416,1238520,161,0.886098,3136
1090976,1238520,161,0.888627,3136
1087224,1238520,162,0.892235,3136
1086704,1238520,163,0.892725,3128
1084664,1238520,163,0.894616,3128
1081984,1238520,162,0.897030,3128
1082096,1238520,161,0.896934,3128
1078200,1238520,161,0.900186,3128
1078312,1238520,160,0.900096,3128
1077240,1238520,161,0.900946,3128
1074832,1238520,161,0.902840,3128
1071600,1238520,161,0.905259,3128
1071016,1238520,162,0.905683,3120
1066992,1238520,163,0.908488,3088
1068048,1238520,162,0.907774,3088
1069416,1238520,162,0.906799,3088
1071064,1238520,162,0.905603,3088
1074112,1238520,162,0.903340,3088
1071120,1238520,162,0.905563,3088
1072016,1238520,161,0.904913,3096
1072560,1238520,160,0.904517,3096
1069256,1238520,161,0.906871,3096
1066656,1238520,161,0.908676,3096
1065392,1238520,162,0.909523,3080
1068992,1238520,161,0.907082,3104
1069648,1238520,160,0.906615,3120
1068480,1238520,161,0.907451,3080
1072416,1238520,161,0.904634,3080
1073304,1238520,161,0.903947,3080
1073688,1238520,160,0.903662,3080
1071784,1238520,161,0.905058,3080
1069704,1238520,161,0.906570,3080
1069008,1238520,162,0.907076,3048
1072416,1238520,162,0.904622,3048
1075280,1238520,162,0.902451,3048
1074160,1238520,163,0.903316,3024
1077968,1238520,163,0.900339,3024
1082064,1238520,163,0.896928,3024
1085744,1238520,163,0.893653,3024
1086600,1238520,163,0.892828,3024
1090104,1238520,163,0.889456,3024
1092584,1238520,162,0.886924,3072
1089552,1238520,162,0.889994,3072
1086816,1238520,163,0.892599,3056
1090640,1238520,163,0.888897,3056
1092112,1238520,163,0.887373,3056
1094552,1238520,163,0.884786,3056
1096688,1238520,162,0.882415,3104
1094608,1238520,163,0.884675,3104
1095768,1238520,162,0.883425,3104
1099864,1238520,162,0.878731,3104
1097552,1238520,162,0.881450,3104
1099072,1238520,162,0.879657,3104
1095856,1238520,162,0.883356,3080
1093632,1238520,162,0.885781,3080
1090256,1238520,161,0.889299,3080
1093048,1238520,160,0.886446,3120
1093720,1238520,159,0.885723,3144
1093992,1238520,158,0.885420,3160
1089992,1238520,158,0.889526,3160
1090264,1238520,157,0.889244,3176
1088648,1238520,157,0.890856,3176
1089112,1238520,156,0.890403,3184
1086808,1238520,157,0.892577,3184
1090800,1238520,157,0.888707,3184
1089968,1238520,158,0.889526,3184
1092008,1238520,158,0.887446,3184
1090096,1238520,159,0.889354,3184
1092192,1238520,159,0.887210,3184
1089856,1238520,159,0.889589,3184
1088776,1238520,159,0.890726,3136
1090184,1238520,159,0.889315,3136
1087960,1238520,160,0.891471,3120
1091784,1238520,160,0.887689,3120
1089328,1238520,161,0.890118,3120
1091720,1238520,161,0.887705,3120
1088704,1238520,161,0.890718,3120
1090032,1238520,160,0.889432,3120
1092264,1238520,159,0.887194,3128
1089512,1238520,159,0.889978,3128
1090344,1238520,158,0.889165,3128
1087112,1238520,157,0.892347,3128
1090016,1238520,157,0.889534,3128
1087272,1238520,157,0.892198,3128
1086080,1238520,158,0.893297,3128
1082736,1238520,158,0.896304,3128
1082208,1238520,159,0.896784,3096
1084896,1238520,159,0.894395,3096
1083544,1238520,159,0.895666,3056
1085736,1238520,159,0.893675,3056
1082264,1238520,159,0.896805,3016
1080720,1238520,160,0.898112,3008
1083528,1238520,160,0.895680,3008
1086576,1238520,160,0.892909,3008
1087632,1238520,159,0.891914,3024
1086576,1238520,160,0.892894,3024
1088120,1238520,159,0.891448,3032
1084640,1238520,159,0.894687,3024
1080944,1238520,160,0.897872,3024
1083272,1238520,159,0.895854,3064
1086480,1238520,159,0.892945,3064
1083008,1238520,159,0.896083,3064
1083112,1238520,158,0.895993,3064
1083272,1238520,157,0.895854,3064
1083728,1238520,156,0.895456,3064
1080080,1238520,157,0.898589,3024
1079024,1238520,157,0.899491,3024
1081616,1238520,157,0.897308,3024
1078752,1238520,157,0.899711,3024
1076232,1238520,158,0.901701,3024
1076248,1238520,157,0.901689,3024
1076968,1238520,156,0.901122,3032
1073544,1238520,157,0.903745,3016
1074872,1238520,156,0.902737,3032
1071656,1238520,157,0.905115,3032
1075176,1238520,156,0.902494,3048
1075976,1238520,156,0.901844,3048
1074168,1238520,156,0.903262,3040
1076648,1238520,155,0.901335,3080
1074584,1238520,156,0.902919,3080
1072896,1238520,156,0.904212,3080
1074312,1238520,156,0.903124,3080
1077304,1238520,156,0.900782,3080
1076736,1238520,157,0.901228,3080
1073800,1238520,157,0.903507,3080
1077624,1238520,156,0.900529,3128
1075296,1238520,157,0.902341,3128
1074208,1238520,157,0.903202,3128
1071080,1238520,157,0.905529,3128
1071416,1238520,156,0.905282,3136
1069952,1238520,156,0.906357,3136
1071392,1238520,156,0.905300,3136
1067664,1238520,156,0.907937,3136
1068520,1238520,156,0.907319,3136
1068320,1238520,156,0.907490,3136
1070336,1238520,155,0.906052,3184
1070672,1238520,154,0.905808,3192
1074528,1238520,154,0.902949,3192
1076448,1238520,154,0.901440,3192
1073800,1238520,154,0.903495,3192
1076408,1238520,154,0.901472,3192
1076136,1238520,155,0.901695,3176
1073080,1238520,155,0.904041,3176
1076568,1238520,155,0.901359,3176
1073992,1238520,156,0.903328,3176
1076816,1238520,156,0.901128,3176
1080480,1238520,155,0.898152,3200
1079784,1238520,156,0.898754,3168
1083072,1238520,156,0.895938,3168
1080536,1238520,156,0.898132,3168
1078984,1238520,157,0.899407,3168
1075360,1238520,157,0.902298,3168
1073704,1238520,157,0.903585,3168
1077128,1238520,157,0.900927,3168
1077968,1238520,157,0.900224,3168
1079728,1238520,157,0.898760,3168
1081248,1238520,156,0.897470,3200
1079808,1238520,157,0.898668,3200
1078752,1238520,158,0.899543,3184
1078416,1238520,159,0.899820,3176
1075528,1238520,160,0.902096,3168
1077312,1238520,160,0.900669,3168
1079912,1238520,160,0.898530,3168
1080776,1238520,160,0.897772,3168
1082208,1238520,159,0.896552,3176
1079032,1238520,159,0.899244,3176
1077184,1238520,160,0.900751,3144
1078824,1238520,160,0.899400,3144
1074888,1238520,161,0.902494,3144
1075592,1238520,160,0.901955,3144
1074704,1238520,160,0.902670,3144
1078144,1238520,160,0.899949,3144
1079504,1238520,160,0.898806,3144
1078056,1238520,160,0.900019,3144
1077680,1238520,160,0.900358,3144
1076056,1238520,160,0.901670,3144
1074384,1238520,159,0.903021,3144
1076416,1238520,159,0.901428,3144
1076760,1238520,158,0.901159,3144
1073328,1238520,158,0.903811,3144
1074184,1238520,158,0.903136,3144
1077424,1238520,158,0.900599,3144
1077736,1238520,157,0.900345,3152
1074440,1238520,157,0.902937,3152
1076944,1238520,157,0.900971,3152
1073168,1238520,157,0.903888,3152
1071472,1238520,158,0.905150,3120
1074584,1238520,158,0.902816,3120
1076552,1238520,158,0.901266,3120
1075680,1238520,159,0.901942,3120
1077208,1238520,158,0.900751,3120
1073800,1238520,158,0.903406,3120
1074200,1238520,157,0.903100,3128
1073888,1238520,158,0.903340,3120
1077032,1238520,158,0.900889,3120
1074528,1238520,158,0.902858,3120
1076200,1238520,158,0.901540,3120
1073296,1238520,158,0.903781,3120
1071120,1238520,159,0.905369,3120
1070400,1238520,160,0.905882,3120
1074336,1238520,159,0.903003,3120
1072328,1238520,159,0.904529,3120
1069328,1238520,159,0.906732,3080
1068080,1238520,160,0.907599,3072
1070888,1238520,160,0.905603,3072
1072392,1238520,160,0.904482,3072
1073864,1238520,160,0.903358,3072
1076488,1238520,160,0.901316,3072
1073600,1238520,160,0.903555,3072
1071848,1238520,161,0.904843,3072
1073296,1238520,161,0.903745,3072
1074200,1238520,161,0.903033,3072
1077960,1238520,161,0.900077,3072
1074672,1238520,160,0.902713,3072
1077896,1238520,160,0.900166,3072
1074232,1238520,161,0.903027,3048
1072936,1238520,162,0.904000,3040
1070640,1238520,162,0.905700,3040
1069304,1238520,161,0.906710,3040
1072344,1238520,160,0.904505,3088
1069776,1238520,161,0.906346,3088
1071520,1238520,161,0.905069,3088
1070416,1238520,161,0.905894,3088
1072112,1238520,161,0.904640,3088
1075856,1238520,161,0.901794,3088
1078416,1238520,160,0.899769,3096
1075192,1238520,161,0.902298,3096
1078600,1238520,161,0.899582,3096
1074896,1238520,162,0.902488,3096
1078120,1238520,161,0.899968,3096
1080648,1238520,160,0.897859,3144
1077128,1238520,160,0.900757,3144
1076424,1238520,161,0.901341,3104
1078488,1238520,161,0.899666,3104
1075944,1238520,161,0.901714,3104
1073520,1238520,161,0.903591,3104
1074240,1238520,160,0.903051,3104
1075680,1238520,160,0.901918,3104
1078576,1238520,160,0.899595,3104
1076080,1238520,161,0.901571,3104
1072392,1238520,161,0.904388,3104
1072448,1238520,160,0.904347,3104
1073568,1238520,159,0.903513,3112
1073008,1238520,160,0.903929,3112
1071240,1238520,160,0.905254,3112
1068000,1238520,160,0.907561,3112
1068272,1238520,159,0.907363,3128
1064464,1238520,158,0.909972,3128
1066120,1238520,158,0.908852,3128
1066712,1238520,157,0.908451,3136
1066632,1238520,158,0.908504,3136
1067432,1238520,158,0.907932,3136
1070824,1238520,158,0.905535,3136
1069304,1238520,158,0.906643,3136
1065952,1238520,159,0.908926,3136
1062016,1238520,160,0.911469,3136
1063472,1238520,160,0.910515,3136
1061192,1238520,160,0.911984,3136
1062440,1238520,159,0.911197,3144
1062768,1238520,158,0.910989,3144
1065616,1238520,157,0.909144,3144
1063400,1238520,157,0.910617,3144
1064584,1238520,156,0.909847,3152
1063888,1238520,156,0.910329,3152
1062704,1238520,157,0.911091,3144
1066440,1238520,156,0.908654,3152
1065080,1238520,156,0.909586,3152
1061152,1238520,156,0.912118,3152
1061096,1238520,156,0.912182,3152
1063480,1238520,156,0.910653,3152
1060792,1238520,156,0.912369,3152
1061320,1238520,155,0.912038,3160
1058776,1238520,156,0.913588,3160
1060080,1238520,155,0.912800,3160
1058824,1238520,156,0.913559,3160
1055224,1238520,157,0.915676,3136
1058824,1238520,156,0.913559,3160
1058296,1238520,157,0.913879,3152
1061960,1238520,156,0.911620,3192
1064800,1238520,156,0.909774,3192
1063984,1238520,157,0.910304,3192
1061920,1238520,157,0.911645,3192
1062808,1238520,157,0.911055,3192
1061648,1238520,158,0.911785,3192
1059608,1238520,158,0.913068,3192
1061432,1238520,158,0.911919,3192
1057800,1238520,158,0.914149,3192
1056720,1238520,159,0.914782,3192
1053712,1238520,158,0.916551,3192
1056968,1238520,158,0.914665,3192
1056696,1238520,158,0.914861,3176
1052936,1238520,158,0.917017,3176
1055992,1238520,158,0.915268,3176
1053960,1238520,159,0.916421,3176
1055160,1238520,158,0.915739,3184
1055224,1238520,157,0.915703,3184
1058200,1238520,157,0.913945,3184
1059152,1238520,157,0.913348,3184
1059392,1238520,156,0.913203,3184
1060808,1238520,156,0.912310,3184
1059080,1238520,156,0.913391,3184
1060264,1238520,155,0.912669,3192
1062184,1238520,155,0.911449,3192
1060096,1238520,156,0.912742,3192
1063072,1238520,156,0.910857,3192
1062976,1238520,157,0.910918,3192
1065776,1238520,157,0.909070,3192
1068896,1238520,157,0.906921,3192
1071648,1238520,157,0.904936,3192
1068600,1238520,156,0.907159,3192
1068728,1238520,155,0.907071,3192
1068184,1238520,156,0.907446,3192
1064728,1238520,156,0.909790,3192
1063280,1238520,155,0.910786,3192
1066984,1238520,155,0.908327,3192
1067560,1238520,154,0.907937,3192
1068536,1238520,153,0.907237,3240
1066960,1238520,153,0.908343,3240
1066496,1238520,154,0.908660,3232
1069592,1238520,154,0.906508,3232
1072616,1238520,154,0.904306,3232
1070424,1238520,154,0.905922,3232
1073440,1238520,154,0.903698,3232
1071808,1238520,155,0.904930,3184
1071232,1238520,156,0.905346,3184
1072056,1238520,155,0.904744,3192
1072296,1238520,154,0.904564,3200
1071304,1238520,155,0.905282,3200
1068520,1238520,155,0.901391,3200
1070856,1238520,154,0.899649,3200
1068880,1238520,155,0.901150,3168
1065112,1238520,155,0.903887,3160
1067160,1238520,154,0.902412,3200
1064040,1238520,154,0.904633,3200
1060552,1238520,155,0.906965,3200
1064040,1238520,154,0.904633,3200
1060392,1238520,154,0.907132,3152
1056472,1238520,153,0.909670,3152
1058752,1238520,153,0.908216,3152
1057096,1238520,153,0.909285,3152
1057192,1238520,152,0.909225,3152
1060344,1238520,152,0.907194,3152
1064376,1238520,152,0.904469,3152
1063192,1238520,151,0.905362,3120
1059576,1238520,150,0.907803,3120
1056088,1238520,151,0.909984,3120
1052944,1238520,151,0.911891,3120
1053112,1238520,150,0.911793,3120
1051872,1238520,151,0.912514,3120
1050352,1238520,152,0.913382,3120
1049352,1238520,152,0.913975,3112
1050488,1238520,151,0.913332,3120
1047688,1238520,152,0.914888,3120
1049576,1238520,152,0.913818,3120
1048856,1238520,152,0.914264,3088
1045864,1238520,152,0.915915,3088
1045328,1238520,151,0.916250,3088
1045952,1238520,150,0.915898,3128
1046728,1238520,149,0.915482,3128
1045056,1238520,149,0.916398,3128
1042248,1238520,149,0.917875,3128
1045712,1238520,148,0.916064,3152
1044872,1238520,149,0.916511,3144
1042160,1238520,150,0.917912,3144
1040392,1238520,150,0.918824,3144
1043032,1238520,150,0.917467,3144
1045448,1238520,150,0.916182,3144
1042120,1238520,149,0.917957,3144
1041672,1238520,149,0.918207,3144
1043888,1238520,149,0.917050,3144
1040848,1238520,150,0.918621,3096
1044888,1238520,150,0.916528,3096
1048424,1238520,150,0.914603,3096
1048976,1238520,149,0.914299,3096
1049952,1238520,148,0.913746,3112
1049680,1238520,149,0.913908,3096
1048264,1238520,149,0.914726,3080
1048200,1238520,150,0.914761,3080
1048344,1238520,149,0.914682,3080
1045064,1238520,149,0.916469,3080
1042872,1238520,150,0.917623,3048
1045792,1238520,150,0.916076,3048
1044912,1238520,150,0.916579,3024
1045456,1238520,149,0.916292,3024
1047488,1238520,149,0.915180,3024
1045056,1238520,150,0.916478,3024
1042248,1238520,150,0.917953,3024
1043872,1238520,150,0.917096,3024
1043536,1238520,151,0.917273,3016
1044896,1238520,151,0.916541,3016
1041000,1238520,152,0.918541,3008
1042360,1238520,152,0.917831,3008
1043264,1238520,151,0.917352,3040
1046528,1238520,151,0.915611,3040
1042904,1238520,151,0.917537,3040
1042232,1238520,151,0.917916,3016
1040800,1238520,151,0.918665,3008
1042384,1238520,151,0.917843,3008
1041560,1238520,152,0.918268,2992
1039344,1238520,152,0.919392,2992
1043232,1238520,151,0.917434,3008
1041240,1238520,150,0.918493,3008
1038208,1238520,150,0.920010,3000
1038592,1238520,149,0.919824,3000
1041368,1238520,148,0.918445,3024
1044528,1238520,148,0.916805,3024
1045264,1238520,147,0.916415,3032
1045352,1238520,146,0.916368,3032
1042576,1238520,146,0.917851,2992
1039952,1238520,147,0.919184,2952
1038440,1238520,147,0.919944,2952
1040048,1238520,147,0.919136,2952
1042952,1238520,147,0.917655,2952
1042280,1238520,147,0.918025,2944
1042384,1238520,146,0.917973,2944
1041680,1238520,147,0.918328,2944
1039016,1238520,147,0.919673,2936
1039392,1238520,146,0.919489,2936
1038736,1238520,147,0.919816,2920
1035952,1238520,147,0.921165,2920
1032968,1238520,146,0.922582,2920
1032584,1238520,146,0.922776,2920
1032328,1238520,146,0.922913,2920
1028568,1238520,146,0.924581,2920
1031872,1238520,146,0.923116,2920
1029096,1238520,146,0.924354,2920
1031928,1238520,146,0.923091,2920
1029600,1238520,147,0.924115,2920
1031400,1238520,147,0.923305,2920
1032232,1238520,146,0.922934,2920
1034392,1238520,146,0.921933,2920
1038128,1238520,146,0.920156,2920
1038768,1238520,145,0.919836,2944
1034920,1238520,146,0.921657,2944
1035432,1238520,145,0.921408,2968
1037280,1238520,145,0.920516,2968
1038208,1238520,145,0.920048,2968
1042128,1238520,145,0.918090,2968
1045032,1238520,145,0.916570,2968
1044576,1238520,146,0.916809,2968
1047200,1238520,145,0.915396,3008
1045840,1238520,145,0.916149,3008
1048424,1238520,145,0.914731,3008
1045272,1238520,145,0.916448,3008
1049136,1238520,145,0.914339,3008
1050352,1238520,144,0.913648,3032
1046584,1238520,143,0.915765,3032
1047384,1238520,142,0.915331,3040
1050136,1238520,142,0.913791,3040
1047360,1238520,142,0.915344,3040
1049672,1238520,142,0.914050,3040
1050392,1238520,141,0.913630,3072
1050704,1238520,140,0.913454,3072
1048232,1238520,140,0.914871,3040
1047792,1238520,141,0.915123,3016
1045248,1238520,142,0.916482,3016
1043776,1238520,143,0.917249,3016
1046128,1238520,143,0.915991,3016
1045272,1238520,143,0.916469,3016
1046112,1238520,142,0.916026,3016
1049024,1238520,142,0.914423,3016
1052944,1238520,142,0.912176,3016
1054480,1238520,142,0.911245,3016
1057936,1238520,142,0.909116,3016
1058704,1238520,141,0.908625,3032
1061216,1238520,141,0.906986,3032
1062568,1238520,140,0.906091,3040
1058648,1238520,140,0.908655,3040
1057568,1238520,141,0.909354,3000
1056616,1238520,142,0.909954,2976
1057864,1238520,141,0.909180,2984
1059408,1238520,141,0.908180,2984
1057896,1238520,141,0.909190,2936
1057216,1238520,141,0.909665,2896
1058096,1238520,141,0.909091,2896
1055976,1238520,142,0.910392,2896
1060056,1238520,142,0.907823,2896
1060720,1238520,141,0.907391,2904
1063416,1238520,141,0.905583,2904
1059656,1238520,142,0.908058,2880
1062680,1238520,142,0.906059,2880
1059216,1238520,142,0.908337,2880
1062016,1238520,142,0.906498,2880
1060656,1238520,142,0.907417,2880
1061144,1238520,141,0.907100,2880
1057928,1238520,142,0.909146,2880
1056808,1238520,143,0.909837,2880
1060096,1238520,143,0.907746,2880
1056392,1238520,143,0.910091,2880
1058104,1238520,143,0.909006,2880
1055552,1238520,143,0.910600,2880
1057912,1238520,143,0.909126,2880
1055000,1238520,143,0.910931,2880
1055968,1238520,142,0.910344,2888
1056376,1238520,141,0.910096,2888
1054592,1238520,142,0.911169,2888
1051856,1238520,142,0.912804,2872
1053832,1238520,142,0.911628,2872
1051360,1238520,142,0.913087,2872
1048768,1238520,141,0.914590,2872
1047960,1238520,142,0.915041,2856
1049800,1238520,142,0.914001,2856
1048256,1238520,143,0.914858,2848
1051464,1238520,142,0.913064,2856
1052344,1238520,141,0.912551,2872
1054968,1238520,141,0.910984,2872
1057688,1238520,141,0.909300,2872
1055160,1238520,142,0.910869,2824
1052184,1238520,141,0.912670,2824
1054384,1238520,141,0.911359,2824
1057648,1238520,141,0.909354,2824
1055136,1238520,141,0.910912,2824
1053512,1238520,140,0.911929,2824
1052096,1238520,141,0.912758,2808
1050024,1238520,141,0.913970,2784
1052104,1238520,141,0.912767,2784
1051240,1238520,141,0.913287,2784
1054896,1238520,141,0.911136,2784
1053024,1238520,141,0.912278,2760
1054568,1238520,140,0.911369,2768
1055976,1238520,139,0.910513,2792
1052096,1238520,139,0.912826,2784
1054144,1238520,139,0.911610,2784
1056272,1238520,139,0.910310,2784
1060176,1238520,139,0.907849,2784
1058280,1238520,139,0.909076,2784
1061224,1238520,139,0.907173,2784
1058600,1238520,138,0.908906,2784
1055216,1238520,138,0.911003,2784
1052760,1238520,138,0.912472,2784
1054944,1238520,138,0.911165,2784
1056112,1238520,138,0.910436,2784
1057736,1238520,138,0.909414,2784
1057480,1238520,139,0.909572,2784
1056680,1238520,138,0.910120,2784
1059544,1238520,138,0.908312,2784
1060712,1238520,138,0.907535,2784
1057472,1238520,138,0.909606,2784
1058288,1238520,137,0.909101,2784
1057400,1238520,137,0.909680,2784
1060120,1238520,137,0.907946,2784
1057104,1238520,138,0.909832,2784
1057248,1238520,137,0.909744,2784
1055808,1238520,138,0.910619,2784
1057464,1238520,138,0.909581,2784
1055432,1238520,138,0.910845,2784
1053928,1238520,139,0.911737,2784
1053552,1238520,139,0.911985,2784
1051144,1238520,139,0.913395,2784
1051416,1238520,138,0.913241,2784
1047880,1238520,138,0.915227,2784
1046472,1238520,139,0.916009,2736
1049968,1238520,139,0.914082,2736
1047936,1238520,139,0.915223,2736
1048864,1238520,138,0.914700,2768
1052008,1238520,138,0.912913,2768
1055192,1238520,138,0.911026,2768
1057352,1238520,138,0.909690,2768
1053576,1238520,138,0.911980,2768
1056144,1238520,138,0.910426,2768
1054016,1238520,138,0.911722,2768
1053328,1238520,139,0.912125,2768
1053184,1238520,140,0.912208,2768
1055960,1238520,140,0.910537,2768
1054792,1238520,140,0.911264,2768
1056664,1238520,140,0.910111,2768
1057640,1238520,140,0.909483,2768
1054184,1238520,141,0.911567,2768
1051632,1238520,141,0.913073,2768
1054568,1238520,141,0.911340,2768
1051392,1238520,142,0.913182,2768
1054464,1238520,142,0.911373,2768
1050976,1238520,142,0.913418,2768
1050336,1238520,143,0.913791,2744
1052768,1238520,143,0.912380,2744
1049864,1238520,143,0.914055,2744
1050000,1238520,142,0.913979,2744
1047840,1238520,143,0.915167,2744
1051664,1238520,143,0.913014,2744
1050312,1238520,144,0.913787,2728
1047440,1238520,145,0.915366,2728
1048152,1238520,144,0.914980,2728
1046544,1238520,144,0.915872,2728
1046816,1238520,143,0.915718,2744
1047720,1238520,143,0.915206,2744
1048680,1238520,143,0.914656,2744
1047544,1238520,144,0.915279,2736
1044416,1238520,145,0.916938,2736
1046200,1238520,145,0.915974,2736
1047816,1238520,145,0.915080,2736
1044280,1238520,145,0.916984,2736
1044656,1238520,144,0.916780,2752
1045792,1238520,143,0.916178,2760
1045832,1238520,142,0.916157,2760
1043800,1238520,143,0.917240,2720
1047616,1238520,143,0.915197,2720
1048864,1238520,142,0.914502,2744
1046128,1238520,143,0.915983,2744
1047312,1238520,142,0.915327,2784
1045656,1238520,141,0.916263,2784
1047584,1238520,141,0.915206,2784
1047360,1238520,142,0.915331,2776
1046480,1238520,143,0.915804,2776
1048112,1238520,143,0.914897,2776
1045776,1238520,144,0.916153,2776
1045944,1238520,143,0.916051,2800
1048216,1238520,143,0.914801,2800
1045768,1238520,143,0.916144,2800
1042832,1238520,143,0.917696,2800
1044904,1238520,143,0.916600,2800
1045568,1238520,142,0.916250,2800
1042360,1238520,143,0.917912,2800
1041952,1238520,143,0.918143,2800
1045768,1238520,143,0.916144,2800
1049168,1238520,143,0.914277,2800
1048240,1238520,144,0.914805,2768
1047120,1238520,144,0.915443,2760
1051104,1238520,144,0.913214,2760
1049792,1238520,145,0.913952,2760
1051376,1238520,145,0.913032,2760
1054712,1238520,145,0.911060,2760
1054640,1238520,146,0.911103,2760
1053768,1238520,146,0.911647,2760
1050504,1238520,146,0.913553,2760
1053824,1238520,146,0.911614,2760
1051776,1238520,147,0.912826,2720
1050696,1238520,148,0.913440,2720
1051168,1238520,147,0.913173,2720
1047672,1238520,147,0.915141,2720
1050800,1238520,146,0.913409,2720
1051800,1238520,146,0.912813,2720
1049432,1238520,147,0.914148,2720
1052224,1238520,146,0.912565,2728
1054704,1238520,146,0.911084,2728
1057376,1238520,146,0.909433,2728
1054568,1238520,146,0.911165,2728
1057504,1238520,146,0.909354,2728
1055440,1238520,146,0.910643,2728
1057256,1238520,146,0.909507,2728
1054360,1238520,147,0.911260,2728
1057240,1238520,146,0.909507,2744
1055496,1238520,147,0.910576,2736
1056344,1238520,146,0.910062,2736
1054824,1238520,147,0.910998,2704
1053408,1238520,146,0.911891,2704
1057432,1238520,146,0.909443,2704
1055048,1238520,147,0.910893,2704
1052688,1238520,147,0.912310,2704
1052376,1238520,147,0.912518,2704
1055720,1238520,147,0.910518,2704
1054408,1238520,148,0.911302,2704
1057472,1238520,148,0.909419,2704
1060496,1238520,148,0.907479,2704
1063688,1238520,147,0.905362,2720
1064072,1238520,146,0.905102,2720
1061408,1238520,147,0.906876,2720
1058552,1238520,148,0.908706,2720
1056496,1238520,149,0.909979,2720
1060328,1238520,149,0.907546,2720
1057536,1238520,149,0.909364,2680
1060704,1238520,149,0.907329,2680
1061096,1238520,148,0.907059,2704
1062976,1238520,148,0.905787,2704
1059248,1238520,149,0.908216,2704
1062776,1238520,149,0.905888,2704
1058752,1238520,149,0.908530,2704
1055808,1238520,150,0.910349,2704
1058000,1238520,150,0.908971,2704
1058856,1238520,149,0.908418,2728
1057480,1238520,150,0.909280,2728
1058760,1238520,149,0.908469,2744
1057536,1238520,149,0.909265,2744
1059368,1238520,149,0.908084,2744
1058464,1238520,148,0.908716,2744
1055280,1238520,148,0.910701,2744
1057640,1238520,148,0.909230,2744
1060176,1238520,148,0.907597,2744
1056808,1238520,149,0.909714,2744
1057192,1238520,148,0.909453,2784
1055368,1238520,148,0.910614,2752
1056616,1238520,148,0.909827,2752
1056216,1238520,148,0.910101,2752
1057144,1238520,147,0.909512,2784
1056848,1238520,148,0.909695,2784
1057712,1238520,147,0.909141,2816
1056488,1238520,147,0.909925,2816
1059416,1238520,146,0.908089,2832
1056248,1238520,146,0.910091,2832
1057360,1238520,145,0.909404,2840
1054312,1238520,145,0.911279,2840
1053152,1238520,145,0.911989,2840
1050160,1238520,145,0.913729,2840
1046952,1238520,146,0.915495,2832
1046816,1238520,147,0.915568,2832
1050056,1238520,147,0.913764,2832
1052464,1238520,147,0.912366,2832
1053264,1238520,146,0.911891,2848
1057272,1238520,146,0.909453,2848
1059304,1238520,146,0.908150,2848
1056912,1238520,147,0.909645,2848
1054112,1238520,147,0.911364,2848
1050872,1238520,147,0.913269,2848
1053416,1238520,147,0.911774,2848
1050640,1238520,148,0.913386,2824
1051792,1238520,147,0.912726,2832
1050960,1238520,148,0.913200,2832
1050240,1238520,149,0.913607,2832
1054064,1238520,149,0.911373,2832
1057592,1238520,148,0.909220,2856
1060768,1238520,147,0.907184,2888
1064360,1238520,147,0.904759,2888
1062096,1238520,147,0.906314,2888
1061136,1238520,147,0.906975,2888
1058256,1238520,147,0.908856,2872
1060680,1238520,147,0.907282,2872
1057440,1238520,148,0.909334,2872
1054000,1238520,148,0.911444,2872
1055696,1238520,148,0.910402,2872
1054000,1238520,149,0.911416,2872
1055056,1238520,149,0.910758,2872
1057936,1238520,149,0.908966,2872
1059872,1238520,149,0.907710,2872
1061112,1238520,149,0.906876,2872
1058720,1238520,150,0.908413,2872
1062096,1238520,149,0.906197,2920
1062000,1238520,150,0.906261,2920
1058320,1238520,151,0.908635,2920
1060000,1238520,150,0.907566,2920
1060192,1238520,149,0.907443,2920
1057312,1238520,149,0.909295,2920
1055048,1238520,149,0.910706,2920
1058608,1238520,148,0.908514,2920
1060032,1238520,147,0.907597,2936
1057104,1238520,148,0.909453,2920
1053912,1238520,149,0.911392,2904
1055408,1238520,148,0.910494,2912
1052488,1238520,149,0.912222,2912
1056160,1238520,148,0.910033,2920
1057632,1238520,147,0.909126,2920
1055280,1238520,148,0.910566,2920
1056560,1238520,147,0.909763,2960
1055896,1238520,148,0.910174,2952
1055024,1238520,149,0.910701,2952
1054496,1238520,150,0.911017,2952
1056336,1238520,150,0.909876,2952
1055056,1238520,150,0.910682,2952
1057680,1238520,150,0.909046,2952
1059192,1238520,149,0.908089,2960
1059496,1238520,148,0.907890,2968
1056720,1238520,149,0.909631,2968
1059680,1238520,149,0.907741,2968
1058064,1238520,150,0.908766,2968
1056264,1238520,150,0.909910,2968
1056128,1238520,150,0.910023,2968
1056968,1238520,149,0.909507,2968
1059424,1238520,148,0.907966,2968
1055624,1238520,148,0.910358,2968
1052528,1238520,149,0.912194,2968
1051568,1238520,150,0.912749,2968
1053880,1238520,150,0.911373,2968
1054016,1238520,149,0.911293,2968
1057256,1238520,148,0.909329,2968
1060376,1238520,148,0.907324,2968
1057512,1238520,149,0.909141,2968
1057576,1238520,148,0.909101,2968
1056904,1238520,149,0.909522,2960
1060008,1238520,149,0.907535,2960
1057872,1238520,150,0.908891,2960
1057720,1238520,151,0.908986,2960
1053888,1238520,151,0.911345,2960
1052144,1238520,152,0.912366,2960
1050728,1238520,153,0.913178,2960
1053280,1238520,153,0.911675,2960
1053408,1238520,152,0.911600,2960
1054856,1238520,151,0.910715,3000
1056416,1238520,151,0.909739,3000
1058272,1238520,151,0.908555,3000
1055904,1238520,151,0.910076,2960
1058744,1238520,150,0.908297,2984
1057888,1238520,151,0.908851,2960
1056104,1238520,152,0.909954,2960
1053480,1238520,152,0.911558,2960
1049592,1238520,153,0.913800,2944
1047928,1238520,153,0.914748,2944
1044360,1238520,154,0.916658,2944
1045568,1238520,154,0.915996,2944
1049560,1238520,154,0.913791,2944
1048392,1238520,154,0.914467,2944
1051280,1238520,154,0.912817,2944
1053640,1238520,154,0.911416,2944
1056176,1238520,154,0.909861,2944
1058072,1238520,154,0.908655,2944
1055080,1238520,155,0.910498,2944
1058336,1238520,154,0.908474,2968
1056408,1238520,154,0.909709,2960
1060024,1238520,154,0.907401,2960
1058656,1238520,154,0.908307,2960
1062432,1238520,154,0.905819,2960
1064472,1238520,154,0.904402,2960
1062976,1238520,155,0.905427,2952
1063272,1238520,154,0.905227,2952
1061376,1238520,154,0.906525,2952
1060560,1238520,155,0.907059,2952
1059712,1238520,156,0.907607,2952
1061176,1238520,155,0.906630,2992
1060464,1238520,156,0.907095,2992
1063120,1238520,156,0.905303,2992
1063600,1238520,155,0.904977,2992
1065896,1238520,155,0.903355,2992
1062848,1238520,156,0.905454,2992
1063256,1238520,155,0.905178,2992
1061176,1238520,155,0.906598,2992
1064288,1238520,155,0.904474,2992
1062656,1238520,154,0.905648,2992
1066096,1238520,154,0.903248,2992
1064848,1238520,154,0.904171,2968
1064976,1238520,153,0.904082,2968
1063416,1238520,154,0.905151,2968
1066904,1238520,154,0.902692,2968
1066080,1238520,155,0.903282,2960
1063408,1238520,154,0.905195,2960
1064440,1238520,154,0.904457,2960
1062320,1238520,154,0.905926,2960
1062944,1238520,153,0.905475,3008
1064472,1238520,152,0.904419,3032
1061328,1238520,152,0.906567,3032
1059896,1238520,153,0.907499,3032
1062688,1238520,153,0.905631,3032
1065624,1238520,153,0.903586,3032
1061744,1238520,154,0.906229,3032
1065488,1238520,154,0.903647,3032
1065136,1238520,154,0.903937,3016
1068064,1238520,154,0.901823,3016
1066344,1238520,155,0.903056,3016
1065800,1238520,155,0.903490,2992
1065416,1238520,156,0.903787,2952
1068216,1238520,156,0.901759,2952
1067272,1238520,156,0.902475,2952
1067800,1238520,155,0.902095,2952
1069808,1238520,155,0.900587,2952
1072264,1238520,155,0.898687,2952
1072024,1238520,154,0.898952,2944
1076072,1238520,154,0.895700,2944
1073592,1238520,155,0.897725,2904
1074272,1238520,154,0.897186,2904
1071144,1238520,155,0.899619,2904
1072696,1238520,154,0.898420,2912
1071696,1238520,153,0.899265,2912
1068432,1238520,153,0.901735,2912
1064448,1238520,154,0.904551,2912
1065576,1238520,154,0.903737,2912
1066880,1238520,154,0.902783,2912
1070192,1238520,154,0.900330,2912
1066312,1238520,155,0.903175,2880
1069144,1238520,154,0.901121,2896
1068264,1238520,155,0.901776,2880
1066256,1238520,155,0.903248,2880
1065640,1238520,155,0.903731,2856
1067576,1238520,155,0.902326,2856
1070624,1238520,155,0.900048,2856
1070728,1238520,154,0.899970,2856
1068880,1238520,154,0.901379,2856
1071208,1238520,153,0.899637,2864
1069672,1238520,154,0.900789,2864
1072520,1238520,154,0.898594,2864
1071856,1238520,155,0.899118,2848
1075784,1238520,155,0.895974,2848
1074536,1238520,156,0.896989,2840
1074720,1238520,155,0.896841,2840
1074112,1238520,155,0.897365,2840
1071552,1238520,155,0.899400,2832
1071160,1238520,156,0.899716,2808
1074824,1238520,156,0.896822,2808
1075296,1238520,155,0.896442,2808
1073152,1238520,156,0.898146,2808
1071944,1238520,156,0.899118,2808
1074152,1238520,155,0.897358,2856
1073264,1238520,155,0.898096,2856
1076520,1238520,155,0.895443,2856
1073056,1238520,156,0.898240,2832
1073600,1238520,155,0.897801,2848
1076232,1238520,155,0.895647,2848
1073384,1238520,155,0.897970,2848
1071112,1238520,155,0.899758,2848
1071048,1238520,155,0.899843,2848
1068120,1238520,155,0.902043,2848
1070408,1238520,154,0.900324,2896
1073392,1238520,154,0.898002,2896
1076016,1238520,154,0.895863,2896
1072872,1238520,154,0.898408,2896
1074768,1238520,154,0.896873,2896
1075040,1238520,153,0.896648,2904
1078552,1238520,153,0.893702,2904
1077832,1238520,154,0.894318,2896
1080160,1238520,154,0.892280,2896
1076304,1238520,154,0.895588,2896
1074744,1238520,155,0.896854,2896
1071760,1238520,155,0.899229,2896
1075600,1238520,155,0.896163,2896
1078864,1238520,155,0.893401,2896
1078944,1238520,154,0.893332,2896
1076080,1238520,155,0.895733,2896
1073600,1238520,155,0.897763,2896
1077584,1238520,155,0.894486,2896
1079672,1238520,155,0.892663,2896
1077744,1238520,155,0.894351,2896
1077800,1238520,154,0.894304,2896
1077720,1238520,155,0.894372,2896
1080112,1238520,155,0.892280,2896
1079312,1238520,155,0.893023,2888
1075808,1238520,156,0.895961,2888
1073368,1238520,157,0.897914,2888
1076736,1238520,157,0.895159,2888
1080336,1238520,157,0.892048,2888
1083184,1238520,156,0.889474,2904
1079392,1238520,157,0.892857,2904
1081640,1238520,157,0.890834,2904
1077816,1238520,157,0.894203,2904
1078680,1238520,156,0.893463,2912
1075856,1238520,156,0.895863,2912
1072328,1238520,157,0.898687,2888
1076328,1238520,157,0.895457,2888
1074040,1238520,156,0.897390,2880
1074784,1238520,155,0.896796,2880
1071936,1238520,156,0.899045,2864
1072776,1238520,155,0.898389,2872
1073752,1238520,154,0.897624,2872
1070976,1238520,155,0.899770,2872
1073816,1238520,154,0.897555,2896
1071256,1238520,155,0.899540,2896
1070264,1238520,156,0.900318,2856
1071608,1238520,155,0.899290,2872
1073288,1238520,154,0.897952,2920
1069384,1238520,155,0.900926,2920
1069568,1238520,154,0.900789,2920
1068520,1238520,154,0.901601,2912
1069536,1238520,153,0.900843,2928
1069048,1238520,154,0.901203,2928
1071112,1238520,153,0.899655,2936
1067280,1238520,154,0.902481,2936
1066784,1238520,154,0.902869,2936
1067520,1238520,153,0.902331,2952
1068000,1238520,152,0.901979,2960
1064072,1238520,152,0.904776,2960
1064680,1238520,151,0.904353,2968
1060904,1238520,151,0.906918,2968
1058368,1238520,152,0.908545,2968
1055808,1238520,153,0.910135,2960
1059032,1238520,153,0.908099,2960
1056744,1238520,154,0.909562,2912
1056896,1238520,153,0.909468,2912
1057248,1238520,152,0.909245,2920
1060640,1238520,152,0.907059,2920
1058440,1238520,152,0.908499,2920
1056752,1238520,152,0.909586,2912
1060160,1238520,152,0.907406,2912
1059480,1238520,153,0.907844,2912
1060688,1238520,152,0.907043,2944
1064784,1238520,152,0.904265,2944
1060896,1238520,153,0.906876,2944
1059848,1238520,154,0.907566,2928
1056216,1238520,154,0.890265,2928
1058544,1238520,153,0.888496,2936
1061672,1238520,153,0.885998,2936
1065328,1238520,153,0.882939,2936
1062168,1238520,153,0.885598,2936
1059752,1238520,153,0.887559,2936
1062400,1238520,153,0.885410,2936
1064008,1238520,152,0.884075,2952
1062456,1238520,153,0.885358,2944
1060016,1238520,154,0.887308,2944
1062008,1238520,154,0.885682,2944
1058128,1238520,154,0.888773,2944
1057000,1238520,154,0.889666,2944
1057440,1238520,153,0.889333,2944
1057816,1238520,152,0.889048,2944
1059176,1238520,151,0.887996,2952
1055952,1238520,151,0.890479,2952
1055152,1238520,152,0.891070,2952
1058416,1238520,152,0.888582,2952
1055624,1238520,152,0.890728,2944
1053984,1238520,152,0.891973,2928
1053088,1238520,153,0.892616,2928
1051272,1238520,154,0.893896,2928
1053232,1238520,154,0.892479,2928
1055944,1238520,154,0.890467,2928
1059192,1238520,154,0.887965,2928
1061736,1238520,153,0.885940,2944
1063880,1238520,153,0.884148,2944
1061968,1238520,153,0.885766,2928
1058920,1238520,154,0.888175,2928
1055864,1238520,155,0.890491,2928
1054416,1238520,156,0.891584,2888
1052440,1238520,155,0.893071,2888
1049688,1238520,155,0.895016,2888
1048856,1238520,156,0.895580,2888
1052576,1238520,155,0.892991,2912
1055720,1238520,155,0.890681,2912
1059184,1238520,155,0.888020,2912
1056496,1238520,156,0.890068,2912
1058880,1238520,156,0.888219,2912
1056424,1238520,156,0.890122,2912
1055584,1238520,157,0.890746,2912
1057176,1238520,157,0.889521,2912
1059792,1238520,156,0.887509,2912
1062464,1238520,155,0.885364,2928
1065360,1238520,155,0.882919,2928
1067408,1238520,155,0.881114,2928
1070416,1238520,154,0.878379,2976
1066856,1238520,155,0.881553,2976
1065432,1238520,156,0.882790,2960
1068184,1238520,156,0.880360,2960
1066560,1238520,156,0.881823,2960
1067560,1238520,156,0.880910,2960
1069752,1238520,156,0.878911,2960
1067592,1238520,156,0.880882,2960
1067936,1238520,155,0.880579,2960
1067384,1238520,155,0.881107,2960
1070904,1238520,155,0.877901,2960
1066896,1238520,155,0.881532,2960
1066400,1238520,155,0.882044,2912
1070240,1238520,155,0.878598,2912
1072824,1238520,155,0.876150,2912
1070864,1238520,155,0.878027,2912
1071416,1238520,154,0.877509,2920
1069424,1238520,154,0.879374,2920
1072960,1238520,154,0.876058,2920
1070424,1238520,155,0.878423,2920
1070824,1238520,154,0.878049,2928
1069480,1238520,155,0.879288,2912
1068344,1238520,156,0.880310,2904
1068248,1238520,156,0.880438,2904
1067696,1238520,157,0.880931,2896
1067072,1238520,158,0.881518,2848
1069760,1238520,158,0.879093,2848
1071800,1238520,158,0.877174,2848
1070584,1238520,159,0.878321,2824
1073568,1238520,159,0.875478,2824
1077648,1238520,159,0.871387,2824
1074624,1238520,160,0.874409,2824
1074352,1238520,161,0.874682,2816
1074176,1238520,162,0.874853,2816
1072416,1238520,162,0.876581,2816
1068560,1238520,162,0.880161,2808
1071856,1238520,162,0.877114,2808
1074128,1238520,162,0.874907,2808
1075080,1238520,161,0.873971,2816
1072096,1238520,161,0.876882,2816
1073496,1238520,160,0.875524,2848
1070872,1238520,160,0.878034,2848
1073296,1238520,160,0.875715,2848
1075744,1238520,160,0.873283,2848
1071808,1238520,161,0.877077,2848
1071008,1238520,162,0.877835,2832
1068176,1238520,162,0.880438,2832
1068240,1238520,161,0.880381,2832
1070664,1238520,161,0.878152,2832
1073432,1238520,161,0.875508,2832
1073080,1238520,162,0.875853,2824
1073936,1238520,161,0.875031,2824
1073032,1238520,160,0.875990,2824
1073376,1238520,159,0.875662,2824
1070768,1238520,160,0.878130,2800
1071208,1238520,159,0.877724,2800
1072032,1238520,158,0.876949,2808
1073824,1238520,157,0.875224,2832
1076120,1238520,157,0.872924,2832
1074600,1238520,158,0.874425,2832
1073128,1238520,159,0.875876,2800
1069600,1238520,159,0.879194,2800
1066208,1238520,160,0.882181,2800
1069560,1238520,159,0.879194,2840
1070688,1238520,158,0.878152,2856
1073952,1238520,158,0.875031,2856
1075368,1238520,157,0.873624,2880
1071920,1238520,158,0.876942,2880
1070480,1238520,158,0.878321,2880
1072184,1238520,157,0.876701,2920
1073992,1238520,157,0.874930,2920
1070240,1238520,157,0.878504,2920
1068176,1238520,158,0.880367,2912
1070776,1238520,158,0.877975,2912
1071952,1238520,157,0.876874,2920
1070912,1238520,158,0.877842,2920
1067880,1238520,159,0.880579,2920
1070984,1238520,159,0.877731,2920
1074368,1238520,159,0.874472,2920
1073600,1238520,159,0.875278,2904
1071744,1238520,160,0.877039,2904
1075152,1238520,160,0.873718,2904
1071560,1238520,161,0.877166,2904
1073560,1238520,161,0.875224,2904
1075432,1238520,161,0.873346,2904
1074280,1238520,162,0.874487,2896
1074200,1238520,163,0.874573,2888
1070880,1238520,164,0.877724,2888
1070496,1238520,165,0.878078,2888
1068248,1238520,165,0.880154,2888
1072072,1238520,165,0.876611,2888
1072424,1238520,164,0.876279,2888
1071760,1238520,165,0.876904,2888
1069368,1238520,165,0.879150,2888
1072504,1238520,165,0.876203,2888
1073336,1238520,164,0.875409,2888
1076168,1238520,164,0.872579,2888
1075080,1238520,165,0.873663,2888
1077424,1238520,165,0.871256,2888
1081120,1238520,165,0.867297,2888
1079624,1238520,165,0.869010,2840
1083560,1238520,165,0.864638,2840
1081936,1238520,164,0.866561,2840
1083912,1238520,164,0.864293,2840
1084432,1238520,163,0.863679,2856
1083576,1238520,162,0.844290,2848
1083392,1238520,162,0.844602,2840
1084648,1238520,161,0.842955,2840
1084480,1238520,162,0.843177,2840
1085936,1238520,161,0.841185,2872
1088424,1238520,160,0.837695,2904
1087320,1238520,160,0.839309,2904
1087384,1238520,159,0.839220,2904
1087040,1238520,160,0.839697,2904
1086736,1238520,161,0.840126,2896
1090072,1238520,161,0.835339,2896
1088088,1238520,161,0.838248,2896
1086056,1238520,161,0.841120,2896
1087200,1238520,160,0.839531,2912
1086088,1238520,161,0.841066,2904
1088344,1238520,161,0.837876,2904
1090376,1238520,161,0.834883,2904
1093976,1238520,161,0.829360,2904
1092376,1238520,161,0.831924,2888
1090104,1238520,161,0.835374,2888
1087336,1238520,161,0.839376,2888
1090384,1238520,161,0.834965,2888
1093304,1238520,161,0.830504,2888
1092448,1238520,162,0.831815,2888
1093288,1238520,161,0.830516,2896
1089944,1238520,162,0.835525,2896
1091800,1238520,161,0.832782,2896
1088536,1238520,161,0.837615,2896
1090688,1238520,161,0.834437,2896
1092816,1238520,161,0.831168,2896
1092648,1238520,162,0.831461,2872
1091256,1238520,162,0.833679,2840
1091912,1238520,161,0.832686,2848
1088096,1238520,162,0.838236,2848
1089768,1238520,162,0.835781,2848
1091304,1238520,161,0.833524,2848
1087216,1238520,161,0.839464,2848
1089920,1238520,161,0.835560,2848
1088736,1238520,162,0.837274,2840
1085816,1238520,162,0.841391,2840
1089168,1238520,162,0.836657,2840
1086160,1238520,162,0.840990,2792
1084760,1238520,163,0.842912,2760
1082328,1238520,163,0.846133,2760
1083224,1238520,162,0.844985,2760
1080968,1238520,162,0.847904,2760
1082072,1238520,161,0.846509,2768
1079944,1238520,160,0.849274,2768
1083120,1238520,160,0.845233,2768
1084960,1238520,159,0.842817,2776
1087856,1238520,159,0.838808,2776
1084016,1238520,159,0.844060,2776
1086256,1238520,159,0.841012,2776
1088688,1238520,159,0.837570,2776
1084720,1238520,160,0.843008,2776
1082904,1238520,160,0.845438,2776
1083840,1238520,160,0.844165,2776
1085312,1238520,159,0.842155,2824
1085152,1238520,160,0.842369,2824
1082216,1238520,160,0.846256,2824
1085640,1238520,160,0.841715,2824
1088664,1238520,160,0.837468,2824
1086472,1238520,160,0.840587,2824
1086600,1238520,159,0.840412,2824
1084952,1238520,158,0.842763,2824
1083672,1238520,158,0.844560,2784
1081168,1238520,158,0.847835,2760
1080424,1238520,159,0.848774,2744
1077672,1238520,159,0.852139,2744
1079968,1238520,159,0.849333,2744
1082528,1238520,159,0.846083,2744
1084296,1238520,158,0.843777,2760
1080304,1238520,157,0.848961,2760
1080648,1238520,156,0.848538,2760
1083368,1238520,156,0.845047,2760
1080112,1238520,157,0.849137,2760
1079248,1238520,158,0.850225,2728
1080872,1238520,158,0.848182,2728
1083568,1238520,158,0.844706,2728
1087656,1238520,158,0.839154,2728
1086304,1238520,158,0.841077,2728
1083872,1238520,158,0.844373,2728
1080288,1238520,158,0.848961,2728
1084136,1238520,158,0.844029,2728
1086200,1238520,157,0.841250,2752
1089648,1238520,157,0.836370,2752
1089168,1238520,157,0.837126,2752
1092200,1238520,157,0.832614,2752
1089720,1238520,158,0.836335,2704
1087096,1238520,158,0.817076,2696
1090384,1238520,158,0.811677,2696
1093096,1238520,158,0.806964,2696
1090888,1238520,158,0.810915,2648
1087640,1238520,159,0.816217,2648
1091544,1238520,159,0.809725,2648
1088080,1238520,159,0.815516,2648
1087752,1238520,159,0.816115,2648
1091624,1238520,159,0.809670,2648
1095512,1238520,159,0.802728,2648
1092000,1238520,159,0.809028,2648
1094152,1238520,158,0.805198,2688
1097888,1238520,158,0.798210,2688
1096376,1238520,159,0.801062,2688
1093112,1238520,158,0.807118,2688
1094784,1238520,158,0.804065,2688
1098704,1238520,158,0.796637,2688
1098616,1238520,158,0.796901,2688
1096704,1238520,158,0.800629,2688
1098696,1238520,158,0.796746,2688
1102704,1238520,158,0.828844,2688
1100216,1238520,159,0.833023,2656
1104232,1238520,159,0.867172,2656
1100840,1238520,160,0.871567,2656
1102320,1238520,159,0.869644,2688
1099344,1238520,160,0.873375,2688
1100208,1238520,159,0.872294,2704
1100016,1238520,159,0.872591,2704
1097776,1238520,160,0.875294,2704
1096256,1238520,161,0.877063,2704
1098456,1238520,160,0.874437,2744
1102352,1238520,160,0.908608,2744
1101128,1238520,161,0.909703,2744
1097360,1238520,162,0.912915,2744
1099760,1238520,162,0.910855,2744
1099656,1238520,163,0.910945,2744
1099920,1238520,162,0.910717,2744
1096792,1238520,162,0.913380,2744
1095296,1238520,163,0.914580,2744
1098920,1238520,163,0.911573,2744
1099200,1238520,162,0.911335,2744
1099384,1238520,161,0.911178,2744
1103480,1238520,161,0.949049,2744
1100192,1238520,162,0.950676,2744
1102888,1238520,162,0.949326,2744
1099792,1238520,163,0.950859,2712
1101688,1238520,163,0.949917,2712
1097888,1238520,164,0.951726,2712
1099560,1238520,164,0.950924,2712
1097520,1238520,164,0.951894,2712
1100920,1238520,164,0.950270,2712
1097784,1238520,165,0.951751,2712
1094984,1238520,164,0.953043,2712
1098368,1238520,163,0.951523,2720
1095816,1238520,162,0.952718,2720
1099080,1238520,161,0.951233,2728
1100776,1238520,161,0.950402,2728
1098888,1238520,161,0.951322,2728
1094984,1238520,162,0.953078,2728
1092440,1238520,163,0.954162,2712
1093576,1238520,162,0.953673,2744
1095320,1238520,162,0.952904,2744
1095672,1238520,161,0.952749,2744
1094640,1238520,162,0.953199,2744
1096368,1238520,162,0.952420,2744
1093048,1238520,162,0.953875,2744
1094184,1238520,161,0.953374,2792
1090744,1238520,161,0.954820,2792
1086920,1238520,161,0.956324,2792
1083896,1238520,160,0.947217,2792
1079984,1238520,161,0.948891,2792
1080720,1238520,160,0.948577,2808
1079040,1238520,161,0.949273,2808
1076888,1238520,160,0.944753,2768
1080072,1238520,160,0.943306,2768
1077168,1238520,160,0.944631,2768
1077368,1238520,159,0.944543,2768
1080440,1238520,159,0.943136,2768
1081832,1238520,159,0.942462,2768
1083672,1238520,159,0.941554,2768
1087640,1238520,159,0.939524,2768
1085336,1238520,159,0.940730,2768
1089336,1238520,159,0.938624,2768
1086920,1238520,160,0.939898,2768
1083296,1238520,160,0.941737,2768
1079552,1238520,160,0.943522,2768
1081168,1238520,160,0.942752,2768
1082896,1238520,160,0.941908,2768
1084080,1238520,159,0.941327,2776
1083024,1238520,159,0.941865,2776
1083408,1238520,158,0.941679,2776
1082272,1238520,159,0.942242,2744
1079552,1238520,159,0.943533,2744
1082992,1238520,159,0.941896,2744
1084040,1238520,158,0.941370,2776
1080752,1238520,158,0.942973,2760
1079184,1238520,158,0.943715,2760
1077328,1238520,159,0.944543,2760
1075704,1238520,159,0.945269,2760
1072856,1238520,160,0.946462,2760
1076144,1238520,159,0.945080,2760
1078632,1238520,159,0.943964,2760
1079792,1238520,158,0.943434,2768
1081432,1238520,158,0.942651,2768
1077760,1238520,159,0.944328,2768
1075192,1238520,160,0.945443,2768
1074352,1238520,161,0.945798,2768
1075696,1238520,160,0.945221,2784
1075920,1238520,159,0.945125,2784
1078896,1238520,159,0.943791,2784
1082064,1238520,159,0.942299,2784
1079392,1238520,160,0.943551,2768
1082240,1238520,159,0.942223,2768
1081968,1238520,159,0.942375,2768
1080808,1238520,160,0.942924,2760
1081744,1238520,160,0.942462,2760
1084448,1238520,160,0.941129,2760
1081960,1238520,160,0.942360,2760
1079664,1238520,159,0.943474,2760
1076280,1238520,160,0.944980,2760
1079096,1238520,160,0.943711,2760
1077848,1238520,161,0.944271,2760
1074456,1238520,162,0.945738,2760
1073576,1238520,162,0.946126,2760
1075432,1238520,162,0.945324,2760
1078616,1238520,162,0.943906,2760
1076216,1238520,162,0.944986,2760
1073424,1238520,163,0.946169,2760
1070816,1238520,163,0.947248,2760
1069120,1238520,163,0.947948,2720
1069144,1238520,162,0.947939,2720
1067688,1238520,163,0.948497,2720
1070784,1238520,163,0.947276,2720
1071104,1238520,162,0.947149,2720
1067928,1238520,162,0.948406,2720
1068192,1238520,161,0.948299,2736
1069888,1238520,161,0.947624,2736
1073344,1238520,161,0.946212,2736
1076064,1238520,161,0.945042,2736
1078272,1238520,161,0.944050,2736
1078000,1238520,162,0.944178,2720
1079672,1238520,162,0.943401,2720
1083088,1238520,161,0.941784,2736
1082368,1238520,161,0.942169,2704
1080152,1238520,161,0.943232,2704
1082456,1238520,161,0.942127,2704
1080128,1238520,160,0.943265,2704
1083896,1238520,159,0.941452,2752
1086512,1238520,159,0.940116,2752
1084448,1238520,159,0.941180,2752
1085752,1238520,158,0.940520,2768
1081816,1238520,159,0.942447,2768
1085672,1238520,158,0.940536,2816
1084144,1238520,158,0.941323,2816
1086448,1238520,158,0.940141,2816
1084976,1238520,158,0.940910,2816
1087504,1238520,158,0.939595,2816
1084000,1238520,157,0.941417,2816
1086760,1238520,157,0.940005,2816
1085120,1238520,157,0.940862,2816
1087536,1238520,157,0.939603,2816
1086104,1238520,158,0.940349,2800
1082368,1238520,159,0.942192,2800
1084736,1238520,159,0.941014,2800
1080840,1238520,160,0.942891,2800
1082944,1238520,160,0.941869,2800
1084776,1238520,159,0.940966,2808
1080696,1238520,158,0.942976,2808
1084040,1238520,158,0.941354,2808
1082424,1238520,158,0.942161,2808
1084840,1238520,158,0.940958,2808
1084584,1238520,159,0.941089,2800
1084704,1238520,158,0.941030,2800
1081008,1238520,159,0.942812,2800
1078392,1238520,159,0.944032,2800
1080056,1238520,158,0.943269,2816
1078952,1238520,159,0.943776,2808
1079152,1238520,158,0.943686,2808
1077256,1238520,158,0.944554,2808
1077888,1238520,157,0.944271,2816
1075808,1238520,158,0.945197,2776
1078888,1238520,158,0.943820,2776
1081880,1238520,158,0.942413,2776
1079864,1238520,158,0.943397,2728
1081472,1238520,158,0.942628,2728
1081368,1238520,158,0.942700,2728
1079448,1238520,159,0.943587,2728
1081552,1238520,158,0.942606,2744
1079024,1238520,158,0.943794,2744
1076376,1238520,158,0.944986,2744
1073296,1238520,158,0.946308,2744
1076880,1238520,158,0.944767,2744
1073256,1238520,158,0.946324,2744
1070088,1238520,158,0.947618,2744
1071176,1238520,157,0.947187,2744
1074792,1238520,157,0.945684,2744
1072384,1238520,157,0.946701,2744
1068544,1238520,158,0.948217,2744
1069152,1238520,157,0.947970,2776
1065144,1238520,157,0.949494,2776
1064848,1238520,158,0.949602,2776
1063712,1238520,159,0.950029,2728
1065072,1238520,159,0.949521,2728
1064072,1238520,158,0.949917,2728
1063248,1238520,158,0.943967,2720
1059424,1238520,157,0.945488,2720
1060760,1238520,157,0.944960,2720
1064744,1238520,157,0.943364,2720
1060928,1238520,158,0.944877,2720
1060272,1238520,159,0.945135,2704
1061224,1238520,159,0.944750,2704
1059920,1238520,159,0.945276,2688
1063664,1238520,159,0.943794,2688
1065432,1238520,159,0.943056,2688
1069024,1238520,159,0.941516,2688
1073088,1238520,159,0.939673,2688
1071048,1238520,159,0.940623,2688
1068056,1238520,159,0.941954,2688
1068128,1238520,158,0.941923,2688
1068384,1238520,157,0.941803,2712
1069000,1238520,156,0.941519,2752
1070488,1238520,156,0.940844,2752
1073848,1238520,156,0.939289,2752
1073664,1238520,157,0.939375,2752
1070856,1238520,157,0.940680,2752
1067200,1238520,157,0.942291,2752
1068432,1238520,156,0.941761,2760
1069744,1238520,156,0.941169,2760
1072472,1238520,155,0.939923,2808
1068600,1238520,155,0.941668,2808
1069192,1238520,154,0.941408,2816
1067952,1238520,153,0.941985,2816
1071544,1238520,153,0.940385,2816
1073760,1238520,152,0.939368,2816
1075000,1238520,151,0.938760,2864
1070904,1238520,152,0.940651,2864
1071048,1238520,151,0.940587,2864
1070848,1238520,152,0.940676,2864
1073328,1238520,152,0.939524,2864
1070512,1238520,152,0.940826,2864
1073640,1238520,152,0.939379,2864
1073288,1238520,153,0.939543,2864
1075136,1238520,153,0.938650,2864
1072776,1238520,154,0.939758,2864
1074496,1238520,154,0.938931,2864
1074216,1238520,155,0.939064,2864
1076624,1238520,154,0.937883,2912
1075760,1238520,154,0.938330,2904
1078104,1238520,153,0.937169,2920
1075472,1238520,153,0.938485,2920
1076312,1238520,152,0.938078,2920
1072896,1238520,153,0.939706,2904
1075688,1238520,153,0.938365,2904
1073880,1238520,154,0.939225,2904
1075224,1238520,154,0.938565,2904
1073096,1238520,155,0.939569,2904
1073288,1238520,154,0.939480,2904
1071936,1238520,155,0.940106,2896
1071032,1238520,155,0.940551,2864
1070080,1238520,156,0.940979,2856
1072456,1238520,156,0.939886,2856
1073880,1238520,156,0.939203,2856
1075512,1238520,155,0.938427,2856
1075040,1238520,154,0.938699,2856
1075880,1238520,153,0.938292,2864
1072136,1238520,153,0.940073,2864
1075696,1238520,153,0.938381,2864
1074288,1238520,152,0.939098,2864
1070864,1238520,152,0.923935,2864
1074456,1238520,152,0.921790,2864
1077360,1238520,152,0.919959,2864
1074072,1238520,153,0.921993,2864
1073528,1238520,153,0.922358,2848
1069968,1238520,153,0.924454,2848
1070992,1238520,153,0.923843,2848
1072744,1238520,153,0.922795,2848
1076032,1238520,152,0.920803,2848
1073136,1238520,152,0.922591,2848
1070064,1238520,152,0.924399,2848
1069800,1238520,152,0.924585,2832
1073320,1238520,152,0.922520,2832
1075552,1238520,152,0.921140,2832
1075592,1238520,151,0.921115,2832
1074856,1238520,152,0.921586,2800
1077008,1238520,152,0.920223,2800
1076272,1238520,153,0.920689,2792
1077904,1238520,152,0.919633,2832
1073920,1238520,152,0.922132,2832
1071320,1238520,152,0.923691,2832
1067224,1238520,151,0.926034,2832
1069368,1238520,151,0.924827,2832
1067640,1238520,152,0.925782,2832
1069088,1238520,152,0.924957,2832
1072840,1238520,152,0.922776,2832
1070520,1238520,152,0.924150,2832
1070840,1238520,151,0.923967,2832
1066760,1238520,151,0.926259,2832
1064992,1238520,151,0.927224,2832
1067872,1238520,151,0.925655,2832
1068704,1238520,150,0.925175,2872
1070872,1238520,150,0.923925,2872
1068936,1238520,151,0.925019,2872
1067240,1238520,150,0.926004,2872
1065512,1238520,151,0.926930,2872
1064072,1238520,152,0.927683,2872
1067336,1238520,152,0.925926,2872
1068120,1238520,151,0.925493,2880
1065680,1238520,151,0.926836,2880
1062704,1238520,152,0.928381,2880
1066632,1238520,152,0.926302,2880
1065504,1238520,153,0.926913,2864
1062240,1238520,154,0.928600,2864
1065528,1238520,154,0.926874,2864
1069408,1238520,154,0.924733,2864
1070864,1238520,154,0.923880,2864
1073760,1238520,154,0.922152,2864
1076344,1238520,153,0.920549,2896
1072560,1238520,154,0.922856,2880
1072952,1238520,153,0.922624,2880
1070904,1238520,153,0.923870,2840
1069872,1238520,154,0.924467,2824
1073480,1238520,154,0.922343,2824
1077024,1238520,154,0.920137,2824
1073760,1238520,155,0.922152,2816
1075824,1238520,155,0.920863,2816
1072696,1238520,155,0.922785,2816
1071448,1238520,156,0.923520,2808
1071968,1238520,155,0.923208,2824
1073048,1238520,154,0.922548,2864
1071160,1238520,153,0.923709,2864
1074152,1238520,153,0.921916,2864
1072592,1238520,154,0.922846,2864
1074232,1238520,154,0.921838,2864
1072576,1238520,154,0.922879,2824
1069048,1238520,155,0.924903,2824
1066768,1238520,155,0.926182,2824
1070200,1238520,155,0.924254,2824
1073360,1238520,154,0.922391,2864
1070672,1238520,154,0.923990,2864
1069704,1238520,155,0.924544,2856
1072512,1238520,155,0.922898,2856
1073288,1238520,154,0.922424,2880
1072880,1238520,154,0.922700,2872
1075600,1238520,154,0.921026,2872
1077272,1238520,154,0.919949,2872
1074904,1238520,155,0.921425,2872
1076072,1238520,154,0.920704,2872
1075688,1238520,155,0.920942,2872
1074008,1238520,156,0.921998,2824
1071664,1238520,155,0.923441,2824
1069560,1238520,156,0.924652,2808
1070664,1238520,155,0.924003,2848
1069648,1238520,156,0.924589,2832
1066544,1238520,157,0.926298,2832
1069888,1238520,157,0.924427,2832
1072848,1238520,157,0.922686,2832
1071664,1238520,157,0.923432,2792
1072248,1238520,157,0.923063,2792
1070200,1238520,158,0.924245,2792
1074248,1238520,158,0.921843,2792
1074288,1238520,157,0.921819,2792
1076696,1238520,157,0.920303,2792
1076720,1238520,156,0.920288,2792
1074336,1238520,156,0.921790,2792
1072496,1238520,156,0.922917,2792
1074464,1238520,155,0.921732,2808
1074336,1238520,156,0.921809,2808
1078176,1238520,156,0.919382,2808
1078360,1238520,155,0.919263,2808
1074536,1238520,156,0.921659,2808
1073600,1238520,156,0.922252,2808
1074664,1238520,156,0.921581,2808
1073768,1238520,157,0.922128,2800
1076648,1238520,157,0.920328,2800
1074024,1238520,157,0.921974,2800
1076624,1238520,157,0.920343,2800
1075264,1238520,157,0.921219,2800
1077152,1238520,156,0.920030,2816
1078320,1238520,156,0.919253,2816
1077240,1238520,157,0.919970,2776
1075040,1238520,158,0.921366,2736
1078536,1238520,158,0.919134,2736
1075816,1238520,159,0.920858,2736
1079104,1238520,159,0.918733,2736
1077136,1238520,159,0.920030,2736
1078496,1238520,159,0.919128,2736
1082120,1238520,159,0.916678,2736
1081280,1238520,160,0.917257,2728
1079816,1238520,160,0.918296,2688
1078728,1238520,160,0.919040,2688
1075544,1238520,159,0.921115,2688
1079280,1238520,159,0.918712,2688
1075360,1238520,160,0.921199,2688
1076584,1238520,160,0.920409,2688
1078616,1238520,159,0.919113,2688
1082712,1238520,159,0.916335,2688
1086640,1238520,159,0.913485,2688
1086496,1238520,160,0.913591,2688
1090528,1238520,160,0.910465,2688
1090344,1238520,161,0.910611,2688
1093392,1238520,161,0.908091,2688
1093280,1238520,162,0.908185,2688
1091536,1238520,163,0.909618,2688
1090720,1238520,163,0.910350,2640
1087264,1238520,162,0.913091,2640
1083256,1238520,163,0.915990,2640
1081384,1238520,163,0.917311,2640
1078024,1238520,163,0.919556,2640
1079048,1238520,162,0.918889,2648
1075328,1238520,163,0.921258,2624
1071320,1238520,164,0.923645,2624
1073584,1238520,164,0.922286,2624
1070552,1238520,165,0.924058,2624
1068712,1238520,164,0.925153,2616
1066888,1238520,164,0.926177,2616
1069792,1238520,164,0.924549,2616
1067296,1238520,163,0.926000,2584
1067848,1238520,162,0.925690,2600
1070344,1238520,162,0.924272,2600
1066416,1238520,162,0.926465,2600
1067400,1238520,161,0.925930,2608
1068464,1238520,161,0.925321,2608
1071064,1238520,161,0.923829,2608
1074904,1238520,161,0.921527,2608
1071648,1238520,161,0.923506,2584
1068816,1238520,160,0.925166,2584
1071144,1238520,159,0.923838,2608
1074912,1238520,158,0.921595,2632
1075096,1238520,157,0.921483,2632
1072800,1238520,156,0.922917,2632
1071128,1238520,157,0.923889,2632
1072448,1238520,157,0.923096,2632
1074824,1238520,156,0.921654,2672
1070760,1238520,156,0.924077,2672
1074080,1238520,155,0.922108,2712
1072440,1238520,156,0.923082,2712
1074224,1238520,156,0.921993,2712
1072680,1238520,157,0.922912,2712
1076616,1238520,157,0.920494,2712
1074136,1238520,157,0.922046,2712
1075616,1238520,157,0.921115,2712
1073824,1238520,157,0.922233,2712
1075000,1238520,157,0.921493,2712
1077808,1238520,157,0.919710,2712
1078408,1238520,157,0.919294,2712
1081248,1238520,157,0.917387,2712
1084976,1238520,156,0.914787,2712
1081632,1238520,156,0.917159,2712
1079184,1238520,155,0.918853,2712
1083208,1238520,155,0.916107,2712
1083672,1238520,154,0.915771,2728
1083152,1238520,155,0.916146,2712
1082256,1238520,155,0.916799,2712
1080888,1238520,155,0.917758,2712
1079768,1238520,156,0.918507,2704
1079184,1238520,156,0.918921,2704
1081728,1238520,156,0.917197,2704
1083384,1238520,155,0.916046,2720
1081192,1238520,156,0.917570,2688
1081336,1238520,155,0.917473,2688
1079392,1238520,155,0.918801,2680
1080528,1238520,155,0.918020,2680
1077104,1238520,156,0.920238,2680
1073712,1238520,157,0.922319,2680
1075040,1238520,157,0.921488,2680
1070944,1238520,158,0.923912,2680
1067344,1238520,159,0.925922,2680
1068824,1238520,159,0.925082,2680
1067640,1238520,160,0.925738,2672
1069544,1238520,159,0.924666,2704
1067024,1238520,159,0.926082,2704
1068552,1238520,159,0.925219,2704
1066416,1238520,159,0.926410,2704
1062376,1238520,160,0.928515,2704
1058440,1238520,160,0.930476,2704
1061504,1238520,160,0.928953,2704
1060200,1238520,160,0.929623,2704
1058240,1238520,160,0.930595,2704
1060480,1238520,159,0.929509,2704
1061152,1238520,158,0.929177,2704
1061368,1238520,157,0.929069,2704
1057400,1238520,157,0.931016,2704
1060584,1238520,157,0.929458,2704
1057888,1238520,157,0.930785,2704
1055080,1238520,157,0.932114,2704
1058224,1238520,157,0.930625,2704
1055176,1238520,158,0.932048,2704
1056032,1238520,157,0.931632,2752
1054672,1238520,158,0.932260,2744
1051784,1238520,159,0.933547,2744
1052088,1238520,158,0.933404,2768
1050416,1238520,157,0.934171,2768
1052744,1238520,156,0.933139,2808
1056208,1238520,156,0.931547,2808
1059800,1238520,155,0.929834,2816
1060784,1238520,154,0.929343,2832
1061608,1238520,153,0.928921,2856
1064928,1238520,153,0.927195,2856
1066480,1238520,153,0.926345,2856
1069224,1238520,153,0.924814,2856
1071048,1238520,153,0.923751,2856
1067168,1238520,153,0.925948,2856
1063552,1238520,153,0.927886,2856
1065360,1238520,153,0.926917,2856
1062576,1238520,154,0.928361,2856
1061552,1238520,155,0.928877,2856
1065544,1238520,154,0.926811,2872
1066264,1238520,153,0.926427,2872
1065088,1238520,153,0.927077,2872
1069016,1238520,153,0.924921,2872
1065128,1238520,154,0.927031,2872
1061040,1238520,154,0.929149,2872
1060968,1238520,155,0.929185,2872
1059272,1238520,155,0.930040,2872
1058384,1238520,155,0.930491,2872
1061912,1238520,155,0.928737,2872
1065024,1238520,154,0.927132,2880
1061536,1238520,155,0.928921,2880
1057872,1238520,155,0.930732,2880
1060984,1238520,155,0.929197,2880
1057576,1238520,155,0.930872,2880
1060456,1238520,155,0.929458,2880
1059480,1238520,156,0.929936,2880
1060208,1238520,155,0.929580,2880
1061104,1238520,154,0.929117,2920
1064400,1238520,154,0.927413,2920
1064744,1238520,153,0.927233,2920
1065168,1238520,152,0.927010,2920
1061824,1238520,153,0.928733,2920
1064752,1238520,153,0.927204,2920
1066976,1238520,152,0.926017,2920
1066600,1238520,152,0.926246,2920
1070360,1238520,151,0.924163,2920
1069192,1238520,151,0.924850,2920
1070032,1238520,151,0.924350,2920
1069944,1238520,152,0.924399,2920
1072584,1238520,152,0.922846,2920
1069520,1238520,153,0.924612,2920
1069728,1238520,152,0.924485,2936
1067128,1238520,153,0.925926,2936
1066824,1238520,154,0.926104,2912
1068984,1238520,153,0.924903,2936
1069120,1238520,152,0.924827,2936
1066544,1238520,153,0.926268,2888
1066904,1238520,152,0.926065,2904
1064480,1238520,152,0.927379,2904
1062408,1238520,153,0.928446,2904
1058480,1238520,153,0.930407,2904
1060232,1238520,153,0.929533,2904
1062816,1238520,152,0.928230,2920
1059520,1238520,153,0.929873,2920
1060832,1238520,153,0.929205,2920
1062944,1238520,152,0.928136,2928
1062280,1238520,153,0.928474,2928
1063816,1238520,153,0.927663,2928
1062960,1238520,154,0.928128,2880
1061400,1238520,155,0.928917,2880
1065032,1238520,155,0.927027,2880
1064536,1238520,156,0.927313,2832
1068152,1238520,156,0.925343,2832
1068832,1238520,155,0.924966,2832
1066624,1238520,155,0.926203,2832
1068768,1238520,155,0.925001,2832
1068048,1238520,156,0.925400,2832
1070896,1238520,156,0.923769,2832
1069504,1238520,155,0.924616,2832
1068576,1238520,155,0.925162,2832
1070752,1238520,155,0.923907,2832
1069424,1238520,156,0.924661,2832
1069160,1238520,155,0.924863,2832
1070072,1238520,154,0.924322,2880
1069720,1238520,154,0.924549,2880
1071024,1238520,153,0.923792,2904
1073552,1238520,153,0.922281,2904
1071520,1238520,154,0.923478,2904
1068992,1238520,154,0.924943,2904
1069416,1238520,153,0.924702,2912
1066304,1238520,154,0.926410,2912
1064080,1238520,155,0.927584,2912
1065312,1238520,154,0.926925,2936
1061928,1238520,155,0.928676,2928
1064720,1238520,155,0.927216,2928
1062480,1238520,155,0.928397,2928
1064960,1238520,155,0.927090,2928
1067768,1238520,155,0.925555,2928
1070744,1238520,155,0.923857,2928
1067672,1238520,154,0.925633,2928
1069584,1238520,154,0.924544,2928
1067776,1238520,154,0.925576,2928
1068608,1238520,154,0.925091,2928
1065272,1238520,155,0.926900,2928
1067000,1238520,155,0.925948,2928
1070136,1238520,155,0.924177,2928
1068776,1238520,155,0.924970,2928
1071064,1238520,155,0.923645,2928
1069736,1238520,155,0.924440,2912
1071496,1238520,155,0.923404,2912
1069960,1238520,155,0.924313,2912
1069640,1238520,156,0.924494,2912
1066760,1238520,156,0.926112,2912
1063136,1238520,156,0.928046,2912
1063008,1238520,157,0.928112,2912
1066664,1238520,157,0.926164,2912
1070216,1238520,157,0.924168,2912
1072808,1238520,157,0.922634,2912
1071896,1238520,158,0.923199,2864
1067904,1238520,158,0.925489,2864
1067280,1238520,159,0.925852,2824
1070496,1238520,159,0.924031,2824
1073368,1238520,159,0.922324,2824
1071304,1238520,159,0.923566,2824
1070648,1238520,160,0.923948,2816
1069104,1238520,160,0.924854,2808
1065176,1238520,160,0.927014,2808
1068488,1238520,160,0.925197,2808
1065360,1238520,160,0.926917,2808
1067680,1238520,160,0.925642,2808
1069176,1238520,160,0.924787,2808
1073144,1238520,160,0.922467,2808
1075808,1238520,160,0.920818,2808
1077592,1238520,160,0.919664,2808
1079840,1238520,159,0.918174,2848
1080624,1238520,158,0.917640,2864
1077608,1238520,159,0.919618,2864
1078064,1238520,158,0.919309,2888
1075040,1238520,159,0.921214,2888
1074200,1238520,159,0.921756,2888
1073856,1238520,160,0.921964,2888
1075448,1238520,160,0.920962,2888
1076504,1238520,159,0.920273,2936
1076424,1238520,160,0.920323,2936
1074440,1238520,160,0.921581,2936
1078512,1238520,160,0.918988,2936
1077904,1238520,161,0.919387,2928
1076632,1238520,162,0.920197,2928
1079832,1238520,162,0.918094,2928
1081264,1238520,161,0.917126,2936
1081368,1238520,160,0.917056,2936
1083448,1238520,159,0.915580,2984
1082464,1238520,160,0.916280,2968
1082928,1238520,159,0.915940,2992
1081952,1238520,160,0.916628,2976
1084312,1238520,160,0.914937,2976
1081984,1238520,161,0.916601,2936
1083648,1238520,161,0.915404,2936
1081872,1238520,161,0.916711,2888
1083608,1238520,161,0.915467,2888
1083312,1238520,161,0.915709,2888
1085168,1238520,161,0.914348,2888
1084576,1238520,162,0.914782,2880
1086848,1238520,162,0.913079,2880
1085536,1238520,162,0.914085,2880
1086696,1238520,161,0.913223,2888
1086512,1238520,161,0.913396,2888
1087960,1238520,160,0.912288,2912
1083976,1238520,161,0.915222,2912
1083024,1238520,160,0.915962,2912
1083656,1238520,159,0.915506,2928
1085752,1238520,159,0.913962,2928
1085408,1238520,160,0.914214,2928
1086104,1238520,159,0.913686,2952
1083744,1238520,160,0.915393,2952
1084536,1238520,159,0.914816,2968
1080488,1238520,160,0.917629,2968
1084144,1238520,160,0.915063,2968
1084000,1238520,160,0.915200,2968
1080744,1238520,160,0.917489,2968
1083224,1238520,160,0.915749,2968
1086704,1238520,160,0.913193,2968
1085640,1238520,160,0.914015,2968
1086736,1238520,159,0.913181,3000
1086392,1238520,160,0.913437,3000
1084936,1238520,160,0.914562,2968
1082936,1238520,161,0.915984,2968
1085992,1238520,161,0.913757,2968
1086744,1238520,160,0.913199,2968
1089728,1238520,160,0.910876,2968
1088888,1238520,160,0.911575,2960
1090856,1238520,159,0.909999,2992
1086920,1238520,159,0.913097,2976
1086816,1238520,160,0.913175,2976
1090664,1238520,160,0.910165,2976
1092792,1238520,160,0.908391,2976
1090248,1238520,160,0.910496,2976
1086928,1238520,160,0.913091,2976
1089776,1238520,160,0.910869,2976
1093328,1238520,160,0.907944,2976
1091656,1238520,161,0.909326,2976
1087632,1238520,162,0.912489,2976
1086840,1238520,163,0.913097,2960
1087144,1238520,162,0.912869,2960
1084080,1238520,161,0.915182,2960
1087952,1238520,161,0.912294,2960
1087424,1238520,162,0.912695,2960
1084200,1238520,163,0.915063,2960
1084272,1238520,162,0.915011,2960
1085784,1238520,162,0.913880,2960
1088200,1238520,162,0.912031,2960
1089696,1238520,162,0.910832,2960
1086712,1238520,162,0.913157,2960
1083808,1238520,162,0.915308,2960
1085880,1238520,162,0.913774,2960
1082056,1238520,163,0.916501,2960
1083344,1238520,163,0.915568,2960
1081088,1238520,163,0.917175,2944
1083048,1238520,163,0.915788,2944
1081808,1238520,163,0.916716,2896
1083736,1238520,163,0.915336,2896
1084344,1238520,162,0.914896,2904
1081880,1238520,163,0.916628,2904
1083544,1238520,162,0.915455,2920
1080360,1238520,163,0.917651,2920
1083200,1238520,163,0.915664,2920
1081088,1238520,164,0.917132,2912
1079576,1238520,164,0.918185,2904
1082296,1238520,164,0.916307,2904
1083080,1238520,163,0.915743,2928
1081752,1238520,164,0.916667,2928
1081152,1238520,164,0.917110,2928
1082728,1238520,163,0.915995,2968
1085928,1238520,163,0.913662,2968
1085784,1238520,164,0.913768,2968
1087432,1238520,164,0.912501,2968
1085184,1238520,165,0.914173,2968
1083112,1238520,165,0.915704,2952
1081584,1238520,165,0.916799,2952
1081752,1238520,164,0.916683,2952
1080472,1238520,165,0.917565,2936
1081544,1238520,165,0.916804,2936
1081360,1238520,166,0.916930,2936
1078368,1238520,165,0.918988,2936
1075608,1238520,165,0.920773,2936
1077560,1238520,165,0.919510,2936
1079400,1238520,164,0.918312,2936
1076704,1238520,163,0.920116,2936
1078024,1238520,162,0.919268,2944
1074096,1238520,163,0.921727,2944
1075248,1238520,162,0.920997,2984
1072256,1238520,162,0.922832,2984
1075560,1238520,162,0.920803,2984
1077336,1238520,162,0.919654,2984
1081032,1238520,162,0.917186,2984
1082672,1238520,162,0.916023,2984
1080888,1238520,163,0.917251,2984
1082096,1238520,163,0.916391,2984
1082016,1238520,164,0.916446,2984
1082488,1238520,163,0.916102,3008
1081232,1238520,163,0.917001,3008
1078120,1238520,164,0.919077,3000
1081288,1238520,163,0.916957,3016
1083376,1238520,163,0.915472,3016
1081304,1238520,163,0.916946,3016
1083176,1238520,163,0.915614,3016
1080456,1238520,163,0.917522,3016
1080776,1238520,162,0.917306,3016
1076744,1238520,163,0.919980,2968
1075648,1238520,164,0.920669,2968
1072048,1238520,163,0.922908,2968
1075656,1238520,163,0.920694,2968
1073560,1238520,163,0.922007,2968
1075992,1238520,163,0.920484,2968
1076184,1238520,162,0.920358,2976
1077376,1238520,162,0.919572,2976
1076696,1238520,162,0.920035,2976
1079208,1238520,162,0.918381,2976
1078744,1238520,163,0.918701,2952
1082648,1238520,163,0.916029,2952
1079528,1238520,164,0.918153,2952
1082776,1238520,164,0.915906,2952
1082040,1238520,165,0.916429,2936
1082848,1238520,164,0.915844,2968
1081640,1238520,165,0.916705,2936
1085488,1238520,165,0.913939,2936
1083376,1238520,166,0.915461,2936
1079856,1238520,166,0.917924,2920
1082696,1238520,166,0.915951,2920
1083368,1238520,165,0.915478,2920
1083008,1238520,165,0.915777,2904
1084520,1238520,165,0.914666,2904
1084384,1238520,166,0.914764,2904
1086912,1238520,165,0.912869,2952
1083856,1238520,165,0.915143,2952
1087512,1238520,165,0.912416,2952
1084808,1238520,165,0.914458,2952
1081520,1238520,166,0.916777,2952
1078936,1238520,167,0.918512,2952
1082800,1238520,167,0.915855,2952
1086584,1238520,167,0.913079,2952
1085432,1238520,168,0.913962,2912
1086048,1238520,167,0.913473,2960
1088520,1238520,167,0.911563,2960
1086040,1238520,167,0.913479,2960
1086176,1238520,166,0.913378,2960
1086104,1238520,167,0.913431,2960
1087992,1238520,167,0.911970,2960
1086536,1238520,168,0.913073,2960
1090120,1238520,168,0.910267,2960
1086536,1238520,169,0.913037,2960
1083368,1238520,170,0.915359,2944
1083256,1238520,170,0.915472,2944
1084368,1238520,170,0.914643,2944
1088256,1238520,170,0.911705,2944
1090520,1238520,169,0.909896,2976
1090080,1238520,169,0.910286,2976
1091400,1238520,168,0.909222,2976
1089704,1238520,168,0.910623,2976
1088384,1238520,169,0.911656,2976
1087752,1238520,169,0.912184,2968
1086144,1238520,169,0.913431,2968
1088144,1238520,169,0.911884,2968
1085336,1238520,169,0.914027,2968
1083104,1238520,169,0.915664,2968
1084064,1238520,168,0.914982,2968
1082856,1238520,168,0.915872,2968
1086496,1238520,168,0.913205,2968
1087824,1238520,168,0.912166,2968
1090560,1238520,167,0.909992,3008
1088368,1238520,166,0.911791,3008
1088464,1238520,165,0.911717,3008
1086952,1238520,165,0.912905,3008
1086888,1238520,165,0.912990,3008
1090536,1238520,165,0.910127,3008
1094424,1238520,165,0.906863,3008
1094264,1238520,164,0.907110,2976
1094368,1238520,163,0.907021,2976
1097656,1238520,163,0.904074,2976
1097464,1238520,164,0.904249,2976
1093792,1238520,165,0.907478,2968
1096832,1238520,164,0.904791,3008
1094704,1238520,164,0.906705,3008
1092176,1238520,165,0.908874,2960
1095544,1238520,165,0.905975,2960
1092384,1238520,165,0.908736,2920
1095720,1238520,165,0.905856,2920
1098216,1238520,165,0.903568,2920
1094816,1238520,165,0.906643,2920
1095944,1238520,165,0.905617,2920
1096536,1238520,164,0.905084,2928
1097664,1238520,164,0.904023,2928
1095336,1238520,164,0.906164,2904
1093440,1238520,164,0.907829,2904
1093136,1238520,165,0.908084,2904
1094104,1238520,164,0.907260,2912
1091384,1238520,165,0.909521,2912
1092432,1238520,164,0.908663,2912
1095216,1238520,163,0.906303,2912
1097728,1238520,162,0.904038,2944
1096616,1238520,162,0.905084,2944
1094624,1238520,162,0.906870,2944
1093528,1238520,162,0.907870,2912
1091368,1238520,163,0.909670,2888
1094000,1238520,162,0.907471,2912
1090712,1238520,162,0.910216,2912
1094400,1238520,161,0.907158,2928
1095824,1238520,160,0.905898,2960
1096720,1238520,159,0.905091,2976
1094208,1238520,159,0.907322,2976
1097736,1238520,159,0.904176,2976
1096288,1238520,160,0.905496,2952
1093856,1238520,160,0.907641,2952
1097896,1238520,160,0.904052,2952
1101504,1238520,160,0.900599,2952
1101080,1238520,161,0.901012,2952
1100296,1238520,162,0.901782,2936
1101840,1238520,162,0.900237,2936
1103920,1238520,162,0.898094,2936
1100048,1238520,161,0.902019,2936
1099000,1238520,162,0.903005,2936
1102496,1238520,162,0.899586,2936
1102104,1238520,163,0.899976,2936
1099592,1238520,163,0.902465,2920
1095544,1238520,163,0.906178,2920
1096944,1238520,162,0.904927,2936
1095152,1238520,163,0.906525,2912
1098608,1238520,163,0.903391,2912
1094552,1238520,164,0.907001,2912
1094384,1238520,165,0.907144,2912
1092240,1238520,165,0.908979,2912
1089912,1238520,166,0.910857,2904
1091720,1238520,165,0.909372,2952
1088112,1238520,165,0.912251,2952
1090088,1238520,165,0.910680,2952
1093520,1238520,164,0.907883,2952
1096952,1238520,164,0.904862,2952
1093200,1238520,163,0.908191,2952
1093160,1238520,162,0.908305,2952
1094296,1238520,162,0.907308,2952
1093600,1238520,162,0.907957,2928
1096480,1238520,162,0.905433,2928
1094952,1238520,163,0.906788,2904
1096496,1238520,162,0.905433,2912
1097912,1238520,162,0.904118,2912
1101136,1238520,162,0.901043,2912
1103416,1238520,162,0.898732,2912
1102000,1238520,162,0.900198,2912
1103184,1238520,162,0.898967,2912
1105568,1238520,162,0.896447,2912
1106808,1238520,162,0.895061,2912
1105952,1238520,162,0.896038,2912
1109936,1238520,161,0.891562,2936
1113392,1238520,161,0.887321,2936
1111992,1238520,162,0.889074,2920
1109408,1238520,162,0.892192,2920
1110504,1238520,161,0.890915,2920
1110480,1238520,162,0.890944,2920
1112576,1238520,162,0.888358,2920
1114992,1238520,162,0.885231,2920
1112944,1238520,162,0.887902,2920
1113920,1238520,161,0.886674,2920
1112712,1238520,161,0.888249,2920
1113320,1238520,161,0.887432,2920
1110120,1238520,162,0.891310,2920
1107744,1238520,162,0.894074,2920
1107792,1238520,161,0.894021,2920
1108128,1238520,160,0.893637,2928
1104512,1238520,160,0.897590,2928
1106784,1238520,160,0.895122,2928
1106680,1238520,161,0.895235,2928
1105480,1238520,161,0.896574,2928
1105000,1238520,161,0.897139,2920
1107360,1238520,161,0.894552,2920
1106904,1238520,160,0.895183,2896
1110512,1238520,160,0.891047,2896
1113400,1238520,160,0.887482,2896
1116848,1238520,160,0.882920,2896
1112960,1238520,160,0.888031,2896
1109112,1238520,160,0.892669,2896
1111176,1238520,160,0.890204,2896
1115016,1238520,160,0.885356,2896
1114864,1238520,160,0.885616,2896
1116328,1238520,159,0.883622,2944
1112568,1238520,160,0.888457,2944
1114992,1238520,160,0.885325,2944
1114848,1238520,161,0.885512,2944
1118912,1238520,161,0.879912,2944
1115464,1238520,162,0.884644,2944
1111696,1238520,163,0.889463,2896
1115752,1238520,163,0.884263,2896
1114912,1238520,164,0.885377,2888
1111176,1238520,165,0.890041,2888
1108632,1238520,165,0.893060,2888
1105840,1238520,166,0.896132,2888
1108624,1238520,165,0.893060,2896
1110104,1238520,164,0.891310,2936
1112488,1238520,164,0.888388,2936
1115528,1238520,164,0.884443,2936
1117024,1238520,164,0.882364,2936
1113552,1238520,165,0.886938,2936
1115960,1238520,165,0.883740,2936
1112504,1238520,166,0.888190,2936
1115320,1238520,166,0.884527,2936
1111672,1238520,167,0.889152,2936
1113896,1238520,167,0.886317,2936
1112424,1238520,168,0.888230,2888
1114016,1238520,168,0.886163,2888
1109920,1238520,168,0.891244,2888
1106072,1238520,168,0.895625,2888
1109520,1238520,167,0.891767,2888
1110160,1238520,166,0.890972,2928
1108096,1238520,166,0.893430,2904
1107992,1238520,166,0.893601,2904
1107248,1238520,166,0.894482,2904
1105808,1238520,166,0.896097,2904
1104456,1238520,166,0.897573,2904
1108520,1238520,166,0.893114,2904
1110544,1238520,166,0.890717,2904
1112464,1238520,165,0.888378,2920
1109264,1238520,165,0.892247,2920
1112024,1238520,165,0.888918,2920
1113080,1238520,165,0.887552,2920
1109112,1238520,164,0.892422,2920
1105064,1238520,165,0.896870,2920
1107648,1238520,165,0.894021,2920
1109672,1238520,165,0.891665,2920
1110808,1238520,165,0.890270,2920
1108808,1238520,165,0.892660,2920
1110768,1238520,165,0.890318,2920
1110104,1238520,166,0.891113,2912
1110328,1238520,165,0.890849,2912
1109488,1238520,166,0.891832,2912
1105976,1238520,167,0.895754,2912
1104512,1238520,168,0.897357,2864
1107984,1238520,167,0.893556,2904
1109744,1238520,166,0.891488,2952
1110264,1238520,165,0.890878,2952
1107200,1238520,165,0.894429,2952
1108824,1238520,165,0.892550,2952
1107040,1238520,164,0.894658,2952
1104888,1238520,165,0.896971,2952
1105992,1238520,165,0.895746,2952
1107520,1238520,165,0.894021,2952
1107400,1238520,166,0.894154,2952
1103336,1238520,166,0.898529,2952
1104600,1238520,166,0.897173,2952
1106600,1238520,166,0.894982,2952
1104288,1238520,165,0.897548,2952
1108264,1238520,165,0.893187,2952
1107320,1238520,165,0.894296,2952
1106008,1238520,165,0.895780,2952
1102624,1238520,166,0.899298,2952
1098648,1238520,166,0.903184,2952
1099016,1238520,165,0.902841,2952
1098424,1238520,165,0.903443,2944
1100560,1238520,164,0.901383,2992
1103240,1238520,164,0.898683,2992
1107104,1238520,164,0.894543,2992
1109760,1238520,164,0.891478,2992
1108928,1238520,164,0.892495,2992
1112088,1238520,164,0.888693,2992
1111864,1238520,163,0.889084,2992
1114360,1238520,163,0.885895,2992
1112688,1238520,164,0.888011,2992
1113752,1238520,164,0.886613,2992
1110416,1238520,165,0.890708,2992
1107704,1238520,165,0.893878,2992
1107792,1238520,164,0.893780,2992
1104424,1238520,164,0.897465,2992
1105176,1238520,163,0.896676,2992
1106144,1238520,162,0.895633,3000
1104632,1238520,161,0.897340,3000
1107912,1238520,161,0.893744,3000
1105320,1238520,162,0.896566,3000
1107232,1238520,162,0.894446,3000
1103624,1238520,163,0.898283,3000
1106168,1238520,163,0.895556,3000
1103752,1238520,164,0.898103,3000
1100280,1238520,165,0.901591,2960
1096224,1238520,166,0.905333,2960
1093560,1238520,166,0.907681,2960
1092944,1238520,167,0.908238,2912
1093736,1238520,166,0.907566,2920
1090128,1238520,167,0.910522,2920
1087720,1238520,168,0.912428,2872
1091024,1238520,168,0.909806,2872
1093512,1238520,168,0.907715,2872
1093296,1238520,168,0.907937,2872
1095208,1238520,168,0.906262,2872
1095432,1238520,167,0.906066,2872
1091752,1238520,168,0.909176,2872
1092384,1238520,167,0.908657,2872
1093840,1238520,167,0.907397,2872
1090544,1238520,167,0.910152,2872
1092768,1238520,167,0.908298,2872
1095040,1238520,167,0.906324,2872
1095792,1238520,166,0.905659,2880
1092944,1238520,166,0.908145,2880
1094448,1238520,165,0.906857,2896
1091744,1238520,166,0.909124,2896
1090160,1238520,166,0.910439,2896
1092176,1238520,166,0.908769,2896
1090256,1238520,167,0.910337,2880
1092832,1238520,167,0.908198,2880
1095320,1238520,167,0.906031,2880
1093512,1238520,168,0.907627,2832
1089920,1238520,168,0.910604,2832
1091848,1238520,167,0.909045,2840
1094072,1238520,167,0.907144,2840
1093864,1238520,167,0.907376,2824
1095888,1238520,167,0.905581,2824
1094840,1238520,168,0.906525,2792
1095976,1238520,168,0.905489,2792
1092768,1238520,169,0.908245,2792
1094408,1238520,168,0.906829,2824
1091520,1238520,168,0.909287,2824
1093632,1238520,168,0.907492,2824
1090000,1238520,168,0.910509,2824
1090608,1238520,167,0.910018,2832
1088968,1238520,168,0.911339,2800
1085656,1238520,167,0.913915,2800
1086864,1238520,167,0.912984,2800
1087720,1238520,166,0.912300,2848
1087240,1238520,166,0.912737,2800
1083776,1238520,166,0.915308,2800
1085776,1238520,166,0.913827,2800
1082120,1238520,167,0.916435,2800
1084152,1238520,167,0.914971,2800
1087992,1238520,166,0.912093,2848
1086864,1238520,166,0.912984,2848
1089208,1238520,166,0.911152,2848
1085448,1238520,167,0.913998,2848
1088520,1238520,167,0.911649,2848
1087784,1238520,167,0.912264,2832
1088728,1238520,166,0.911507,2872
1085440,1238520,166,0.914021,2872
1087168,1238520,166,0.912701,2872
1086824,1238520,166,0.912996,2872
1087008,1238520,165,0.912857,2872
1085872,1238520,165,0.913739,2872
1089112,1238520,165,0.911246,2872
1085704,1238520,166,0.913827,2872
1083480,1238520,166,0.915467,2872
1087528,1238520,165,0.912501,2872
1091384,1238520,164,0.909443,2912
1090408,1238520,165,0.910229,2912
1093856,1238520,165,0.907349,2912
1091896,1238520,165,0.909025,2912
1094000,1238520,165,0.907226,2912
1092680,1238520,166,0.908345,2904
1093608,1238520,165,0.907525,2952
1089768,1238520,165,0.910705,2952
1089392,1238520,166,0.911014,2936
1091296,1238520,165,0.909463,2976
1090944,1238520,166,0.909754,2968
1092760,1238520,166,0.908225,2968
1094472,1238520,166,0.906733,2968
1092024,1238520,167,0.908795,2968
1090552,1238520,168,0.909992,2968
1090624,1238520,167,0.909934,2968
1093568,1238520,167,0.907464,2968
1090944,1238520,168,0.909638,2968
1094648,1238520,168,0.906498,2968
1093064,1238520,168,0.907890,2968
1092544,1238520,169,0.908338,2952
1095160,1238520,168,0.906101,2960
1096160,1238520,167,0.905198,2984
1092704,1238520,168,0.908178,2984
1089864,1238520,168,0.910528,2984
1089960,1238520,167,0.910452,2984
1091088,1238520,167,0.909508,2984
1088864,1238520,167,0.911314,2984
1091624,1238520,167,0.909071,2984
1091080,1238520,167,0.909554,2984
1093256,1238520,167,0.907715,2984
1092072,1238520,167,0.908742,2984
1095304,1238520,167,0.905954,2984
1093224,1238520,167,0.907782,2984
1097024,1238520,167,0.904423,2984
1094872,1238520,166,0.906340,2984
1093696,1238520,167,0.907350,2984
1091856,1238520,168,0.908888,2984
1091944,1238520,167,0.908815,2984
1094712,1238520,167,0.906438,2984
1097000,1238520,167,0.904369,2984
1094368,1238520,168,0.906714,2960
1095720,1238520,167,0.905521,2976
1092120,1238520,167,0.908657,2952
1095088,1238520,167,0.906097,2952
1091840,1238520,167,0.908888,2952
1092608,1238520,167,0.908212,2952
1091112,1238520,166,0.909521,2952
1088512,1238520,167,0.911579,2952
1089608,1238520,166,0.910710,2968
1087768,1238520,167,0.912139,2968
1087880,1238520,166,0.912053,2968
1091368,1238520,166,0.909261,2968
1090064,1238520,166,0.910368,2944
1088160,1238520,167,0.911888,2904
1089960,1238520,166,0.910451,2944
1090808,1238520,166,0.909734,2944
1088424,1238520,166,0.911654,2944
1090120,1238520,165,0.910298,2976
1087224,1238520,166,0.912547,2976
1089608,1238520,166,0.910666,2976
1086584,1238520,166,0.913029,2976
1090336,1238520,166,0.910088,2976
1090144,1238520,166,0.910279,2976
1089800,1238520,165,0.910628,2976
1089712,1238520,166,0.910698,2976
1090272,1238520,165,0.910247,2984
1088048,1238520,166,0.912011,2952
1090832,1238520,166,0.909786,2952
1093232,1238520,166,0.907770,2952
1095872,1238520,165,0.905478,2968
1093056,1238520,165,0.907945,2968
1094136,1238520,164,0.907030,2968
1093504,1238520,165,0.907581,2952
1090696,1238520,165,0.909934,2952
1087848,1238520,166,0.912164,2952
1087936,1238520,165,0.912096,2952
1089400,1238520,164,0.910956,2960
1087608,1238520,164,0.912377,2960
1085128,1238520,165,0.914222,2960
1082344,1238520,165,0.916236,2960
1085048,1238520,165,0.914280,2960
1087064,1238520,164,0.912764,2992
1084424,1238520,165,0.914720,2976
1084272,1238520,166,0.914829,2976
1087136,1238520,165,0.912698,3008
1084192,1238520,165,0.914898,3008
1080848,1238520,166,0.917229,3008
1077712,1238520,165,0.919364,3008
1075256,1238520,166,0.920914,3008
1075960,1238520,165,0.920451,3048
1076200,1238520,164,0.920295,3056
1072424,1238520,164,0.922629,3056
1072224,1238520,164,0.922776,3056
1075920,1238520,164,0.920501,3056
1073616,1238520,165,0.921917,3056
1075376,1238520,165,0.920810,3056
1078296,1238520,165,0.918924,3056
1082008,1238520,165,0.916402,3056
1083824,1238520,165,0.915092,3056
1082008,1238520,165,0.916402,3056
1082640,1238520,164,0.915962,3056
1083936,1238520,163,0.915030,3080
1086784,1238520,163,0.912909,3080
1084024,1238520,163,0.914972,3072
1080496,1238520,163,0.917456,3072
1083992,1238520,163,0.914995,3072
1087640,1238520,163,0.912267,3072
1089608,1238520,163,0.910704,3072
1086688,1238520,164,0.912951,3072
1089144,1238520,163,0.911069,3072
1088248,1238520,164,0.911796,3032
1085960,1238520,163,0.913594,3032
1089456,1238520,163,0.910893,3032
1090864,1238520,162,0.909773,3032
1087888,1238520,162,0.912145,3032
1085616,1238520,163,0.913847,3032
1088376,1238520,163,0.911734,3032
1089984,1238520,162,0.910445,3072
1088640,1238520,162,0.911536,3072
1092688,1238520,162,0.908246,3072
1089448,1238520,161,0.910943,3072
1090416,1238520,161,0.910139,3072
1088104,1238520,162,0.911949,3072
1090952,1238520,162,0.909670,3072
1088960,1238520,163,0.911250,3072
1085376,1238520,163,0.913994,3072
1082528,1238520,163,0.916063,3072
1079384,1238520,164,0.918199,3072
1076592,1238520,163,0.920068,3072
1078976,1238520,163,0.918500,3072
1079576,1238520,162,0.918088,3096
1083392,1238520,162,0.915439,3096
1082056,1238520,161,0.916441,3096
1082648,1238520,160,0.916030,3096
1085064,1238520,160,0.914274,3096
1082280,1238520,161,0.916252,3096
1081240,1238520,161,0.917001,3096
1077744,1238520,161,0.919349,3096
1075104,1238520,161,0.921043,3096
1075280,1238520,160,0.920934,3096
1078888,1238520,159,0.918611,3136
1079208,1238520,158,0.918400,3136
1081200,1238520,157,0.917066,3136
1083304,1238520,157,0.915575,3136
1079288,1238520,157,0.918348,3136
1080520,1238520,156,0.917516,3152
1079200,1238520,156,0.918427,3152
1080040,1238520,155,0.917870,3152
1078736,1238520,155,0.918762,3152
1080560,1238520,155,0.917521,3152
1077240,1238520,156,0.919723,3112
1079296,1238520,156,0.918358,3112
1077408,1238520,156,0.919626,3096
1075480,1238520,157,0.920840,3096
1078384,1238520,156,0.918987,3112
1078976,1238520,155,0.918569,3160
1075336,1238520,155,0.920919,3160
1074864,1238520,155,0.921254,3136
1076400,1238520,154,0.920275,3176
1078432,1238520,153,0.918976,3176
1076088,1238520,154,0.920481,3160
1078256,1238520,154,0.919070,3160
1076776,1238520,154,0.920048,3160
1080776,1238520,154,0.917402,3160
1078080,1238520,153,0.919246,3160
1074096,1238520,153,0.921781,3136
1075264,1238520,152,0.921063,3144
1072584,1238520,152,0.922710,3144
1072880,1238520,151,0.922534,3144
1069432,1238520,151,0.924556,3144
1073024,1238520,151,0.922449,3144
1074744,1238520,151,0.921382,3144
1073248,1238520,152,0.922286,3144
1071296,1238520,152,0.923464,3144
1069496,1238520,153,0.924516,3104
1070288,1238520,152,0.924039,3152
1071352,1238520,151,0.923422,3160
1070600,1238520,152,0.923856,3160
1070728,1238520,151,0.923783,3160
1073952,1238520,151,0.921854,3160
1071112,1238520,152,0.923533,3160
1073144,1238520,151,0.922334,3168
1073088,1238520,151,0.922396,3168
1073456,1238520,150,0.922172,3176
1072032,1238520,150,0.923063,3144
1068000,1238520,149,0.925408,3144
1064512,1238520,150,0.927280,3144
1067184,1238520,150,0.925828,3144
1069568,1238520,150,0.924480,3144
1071800,1238520,150,0.923171,3144
1070728,1238520,150,0.923819,3144
1074488,1238520,150,0.921567,3144
1073880,1238520,151,0.921941,3136
1071688,1238520,151,0.923269,3136
1072936,1238520,151,0.922506,3136
1075904,1238520,151,0.920671,3136
1074976,1238520,152,0.921274,3088
1078632,1238520,152,0.918935,3088
1077200,1238520,153,0.919860,3080
1080720,1238520,153,0.917526,3080
1080496,1238520,154,0.917677,3080
1081672,1238520,154,0.916848,3080
1080808,1238520,154,0.917478,3064
1084792,1238520,154,0.914668,3064
1084608,1238520,154,0.914835,3064
1080856,1238520,154,0.917478,3064
1084304,1238520,153,0.915081,3072
1084640,1238520,152,0.914806,3120
1081760,1238520,153,0.916826,3120
1085328,1238520,153,0.914274,3120
1084968,1238520,154,0.914535,3120
1084040,1238520,154,0.915258,3088
1085816,1238520,154,0.913941,3088
1088704,1238520,154,0.911734,3088
1085824,1238520,154,0.913935,3088
1088776,1238520,154,0.911678,3088
1087544,1238520,155,0.912631,3072
1083968,1238520,156,0.915252,3072
1081824,1238520,157,0.916749,3072
1083288,1238520,156,0.915710,3104
1085368,1238520,156,0.914187,3104
1089272,1238520,156,0.911206,3104
1085624,1238520,156,0.914000,3104
1086952,1238520,156,0.912981,3104
1085168,1238520,156,0.914332,3104
1088656,1238520,155,0.911722,3104
1086832,1238520,156,0.913106,3104
1089728,1238520,156,0.910849,3104
1086512,1238520,156,0.912041,3104
1083496,1238520,156,0.914293,3104
1085608,1238520,156,0.912718,3104
1089344,1238520,156,0.909814,3104
1085608,1238520,157,0.912682,3104
1084992,1238520,157,0.913202,3064
1087992,1238520,157,0.910904,3064
1084400,1238520,157,0.913635,3064
1085592,1238520,157,0.912724,3064
1088712,1238520,157,0.910306,3064
1087864,1238520,157,0.911003,3064
1089536,1238520,156,0.909687,3072
1088056,1238520,156,0.910886,3072
1088368,1238520,155,0.910643,3072
1087336,1238520,155,0.911476,3072
1085696,1238520,155,0.912748,3072
1089648,1238520,155,0.909674,3072
1093696,1238520,155,0.906293,3072
1091448,1238520,155,0.908252,3032
1089264,1238520,154,0.910086,3032
1088072,1238520,153,0.911090,3032
1087232,1238520,153,0.911769,3032
1091320,1238520,153,0.908514,3032
1089352,1238520,154,0.910117,3000
1089224,1238520,155,0.910218,3000
1090800,1238520,154,0.908936,3032
1092552,1238520,154,0.907457,3032
1093704,1238520,154,0.906444,3032
1094776,1238520,153,0.905513,3040
1097560,1238520,152,0.903026,3040
1096576,1238520,152,0.903970,3032
1099984,1238520,151,0.900805,3032
1096808,1238520,151,0.903833,3000
1098536,1238520,150,0.902249,3000
1096520,1238520,150,0.904135,3000
1093400,1238520,150,0.906892,3000
1091936,1238520,151,0.908140,2968
1090192,1238520,151,0.909591,2968
1090504,1238520,150,0.909335,2976
1088680,1238520,150,0.910811,2976
1087048,1238520,150,0.912126,2936
1089912,1238520,150,0.909877,2936
1089488,1238520,151,0.910218,2928
1092488,1238520,151,0.907757,2928
1093416,1238520,150,0.906953,2960
1089920,1238520,150,0.909852,2960
1088744,1238520,151,0.910780,2952
1091640,1238520,151,0.908435,2952
1089936,1238520,151,0.909877,2912
1093384,1238520,150,0.907054,2920
1089672,1238520,150,0.910117,2920
1091384,1238520,150,0.908709,2920
1092872,1238520,149,0.907477,2928
1096480,1238520,149,0.904321,2928
1099888,1238520,149,0.901134,2928
1100360,1238520,148,0.900674,2936
1097080,1238520,148,0.903775,2936
1095440,1238520,148,0.905283,2928
1091952,1238520,149,0.908238,2928
1094288,1238520,149,0.906239,2928
1090536,1238520,150,0.909348,2928
1090240,1238520,150,0.909623,2928
1091920,1238520,150,0.908225,2928
1093304,1238520,149,0.907041,2968
1094280,1238520,149,0.906170,2968
1090832,1238520,150,0.909046,2960
1093208,1238520,150,0.907048,2960
1090304,1238520,151,0.909444,2944
1093480,1238520,151,0.906791,2944
1097344,1238520,151,0.903355,2944
1096784,1238520,151,0.903912,2936
1093544,1238520,151,0.906784,2936
1092056,1238520,151,0.908067,2936
1090760,1238520,151,0.909181,2912
1094800,1238520,150,0.905798,2928
1098256,1238520,149,0.902709,2928
1099296,1238520,149,0.901695,2928
1098136,1238520,150,0.902783,2920
1094408,1238520,151,0.906101,2920
1096128,1238520,151,0.904556,2920
1093424,1238520,151,0.906940,2920
1094304,1238520,150,0.906191,2920
1094944,1238520,149,0.905638,2920
1093520,1238520,150,0.906858,2920
1093968,1238520,149,0.906471,2928
1094856,1238520,148,0.905694,2944
1093624,1238520,147,0.906838,2936
1096624,1238520,147,0.904185,2936
1095128,1238520,148,0.905506,2936
1095064,1238520,149,0.905562,2936
1091776,1238520,150,0.908337,2936
1093608,1238520,150,0.906770,2936
1095408,1238520,150,0.905178,2936
1092104,1238520,151,0.907988,2936
1089320,1238520,152,0.910230,2936
1087488,1238520,153,0.911653,2928
1087352,1238520,154,0.911757,2928
1086384,1238520,154,0.912527,2920
1089352,1238520,154,0.910218,2920
1092744,1238520,154,0.907430,2920
1093824,1238520,154,0.906478,2920
1090160,1238520,154,0.909572,2880
1093856,1238520,153,0.906498,2912
1095440,1238520,153,0.905086,2912
1095768,1238520,152,0.904797,2912
1098200,1238520,152,0.902554,2912
1098136,1238520,153,0.902613,2912
1101728,1238520,153,0.899127,2912
1097680,1238520,153,0.903033,2912
1096616,1238520,154,0.903999,2912
1092624,1238520,155,0.907470,2896
1096016,1238520,155,0.904507,2896
1094512,1238520,155,0.905881,2880
1095224,1238520,155,0.905220,2880
1094672,1238520,156,0.905714,2864
1091048,1238520,157,0.908754,2864
1092840,1238520,156,0.907236,2912
1090864,1238520,156,0.908904,2912
1091360,1238520,155,0.908500,2912
1090768,1238520,155,0.909059,2864
1094240,1238520,155,0.906129,2864
1090784,1238520,156,0.909007,2864
1091280,1238520,155,0.908605,2864
1088096,1238520,156,0.911127,2864
1090872,1238520,155,0.908929,2872
1094880,1238520,154,0.905569,2872
1091736,1238520,154,0.908265,2872
1094816,1238520,154,0.905624,2872
1094496,1238520,155,0.905901,2872
1092904,1238520,156,0.907256,2872
1095512,1238520,156,0.904974,2872
1092208,1238520,156,0.907836,2872
1092232,1238520,155,0.907816,2872
1093784,1238520,154,0.906505,2880
1091272,1238520,154,0.908663,2848
1094520,1238520,154,0.905901,2848
1095208,1238520,153,0.905304,2848
1096792,1238520,152,0.903891,2856
1095128,1238520,152,0.905422,2840
1093360,1238520,152,0.906994,2824
1090640,1238520,152,0.909271,2824
1093744,1238520,152,0.906669,2824
1090648,1238520,152,0.909265,2824
1092088,1238520,151,0.908094,2824
1093496,1238520,150,0.906906,2840
1091768,1238520,150,0.908383,2840
1089328,1238520,150,0.910375,2840
1091112,1238520,150,0.908917,2840
1094072,1238520,150,0.906417,2840
1095040,1238520,150,0.905541,2840
1094072,1238520,150,0.906417,2840
1096088,1238520,150,0.904620,2840
1092792,1238520,151,0.907457,2840
1089832,1238520,151,0.909902,2840
1091976,1238520,151,0.908133,2840
1093480,1238520,150,0.906865,2856
1091336,1238520,149,0.908722,2856
1094864,1238520,149,0.905721,2856
1092032,1238520,149,0.908153,2856
1095656,1238520,149,0.905030,2856
1095328,1238520,150,0.905318,2856
1097784,1238520,149,0.903114,2864
1094328,1238520,149,0.906218,2864
1096704,1238520,149,0.904092,2864
1094952,1238520,149,0.905680,2864
1096472,1238520,148,0.904321,2888
1094944,1238520,148,0.905708,2888
1098984,1238520,147,0.902070,2888
1095528,1238520,148,0.905199,2888
1098552,1238520,148,0.902428,2888
1098464,1238520,148,0.902554,2888
1099280,1238520,147,0.901793,2888
1095280,1238520,148,0.905415,2888
1096144,1238520,148,0.904613,2888
1093648,1238520,148,0.906818,2888
1090304,1238520,148,0.909604,2888
1087576,1238520,149,0.911763,2840
1085880,1238520,150,0.913055,2808
1081928,1238520,150,0.915907,2808
1084432,1238520,150,0.914110,2808
1081592,1238520,150,0.916138,2808
1077528,1238520,151,0.918835,2808
1080920,1238520,150,0.916574,2840
1077800,1238520,150,0.918670,2840
1075712,1238520,149,0.920055,2840
1079560,1238520,149,0.917551,2840
1077144,1238520,149,0.919152,2840
1078992,1238520,148,0.917936,2872
1081264,1238520,148,0.916384,2872
1081976,1238520,148,0.915863,2872
1079216,1238520,148,0.917757,2872
1076816,1238520,148,0.919341,2872
1076040,1238520,147,0.919905,2848
1073824,1238520,147,0.921297,2848
1077544,1238520,147,0.918953,2848
1074800,1238520,147,0.920703,2848
1077032,1238520,147,0.919280,2848
1074920,1238520,148,0.920600,2848
1072808,1238520,149,0.921877,2848
1070400,1238520,149,0.923312,2848
1072216,1238520,149,0.922228,2848
1070416,1238520,149,0.923302,2848
1071224,1238520,149,0.922808,2848
1072720,1238520,149,0.921901,2848
1071256,1238520,150,0.922766,2840
1070584,1238520,150,0.923183,2840
1074176,1238520,150,0.921030,2840
1076016,1238520,150,0.919865,2840
1077176,1238520,150,0.919101,2840
1079064,1238520,150,0.917847,2840
1076568,1238520,151,0.919457,2840
1076680,1238520,150,0.919386,2840
1080712,1238520,150,0.916715,2840
1083104,1238520,150,0.915032,2840
1083632,1238520,149,0.914659,2840
1084032,1238520,148,0.914368,2848
1083936,1238520,148,0.914471,2848
1086064,1238520,148,0.912890,2848
1089960,1238520,148,0.909871,2848
1090616,1238520,147,0.909342,2856
1089864,1238520,148,0.909947,2848
1090232,1238520,147,0.909648,2856
1087936,1238520,147,0.911476,2856
1091024,1238520,146,0.909026,2888
1089344,1238520,147,0.910362,2888
1086736,1238520,146,0.912432,2888
1087856,1238520,146,0.911550,2888
1084840,1238520,147,0.913792,2888
1088304,1238520,146,0.911176,2928
1089616,1238520,146,0.910117,2928
1086080,1238520,146,0.912854,2928
1090152,1238520,146,0.909693,2928
1087496,1238520,147,0.911757,2928
1084624,1238520,148,0.913885,2928
1086592,1238520,148,0.912402,2928
1089904,1238520,147,0.909814,2976
1088704,1238520,147,0.910799,2968
1092016,1238520,147,0.908114,2968
1090888,1238520,147,0.909072,2968
1091000,1238520,146,0.908981,2968
1087568,1238520,146,0.911708,2968
1091000,1238520,145,0.909001,2992
1090288,1238520,146,0.909572,2992
1092944,1238520,145,0.907403,2992
1090224,1238520,145,0.909661,2992
1092168,1238520,145,0.908048,2992
1091232,1238520,145,0.908852,2992
1094128,1238520,144,0.906423,3016
1093496,1238520,145,0.906960,3016
1094472,1238520,145,0.906087,3016
1092088,1238520,145,0.908133,3016
1093904,1238520,145,0.906573,3016
1093272,1238520,146,0.907108,3016
1096648,1238520,146,0.904135,3016
1094360,1238520,146,0.906184,3016
1097224,1238520,145,0.903652,3024
1093488,1238520,145,0.906967,3016
1095696,1238520,145,0.905023,3016
1091856,1238520,145,0.908324,3016
1088376,1238520,145,0.881941,3016
1087784,1238520,146,0.882544,3016
1088200,1238520,145,0.882121,3016
1086536,1238520,146,0.883810,3000
1082800,1238520,147,0.887398,3000
1086288,1238520,147,0.884008,3000
1087784,1238520,146,0.882479,3032
1091480,1238520,145,0.878565,3072
1091720,1238520,144,0.878305,3072
1090616,1238520,145,0.879536,3032
1088192,1238520,145,0.882113,3032
1086864,1238520,145,0.883500,3032
1090200,1238520,145,0.880028,3032
1093512,1238520,145,0.876370,3032
1093144,1238520,146,0.876791,3024
1094920,1238520,146,0.874724,3024
1094432,1238520,147,0.875320,2992
1097552,1238520,147,0.871598,2992
1094808,1238520,148,0.874835,2992
1094472,1238520,149,0.875229,2984
1097696,1238520,149,0.871375,2984
1100064,1238520,149,0.868372,2984
1098528,1238520,149,0.870356,2984
1101120,1238520,149,0.867015,2984
1104728,1238520,149,0.862094,2984
1103896,1238520,149,0.863366,2944
1107776,1238520,149,0.857763,2944
1106168,1238520,150,0.860135,2928
1103272,1238520,150,0.864238,2928
1101632,1238520,151,0.866421,2928
1099872,1238520,152,0.868748,2880
1102848,1238520,151,0.864820,2920
1103064,1238520,150,0.864529,2920
1099184,1238520,150,0.869622,2920
1102832,1238520,150,0.864841,2920
1104848,1238520,150,0.862016,2920
1108816,1238520,150,0.856166,2920
1106944,1238520,150,0.859023,2920
1107168,1238520,149,0.858696,2920
1104320,1238520,149,0.862816,2920
1102840,1238520,150,0.864884,2880
1105000,1238520,150,0.861859,2880
1105040,1238520,149,0.861803,2880
1102248,1238520,149,0.865673,2880
1103424,1238520,148,0.864075,2896
1101576,1238520,147,0.866661,2896
1101008,1238520,148,0.867399,2896
1096912,1238520,149,0.872482,2896
1098104,1238520,149,0.870985,2896
1100656,1238520,149,0.867728,2896
1104160,1238520,149,0.863004,2896
1102208,1238520,148,0.865768,2896
1098192,1238520,148,0.870936,2896
1100376,1238520,148,0.868148,2896
1104200,1238520,148,0.863015,2896
1100360,1238520,149,0.868107,2896
1103672,1238520,149,0.863673,2896
1102264,1238520,150,0.865599,2872
1101864,1238520,150,0.866201,2864
1099360,1238520,151,0.869412,2864
1100304,1238520,150,0.868219,2864
1102832,1238520,150,0.864852,2864
1106184,1238520,150,0.860135,2864
1102792,1238520,150,0.864906,2864
1105896,1238520,149,0.860615,2864
1102928,1238520,150,0.864723,2864
1106440,1238520,150,0.859766,2864
1105464,1238520,151,0.861161,2864
1105976,1238520,150,0.860421,2872
1103384,1238520,150,0.864097,2872
1104296,1238520,149,0.862849,2872
1100728,1238520,149,0.865258,2872
1097504,1238520,149,0.869408,2872
1095376,1238520,149,0.872030,2872
1091680,1238520,150,0.876293,2832
1092720,1238520,150,0.875081,2832
1092896,1238520,149,0.874874,2840
1096624,1238520,148,0.870510,2848
1098272,1238520,147,0.868447,2880
1096944,1238520,148,0.870083,2880
1097296,1238520,147,0.869653,2880
1094496,1238520,148,0.872995,2880
1094528,1238520,147,0.872958,2880
1090936,1238520,148,0.877004,2880
1094184,1238520,148,0.873301,2880
1092600,1238520,149,0.875108,2880
1090016,1238520,150,0.877947,2880
1092112,1238520,149,0.875628,2904
1089656,1238520,150,0.878316,2896
1085648,1238520,150,0.882496,2896
1082160,1238520,150,0.885914,2896
1079688,1238520,150,0.888230,2896
1080616,1238520,149,0.887344,2944
1081984,1238520,149,0.886034,2944
1082416,1238520,148,0.885628,2944
1081520,1238520,148,0.886526,2928
1083000,1238520,147,0.885097,2968
1082248,1238520,147,0.885853,2968
1080752,1238520,147,0.887285,2968
1080880,1238520,146,0.887168,2968
1082800,1238520,145,0.885371,2976
1082304,1238520,146,0.885838,2976
1082704,1238520,145,0.885424,3016
1086152,1238520,145,0.882017,3016
1082976,1238520,146,0.885120,3016
1085928,1238520,145,0.882225,3032
1086400,1238520,144,0.881727,3056
1084384,1238520,144,0.883772,3056
1082352,1238520,145,0.885718,3056
1083752,1238520,144,0.884354,3088
1084912,1238520,144,0.883177,3088
1084448,1238520,145,0.883648,3072
1080752,1238520,145,0.887220,3040
1081696,1238520,145,0.886303,3040
1083432,1238520,145,0.884615,3040
1081400,1238520,146,0.886541,3032
1079360,1238520,147,0.888403,3032
1075456,1238520,148,0.891801,3032
1075712,1238520,147,0.891578,3040
1071672,1238520,148,0.894896,3040
1071632,1238520,149,0.894928,3040
1068616,1238520,149,0.897311,3040
1069920,1238520,149,0.896273,3040
1071088,1238520,149,0.895321,3040
1070704,1238520,149,0.895662,3040
1073352,1238520,149,0.893502,3040
1076096,1238520,149,0.891169,3040
1076696,1238520,148,0.890655,3040
1078440,1238520,148,0.889088,3040
1074792,1238520,148,0.892271,3040
1077592,1238520,148,0.889835,3040
1074160,1238520,149,0.892758,3040
1072184,1238520,148,0.894449,3040
1073256,1238520,148,0.893541,3040
1072392,1238520,148,0.894281,3040
1073928,1238520,148,0.892989,3040
1070224,1238520,149,0.895962,3040
1073736,1238520,149,0.893108,3040
1071152,1238520,150,0.895220,3008
1071112,1238520,151,0.895252,3008
1071568,1238520,150,0.894871,3032
1072176,1238520,149,0.894365,3056
1073720,1238520,149,0.893069,3056
1070816,1238520,149,0.895448,3056
1069328,1238520,150,0.896613,3048
1071448,1238520,149,0.894922,3088
1075168,1238520,149,0.891835,3088
1071512,1238520,148,0.894909,3088
1073352,1238520,148,0.893384,3088
1069312,1238520,149,0.896607,3072
1071368,1238520,148,0.894985,3088
1069272,1238520,149,0.896644,3064
1072120,1238520,149,0.894365,3064
1070032,1238520,150,0.896018,3064
1073464,1238520,149,0.893273,3064
1073112,1238520,150,0.893561,3064
1073152,1238520,149,0.893528,3064
1071184,1238520,149,0.895151,3064
1073720,1238520,148,0.893062,3112
1069920,1238520,148,0.896143,3112
1072136,1238520,148,0.894352,3112
1070416,1238520,148,0.895756,3112
1066864,1238520,148,0.898502,3112
1068680,1238520,148,0.897098,3112
1072656,1238520,148,0.893932,3112
1069000,1238520,149,0.896816,3112
1067328,1238520,150,0.898090,3104
1068832,1238520,150,0.896915,3104
1069712,1238520,149,0.896236,3104
1066400,1238520,149,0.898780,3104
1064864,1238520,149,0.899965,3064
1068040,1238520,148,0.897621,3064
1071856,1238520,148,0.894615,3064
1071360,1238520,149,0.895011,3064
1069000,1238520,149,0.896890,3064
1070648,1238520,149,0.895574,3064
1072208,1238520,149,0.894294,3064
1070280,1238520,150,0.895831,3056
1071608,1238520,150,0.894743,3056
1069240,1238520,150,0.896638,3056
1070976,1238520,150,0.895246,3056
1067664,1238520,150,0.897838,3056
1069144,1238520,150,0.896675,3056
1067328,1238520,150,0.898090,3056
1064216,1238520,150,0.900402,3056
1067584,1238520,150,0.897898,3056
1070224,1238520,150,0.895837,3056
1068120,1238520,149,0.897530,3056
1071384,1238520,149,0.894960,3056
1069712,1238520,150,0.896273,3056
1070432,1238520,149,0.895693,3080
1069824,1238520,150,0.896174,3072
1073024,1238520,149,0.893600,3104
1071272,1238520,150,0.895011,3104
1071568,1238520,149,0.894775,3104
1069792,1238520,149,0.896211,3104
1067768,1238520,150,0.897759,3104
1063944,1238520,150,0.900596,3104
1066760,1238520,150,0.898513,3104
1070672,1238520,149,0.895511,3120
1070864,1238520,148,0.895359,3120
1067512,1238520,148,0.897976,3120
1066656,1238520,149,0.898650,3072
1068504,1238520,149,0.897226,3072
1068472,1238520,150,0.897251,3072
1072552,1238520,150,0.894010,3072
1071416,1238520,150,0.894960,3072
1075248,1238520,149,0.891814,3080
1073416,1238520,149,0.893378,3080
1070888,1238520,149,0.895448,3080
1068784,1238520,149,0.897116,3080
1069640,1238520,148,0.896422,3128
1070368,1238520,147,0.895831,3160
1066920,1238520,147,0.898496,3160
1069088,1238520,147,0.896823,3160
1069384,1238520,146,0.896595,3160
1071800,1238520,145,0.894660,3208
1068488,1238520,145,0.897281,3208
1069976,1238520,145,0.896099,3208
1066744,1238520,146,0.898555,3208
1068608,1238520,146,0.897116,3208
1066424,1238520,146,0.898792,3208
1068872,1238520,146,0.896915,3208
1064952,1238520,146,0.899867,3208
1064360,1238520,147,0.900299,3200
1066768,1238520,147,0.898507,3200
1067664,1238520,147,0.897802,3200
1066840,1238520,147,0.898472,3176
1070648,1238520,146,0.895523,3224
1068472,1238520,146,0.897244,3224
1069896,1238520,146,0.896112,3224
1068168,1238520,146,0.897475,3224
1072120,1238520,146,0.894352,3224
1072048,1238520,147,0.894410,3224
1073608,1238520,147,0.893102,3224
1070688,1238520,147,0.895492,3224
1071960,1238520,146,0.894461,3248
1070248,1238520,146,0.895856,3248
1071392,1238520,146,0.894915,3248
1067696,1238520,147,0.897778,3248
1067512,1238520,148,0.897916,3248
1070136,1238520,148,0.895868,3248
1068080,1238520,148,0.897487,3248
1070592,1238520,148,0.895511,3248
1067552,1238520,148,0.897886,3248
1070744,1238520,147,0.895397,3288
1070864,1238520,146,0.895302,3288
1068536,1238520,145,0.897190,3280
1070928,1238520,145,0.895296,3280
1070328,1238520,146,0.895787,3256
1073912,1238520,146,0.892864,3256
1072456,1238520,147,0.894055,3256
1075712,1238520,147,0.891313,3256
1072400,1238520,148,0.894100,3208
1072760,1238520,147,0.893809,3208
1068896,1238520,146,0.896933,3208
1070760,1238520,146,0.895448,3208
1067160,1238520,147,0.898210,3208
1068704,1238520,147,0.897006,3208
1067600,1238520,148,0.897844,3208
1070552,1238520,147,0.895548,3240
1068736,1238520,147,0.896994,3240
1069816,1238520,146,0.896143,3264
1068000,1238520,147,0.897536,3264
1070464,1238520,147,0.895599,3264
1068464,1238520,147,0.897184,3264
1069872,1238520,146,0.896062,3312
1066672,1238520,147,0.898519,3280
1064832,1238520,147,0.899902,3280
1062296,1238520,148,0.901734,3232
1058712,1238520,148,0.904199,3232
1059256,1238520,147,0.903838,3232
1059512,1238520,146,0.903661,3240
1055424,1238520,147,0.906321,3240
1057128,1238520,147,0.905199,3240
1059520,1238520,147,0.903592,3240
1062024,1238520,147,0.901851,3240
1061144,1238520,148,0.902458,3240
1063504,1238520,148,0.900778,3240
1061072,1238520,148,0.902508,3240
1057544,1238520,148,0.904898,3240
1059104,1238520,148,0.903838,3240
1058848,1238520,149,0.904024,3216
1060424,1238520,149,0.902933,3216
1062200,1238520,149,0.901678,3216
1060872,1238520,149,0.902628,3216
1059296,1238520,149,0.892256,3184
1057792,1238520,148,0.893439,3184
1056352,1238520,149,0.894482,3184
1055648,1238520,150,0.895013,3144
1059408,1238520,149,0.892250,3176
1061264,1238520,149,0.890808,3176
1064440,1238520,149,0.888275,3176
1065040,1238520,148,0.887790,3176
1065896,1238520,147,0.887072,3200
1064664,1238520,148,0.888095,3176
1066512,1238520,148,0.886544,3176
1066288,1238520,149,0.886730,3176
1067560,1238520,149,0.885628,3176
1066312,1238520,148,0.886750,3176
1070344,1238520,147,0.883290,3208
1066504,1238520,148,0.886604,3160
1066072,1238520,148,0.887026,3128
1068696,1238520,148,0.884787,3128
1070240,1238520,148,0.883409,3128
1069000,1238520,147,0.884567,3128
1070720,1238520,147,0.883030,3128
1069056,1238520,147,0.884519,3128
1070256,1238520,147,0.883437,3128
1067512,1238520,147,0.885830,3128
1068520,1238520,147,0.884937,3128
1067520,1238520,148,0.885803,3104
1067720,1238520,147,0.885635,3104
1065816,1238520,148,0.887243,3072
1063800,1238520,148,0.888908,3072
1060368,1238520,149,0.891570,3072
1060928,1238520,148,0.891139,3080
1060840,1238520,148,0.891242,3080
1059672,1238520,148,0.892167,3072
1061952,1238520,148,0.890395,3072
1060208,1238520,148,0.891764,3072
1062880,1238520,148,0.889672,3072
1064664,1238520,147,0.888236,3096
1066496,1238520,147,0.886703,3096
1070400,1238520,147,0.883339,3096
1067536,1238520,148,0.885797,3096
1065648,1238520,149,0.887361,3096
1061680,1238520,149,0.890549,3096
1061120,1238520,150,0.890986,3088
1064720,1238520,150,0.888120,3088
1065408,1238520,149,0.887563,3088
1066264,1238520,149,0.886822,3088
1062672,1238520,149,0.889753,3080
1065096,1238520,149,0.887784,3080
1062208,1238520,150,0.890078,3080
1061296,1238520,151,0.890783,3080
1064208,1238520,151,0.888461,3080
1066744,1238520,151,0.886352,3080
1063432,1238520,151,0.889079,3080
1064432,1238520,150,0.888262,3104
1061056,1238520,150,0.890949,3104
1063216,1238520,150,0.889231,3104
1061296,1238520,150,0.890771,3096
1061200,1238520,151,0.890845,3096
1061336,1238520,150,0.890740,3096
1063624,1238520,150,0.888914,3096
1060200,1238520,149,0.891643,3096
1057544,1238520,150,0.893615,3096
1060152,1238520,149,0.891643,3144
1061944,1238520,149,0.890234,3144
1060384,1238520,149,0.891467,3144
1064136,1238520,149,0.888506,3144
1065040,1238520,148,0.887771,3152
1063896,1238520,148,0.888730,3152
1062528,1238520,148,0.889847,3152
1061808,1238520,148,0.890463,3128
1059640,1238520,148,0.892149,3128
1058560,1238520,149,0.892969,3104
1056216,1238520,150,0.894671,3104
1060016,1238520,150,0.891848,3104
1060192,1238520,149,0.891715,3104
1059232,1238520,150,0.892436,3104
1060480,1238520,149,0.891498,3104
1064528,1238520,148,0.888339,3104
1068528,1238520,148,0.884991,3104
1069688,1238520,148,0.883953,3104
1072888,1238520,148,0.881066,3104
1069168,1238520,148,0.884402,3104
1066064,1238520,148,0.887053,3104
1062816,1238520,149,0.889659,3104
1064816,1238520,149,0.888030,3104
1061384,1238520,149,0.890771,3104
1063664,1238520,149,0.888952,3104
1066496,1238520,149,0.886617,3104
1069144,1238520,149,0.884340,3104
1066536,1238520,150,0.886584,3056
1064112,1238520,151,0.888557,3056
1062624,1238520,151,0.889772,3056
1059976,1238520,151,0.891842,3056
1061656,1238520,151,0.890525,3056
1058136,1238520,152,0.893176,3056
1058624,1238520,151,0.892798,3080
1058384,1238520,151,0.893017,3072
1058920,1238520,150,0.892596,3104
1058896,1238520,150,0.892650,3104
1059376,1238520,149,0.892256,3152
1060280,1238520,148,0.891576,3152
1061320,1238520,148,0.890746,3152
1061488,1238520,147,0.890617,3152
1060288,1238520,147,0.891570,3152
1063024,1238520,147,0.889421,3152
1060816,1238520,148,0.891132,3152
1061376,1238520,147,0.890691,3168
1059488,1238520,147,0.892161,3168
1057840,1238520,148,0.893381,3168
1057712,1238520,149,0.893475,3168
1058312,1238520,148,0.893022,3184
1060376,1238520,148,0.891443,3184
1058640,1238520,149,0.892745,3184
1061872,1238520,149,0.890258,3184
1060520,1238520,149,0.891346,3168
1058608,1238520,150,0.892780,3168
1055200,1238520,150,0.895279,3168
1058784,1238520,149,0.892673,3184
1059048,1238520,148,0.892471,3192
1059608,1238520,147,0.892035,3216
1062408,1238520,147,0.889854,3216
1060336,1238520,148,0.891449,3216
1060984,1238520,147,0.890943,3232
1059888,1238520,148,0.891776,3232
1060056,1238520,147,0.891649,3232
1058376,1238520,147,0.892940,3232
1056816,1238520,147,0.894114,3232
1055024,1238520,147,0.895426,3232
1057184,1238520,146,0.893847,3280
1057928,1238520,145,0.893293,3296
1060832,1238520,145,0.891084,3296
1059160,1238520,145,0.892382,3296
1060192,1238520,145,0.891570,3296
1059224,1238520,146,0.892304,3288
1060688,1238520,146,0.891163,3288
1057848,1238520,146,0.893340,3264
1059944,1238520,146,0.891746,3264
1056200,1238520,147,0.894499,3264
1058728,1238520,147,0.892620,3264
1057592,1238520,148,0.893457,3264
1059928,1238520,148,0.891685,3264
1057768,1238520,149,0.893293,3264
1059376,1238520,148,0.892071,3304
1058968,1238520,149,0.892376,3304
1061136,1238520,149,0.890697,3304
1060960,1238520,150,0.890832,3304
1062856,1238520,149,0.889345,3320
1059728,1238520,150,0.891758,3320
1056120,1238520,150,0.894476,3280
1053712,1238520,149,0.896242,3280
1054632,1238520,148,0.895578,3312
1052248,1238520,148,0.897258,3312
1054648,1238520,148,0.895567,3312
1058512,1238520,148,0.892745,3312
1060360,1238520,147,0.891327,3352
1057968,1238520,147,0.893152,3352
1053976,1238520,148,0.896009,3352
1055896,1238520,147,0.894643,3368
1057752,1238520,147,0.893264,3368
1056744,1238520,147,0.894033,3368
1054368,1238520,148,0.895724,3368
1057000,1238520,148,0.893813,3368
1060080,1238520,148,0.891492,3368
1058000,1238520,149,0.893081,3320
1055104,1238520,150,0.895172,3320
1057944,1238520,150,0.893087,3320
1061992,1238520,150,0.889985,3320
1061384,1238520,150,0.890518,3288
1057656,1238520,151,0.893328,3280
1055384,1238520,150,0.895036,3280
1059328,1238520,149,0.892125,3328
1059696,1238520,148,0.891848,3328
1062320,1238520,148,0.889797,3328
1061288,1238520,148,0.890636,3328
1059704,1238520,147,0.891914,3328
1061168,1238520,146,0.890777,3360
1057968,1238520,147,0.893181,3360
1061168,1238520,146,0.890777,3360
1060856,1238520,147,0.891016,3360
1063288,1238520,147,0.889086,3360
1065416,1238520,146,0.887374,3360
1061368,1238520,147,0.890586,3360
1063544,1238520,147,0.888844,3360
1061184,1238520,146,0.890765,3360
1064600,1238520,146,0.888036,3360
1062752,1238520,147,0.889540,3320
1062912,1238520,146,0.889414,3320
1060176,1238520,146,0.891595,3280
1061456,1238520,146,0.890580,3280
1058680,1238520,147,0.892685,3272
1057072,1238520,148,0.893894,3232
1060024,1238520,147,0.891709,3232
1058520,1238520,148,0.892845,3216
1059736,1238520,147,0.891908,3256
1057640,1238520,147,0.893498,3256
1060768,1238520,147,0.891126,3256
1061704,1238520,146,0.890389,3280
1058656,1238520,146,0.892733,3280
1057536,1238520,147,0.893556,3280
1061320,1238520,147,0.890685,3280
1058944,1238520,147,0.892519,3280
1062624,1238520,147,0.889672,3280
1066296,1238520,147,0.886677,3280
1062472,1238520,148,0.889791,3232
1061584,1238520,149,0.890481,3232
1062488,1238520,149,0.889741,3232
1063104,1238520,148,0.889250,3240
1062248,1238520,148,0.889960,3240
1064200,1238520,148,0.888378,3240
1061488,1238520,148,0.890549,3240
1060008,1238520,148,0.891746,3200
1061840,1238520,147,0.890345,3200
1059192,1238520,148,0.892358,3200
1063184,1238520,148,0.889257,3200
1062920,1238520,149,0.889471,3192
1063016,1238520,148,0.889395,3192
1063152,1238520,147,0.889288,3192
1060928,1238520,148,0.891016,3192
1064296,1238520,148,0.888339,3192
1060496,1238520,148,0.891346,3192
1063184,1238520,148,0.889225,3192
1061248,1238520,149,0.890734,3192
1059656,1238520,150,0.891945,3192
1062936,1238520,150,0.889383,3192
1065888,1238520,150,0.886967,3192
1064104,1238520,149,0.888493,3192
1065560,1238520,149,0.887276,3192
1063416,1238520,149,0.889041,3192
1064344,1238520,148,0.888301,3192
1062608,1238520,148,0.889716,3192
1060192,1238520,148,0.891649,3144
1063640,1238520,148,0.888940,3144
1063344,1238520,149,0.889174,3144
1067408,1238520,149,0.885824,3144
1067520,1238520,148,0.885729,3144
1066688,1238520,149,0.886425,3144
1069856,1238520,149,0.883689,3144
1069416,1238520,150,0.884071,3144
1068240,1238520,151,0.885080,3144
1070536,1238520,150,0.883079,3160
1068368,1238520,150,0.884998,3160
1068168,1238520,151,0.885168,3160
1071296,1238520,151,0.882406,3160
1073392,1238520,151,0.880466,3160
1072584,1238520,152,0.881234,3128
1075448,1238520,152,0.878528,3128
1077632,1238520,152,0.876369,3128
1074744,1238520,152,0.879193,3128
1075368,1238520,152,0.878558,3128
1072440,1238520,151,0.881364,3128
1074232,1238520,150,0.879673,3176
1071416,1238520,150,0.882285,3176
1073312,1238520,149,0.880532,3216
1071856,1238520,149,0.881898,3216
1070392,1238520,150,0.883227,3184
1073752,1238520,150,0.880156,3184
1073736,1238520,151,0.880170,3184
1075624,1238520,150,0.878399,3184
1078288,1238520,150,0.875760,3184
1077208,1238520,151,0.876824,3184
1077856,1238520,151,0.876141,3184
1077248,1238520,152,0.876762,3160
1074632,1238520,151,0.879359,3160
1078296,1238520,151,0.875776,3160
1079176,1238520,150,0.874887,3168
1075584,1238520,151,0.878406,3168
1077384,1238520,151,0.876621,3168
1074256,1238520,152,0.879613,3168
1071944,1238520,152,0.881783,3160
1072976,1238520,151,0.880803,3208
1074600,1238520,150,0.879276,3232
1071232,1238520,150,0.882399,3232
1072896,1238520,149,0.880898,3232
1070896,1238520,149,0.882740,3232
1068880,1238520,150,0.884526,3200
1071048,1238520,150,0.882591,3200
1067008,1238520,150,0.886112,3200
1069664,1238520,149,0.883807,3248
1066816,1238520,149,0.886272,3248
1070912,1238520,149,0.882712,3248
1071576,1238520,149,0.882078,3248
1069696,1238520,150,0.883738,3248
1072624,1238520,150,0.881088,3248
1072600,1238520,150,0.881154,3248
1073368,1238520,150,0.880407,3248
1072416,1238520,151,0.881277,3248
1070792,1238520,152,0.882733,3248
1074680,1238520,152,0.879141,3248
1078408,1238520,152,0.875481,3248
1075272,1238520,152,0.878581,3248
1074952,1238520,152,0.878930,3248
1072112,1238520,152,0.881596,3248
1072256,1238520,151,0.881466,3248
1072496,1238520,150,0.881248,3248
1068904,1238520,151,0.884423,3248
1067880,1238520,151,0.885345,3240
1069584,1238520,150,0.883870,3256
1066184,1238520,150,0.886789,3256
1069432,1238520,149,0.884016,3288
1071880,1238520,149,0.881812,3288
1070936,1238520,149,0.882733,3248
1073288,1238520,149,0.880569,3248
1074712,1238520,148,0.879238,3256
1070928,1238520,147,0.882776,3256
1073120,1238520,147,0.880759,3256
1069400,1238520,146,0.884154,3256
1071304,1238520,146,0.882442,3256
1067536,1238520,147,0.885723,3232
1070040,1238520,147,0.883535,3232
1068616,1238520,148,0.884766,3232
1071864,1238520,148,0.881877,3232
1070504,1238520,149,0.883086,3232
1072832,1238520,149,0.880957,3232
1069992,1238520,150,0.883493,3232
1070832,1238520,149,0.882754,3232
1068032,1238520,149,0.885223,3232
1064272,1238520,149,0.888365,3232
1066632,1238520,149,0.886398,3232
1065984,1238520,149,0.886987,3216
1068912,1238520,148,0.884492,3256
1069976,1238520,147,0.883563,3264
1069264,1238520,148,0.884182,3264
1071408,1238520,148,0.882257,3264
1068504,1238520,148,0.884834,3264
1064848,1238520,149,0.887875,3264
1063432,1238520,150,0.889029,3240
1065176,1238520,150,0.887589,3240
1069200,1238520,149,0.884182,3280
1071632,1238520,149,0.881999,3280
1070488,1238520,149,0.883072,3264
1072752,1238520,149,0.881001,3264
1068752,1238520,148,0.884622,3264
1065576,1238520,149,0.887282,3264
1062312,1238520,150,0.889891,3264
1062968,1238520,149,0.889376,3264
1066208,1238520,148,0.886743,3288
1066440,1238520,147,0.886538,3304
1062440,1238520,147,0.889797,3304
1060208,1238520,147,0.891552,3304
1061632,1238520,146,0.890463,3304
1063272,1238520,145,0.889155,3336
1063096,1238520,146,0.889301,3328
1065264,1238520,146,0.887524,3328
1063720,1238520,147,0.888768,3328
1066264,1238520,147,0.886664,3328
1065864,1238520,148,0.887000,3320
1062240,1238520,149,0.889904,3320
1062288,1238520,148,0.889866,3320
1064264,1238520,148,0.888262,3320
1061848,1238520,147,0.890246,3320
1061336,1238520,147,0.890697,3296
1062840,1238520,146,0.889515,3312
1063024,1238520,145,0.889370,3312
1059776,1238520,146,0.891896,3280
1059896,1238520,145,0.891794,3296
1058952,1238520,146,0.892501,3296
1059248,1238520,145,0.892280,3296
1057488,1238520,145,0.893615,3296
1060952,1238520,145,0.890992,3296
1057576,1238520,146,0.893551,3248
1059616,1238520,146,0.892005,3248
1059568,1238520,147,0.892041,3248
1058032,1238520,148,0.893181,3248
1055136,1238520,149,0.895268,3248
1055344,1238520,148,0.895121,3248
1057512,1238520,148,0.893527,3248
1055240,1238520,149,0.895160,3248
1054840,1238520,149,0.895482,3240
1055536,1238520,148,0.894979,3256
1059288,1238520,147,0.892215,3296
1058920,1238520,147,0.892531,3288
1060472,1238520,146,0.891340,3320
1063256,1238520,146,0.889143,3320
1061352,1238520,146,0.890666,3320
1058792,1238520,146,0.892638,3320
1061912,1238520,145,0.890265,3328
1062720,1238520,144,0.889628,3336
1061176,1238520,145,0.890826,3336
1063768,1238520,145,0.888762,3336
1062792,1238520,146,0.889572,3288
1064656,1238520,146,0.888049,3288
1062592,1238520,146,0.889728,3288
1065440,1238520,146,0.887413,3288
1064832,1238520,145,0.887985,3288
1065744,1238520,144,0.887217,3320
1061928,1238520,145,0.890258,3320
1062800,1238520,145,0.889540,3320
1059128,1238520,145,0.892388,3320
1059472,1238520,144,0.892125,3328
1057928,1238520,144,0.893311,3320
1056344,1238520,145,0.894465,3312
1056592,1238520,144,0.894287,3312
1060512,1238520,144,0.891352,3312
1059896,1238520,145,0.891824,3304
1056448,1238520,146,0.894367,3296
1053328,1238520,147,0.896568,3288
1054208,1238520,147,0.895925,3288
1050376,1238520,147,0.898568,3280
1047920,1238520,147,0.900201,3280
1049184,1238520,147,0.899352,3280
1048088,1238520,148,0.900072,3264
1047992,1238520,149,0.900134,3264
1045496,1238520,149,0.901741,3264
1043640,1238520,150,0.902882,3264
1040712,1238520,150,0.904657,3264
1041312,1238520,149,0.904290,3288
1043160,1238520,148,0.903182,3296
1041656,1238520,149,0.904091,3280
1043448,1238520,148,0.902989,3328
1045624,1238520,147,0.901637,3352
1049104,1238520,147,0.899388,3352
1050544,1238520,146,0.898441,3352
1054128,1238520,146,0.895970,3352
1052912,1238520,147,0.896838,3312
1050856,1238520,146,0.898302,3296
1050672,1238520,147,0.898425,3296
1051800,1238520,146,0.897664,3304
1054208,1238520,146,0.895981,3304
1055768,1238520,145,0.894859,3336
1054912,1238520,146,0.895465,3336
1055376,1238520,145,0.895121,3360
1059352,1238520,145,0.892191,3360
1058448,1238520,145,0.892899,3360
1062528,1238520,145,0.889760,3360
1065552,1238520,145,0.887302,3360
1061632,1238520,145,0.890457,3360
1061432,1238520,146,0.890611,3360
1059104,1238520,146,0.892442,3320
1060144,1238520,145,0.891625,3368
1062856,1238520,145,0.889496,3368
1063864,1238520,145,0.888659,3368
1061016,1238520,146,0.890888,3368
1064912,1238520,146,0.887778,3368
1062480,1238520,146,0.889753,3368
1063856,1238520,145,0.888653,3384
1060904,1238520,145,0.891010,3368
1062768,1238520,145,0.889528,3368
1061928,1238520,145,0.890221,3368
1063040,1238520,144,0.889345,3376
1062000,1238520,145,0.890196,3328
1063816,1238520,145,0.888730,3328
1063216,1238520,145,0.889244,3328
1064744,1238520,144,0.888017,3336
1064720,1238520,144,0.888075,3336
1066288,1238520,143,0.886776,3360
1063200,1238520,143,0.889332,3328
1065760,1238520,143,0.887236,3328
1062224,1238520,144,0.890059,3328
1063576,1238520,143,0.888991,3336
1060296,1238520,143,0.891570,3336
1061408,1238520,142,0.890685,3384
1058432,1238520,142,0.892963,3384
1058616,1238520,141,0.892828,3384
1057328,1238520,141,0.893807,3384
1055376,1238520,141,0.895240,3384
1057216,1238520,141,0.893888,3384
1053928,1238520,141,0.896253,3384
1057872,1238520,141,0.893410,3384
1058384,1238520,140,0.893022,3400
1055432,1238520,140,0.895211,3368
1055520,1238520,139,0.895149,3368
1055336,1238520,140,0.895279,3368
1053256,1238520,140,0.896761,3368
1054720,1238520,139,0.895724,3400
1052864,1238520,140,0.897007,3400
1049800,1238520,140,0.899095,3392
1049976,1238520,139,0.898975,3400
1049008,1238520,139,0.899638,3400
1052360,1238520,139,0.897383,3400
1056264,1238520,139,0.894631,3400
1057264,1238520,139,0.893876,3400
1055544,1238520,140,0.895109,3400
1053976,1238520,141,0.896225,3376
1056080,1238520,140,0.894717,3416
1059088,1238520,139,0.892507,3440
1056872,1238520,139,0.894166,3440
1057968,1238520,139,0.893334,3440
1054856,1238520,139,0.895600,3440
1056408,1238520,138,0.894499,3440
1053384,1238520,138,0.896656,3440
1056824,1238520,138,0.894200,3440
1054064,1238520,139,0.896153,3440
1055472,1238520,139,0.895132,3440
1053912,1238520,139,0.896259,3440
1056232,1238520,139,0.894591,3440
1054680,1238520,139,0.895729,3432
1058728,1238520,139,0.892780,3432
1058072,1238520,140,0.893264,3432
1056240,1238520,140,0.894625,3432
1053920,1238520,140,0.896292,3432
1056376,1238520,139,0.894557,3440
1058344,1238520,139,0.893093,3440
1054296,1238520,139,0.896025,3440
1053104,1238520,140,0.896849,3440
1049248,1238520,141,0.899451,3400
1047144,1238520,141,0.900833,3400
1047344,1238520,140,0.900696,3416
1046416,1238520,141,0.901312,3368
1046224,1238520,141,0.901462,3368
1046048,1238520,142,0.901577,3360
1049408,1238520,142,0.899404,3360
1049472,1238520,141,0.899362,3360
1051976,1238520,141,0.897670,3360
1053104,1238520,141,0.896871,3360
1053952,1238520,141,0.896253,3360
1050872,1238520,141,0.898377,3360
1052752,1238520,140,0.897084,3400
1054360,1238520,139,0.895964,3416
1053088,1238520,140,0.896843,3416
1055656,1238520,140,0.895019,3416
1055936,1238520,139,0.894820,3416
1054864,1238520,140,0.895578,3416
1058744,1238520,139,0.892768,3432
1057848,1238520,140,0.893428,3432
1059352,1238520,139,0.892286,3472
1058904,1238520,140,0.892626,3464
1061504,1238520,140,0.890623,3464
1058544,1238520,141,0.892857,3464
1056152,1238520,142,0.894597,3464
1056968,1238520,142,0.893975,3464
1058024,1238520,141,0.893193,3480
1054272,1238520,142,0.895880,3480
1057008,1238520,142,0.893900,3480
1053888,1238520,142,0.896148,3480
1052312,1238520,143,0.897231,3480
1051280,1238520,144,0.897960,3432
1055120,1238520,143,0.895296,3464
1053712,1238520,143,0.896314,3464
1054384,1238520,142,0.895841,3472
1050872,1238520,143,0.898238,3472
1047064,1238520,144,0.900747,3424
1048304,1238520,143,0.899943,3440
1050616,1238520,143,0.898398,3440
1048352,1238520,143,0.899933,3408
1047936,1238520,144,0.900201,3408
1051880,1238520,143,0.897605,3408
1055840,1238520,143,0.894825,3408
1057920,1238520,143,0.893287,3408
1054264,1238520,143,0.895936,3408
1056536,1238520,143,0.894293,3408
1054264,1238520,144,0.895903,3408
1054576,1238520,143,0.895668,3432
1055272,1238520,143,0.895143,3432
1053624,1238520,143,0.896353,3400
1050616,1238520,144,0.898409,3376
1051720,1238520,144,0.897637,3376
1047648,1238520,144,0.900344,3376
1051696,1238520,144,0.897654,3376
1051632,1238520,145,0.897697,3376
1052848,1238520,145,0.896838,3376
1050112,1238520,146,0.898679,3376
1053816,1238520,145,0.896148,3408
1054520,1238520,145,0.895623,3408
1052656,1238520,145,0.896947,3408
1050744,1238520,144,0.898302,3408
1049816,1238520,145,0.898938,3376
1047848,1238520,145,0.900247,3376
1049728,1238520,145,0.898996,3376
1053624,1238520,145,0.896336,3376
1050160,1238520,145,0.898711,3376
1048496,1238520,146,0.899799,3376
1045016,1238520,146,0.902029,3376
1041704,1238520,146,0.904063,3376
1039256,1238520,146,0.905520,3376
1040040,1238520,146,0.905039,3376
1041816,1238520,146,0.903968,3376
1044776,1238520,146,0.902148,3376
1046232,1238520,146,0.901211,3376
1042160,1238520,146,0.903735,3376
1039976,1238520,145,0.905076,3376
1039168,1238520,146,0.905547,3368
1035320,1238520,146,0.907734,3368
1035832,1238520,145,0.907439,3392
1038432,1238520,145,0.905955,3392
1041176,1238520,145,0.904337,3392
1040136,1238520,145,0.904974,3392
1041760,1238520,144,0.904020,3392
1043720,1238520,143,0.902833,3408
1044432,1238520,143,0.902369,3408
1045816,1238520,142,0.901502,3424
1044712,1238520,142,0.902217,3424
1040832,1238520,143,0.904558,3408
1043704,1238520,142,0.902829,3432
1045672,1238520,142,0.901587,3432
1048416,1238520,142,0.899814,3432
1046704,1238520,143,0.900909,3432
1046800,1238520,142,0.900848,3432
1044632,1238520,142,0.902231,3432
1045232,1238520,141,0.901841,3464
1042400,1238520,142,0.903567,3464
1044992,1238520,142,0.901960,3464
1041048,1238520,142,0.904370,3464
1042704,1238520,141,0.903380,3472
1041208,1238520,141,0.904318,3440
1043736,1238520,141,0.902775,3440
1043480,1238520,141,0.902965,3432
1040936,1238520,141,0.904511,3432
1038392,1238520,142,0.905982,3432
1038184,1238520,143,0.906100,3432
1041640,1238520,143,0.904068,3432
1043504,1238520,143,0.902921,3432
1041640,1238520,143,0.904068,3432
1042336,1238520,142,0.903639,3456
1045616,1238520,142,0.901607,3456
1042120,1238520,142,0.903768,3456
1043448,1238520,142,0.902940,3456
1044536,1238520,142,0.902246,3456
1040512,1238520,142,0.904713,3416
1043992,1238520,142,0.902604,3416
1041400,1238520,142,0.904191,3416
1040776,1238520,143,0.904558,3416
1037344,1238520,144,0.906543,3392
1037912,1238520,143,0.906214,3408
1040728,1238520,143,0.904563,3408
1038488,1238520,144,0.905859,3408
1034576,1238520,145,0.908049,3392
1034720,1238520,144,0.907970,3392
1034400,1238520,144,0.908171,3392
1031552,1238520,144,0.909717,3392
1035384,1238520,143,0.907646,3416
1034680,1238520,143,0.908057,3416
1035080,1238520,142,0.907839,3416
1037432,1238520,142,0.906507,3416
1035616,1238520,143,0.907519,3416
1035904,1238520,142,0.907360,3416
1038280,1238520,142,0.906000,3416
1034440,1238520,143,0.908153,3384
1033648,1238520,143,0.908612,3376
1032952,1238520,143,0.909018,3360
1029904,1238520,144,0.910615,3360
1033864,1238520,143,0.908508,3400
1031200,1238520,143,0.909947,3400
1027752,1238520,143,0.911737,3400
1029808,1238520,143,0.910668,3400
1033584,1238520,142,0.908663,3440
1035800,1238520,142,0.907430,3440
1039328,1238520,142,0.905414,3440
1039256,1238520,143,0.905455,3440
1040152,1238520,142,0.904914,3480
1037520,1238520,142,0.906449,3480
1041304,1238520,142,0.904238,3480
1043568,1238520,142,0.902853,3480
1043424,1238520,143,0.902940,3480
1045480,1238520,143,0.901647,3480
1043736,1238520,143,0.902751,3480
1040608,1238520,143,0.904647,3480
1042000,1238520,143,0.903797,3480
1045344,1238520,143,0.901731,3480
1047416,1238520,143,0.900395,3480
1045584,1238520,144,0.901552,3480
1045784,1238520,143,0.901427,3480
1044376,1238520,143,0.902340,3464
1046624,1238520,143,0.900909,3464
1044504,1238520,144,0.902256,3424
1041112,1238520,144,0.904347,3392
1038440,1238520,144,0.905923,3392
1041216,1238520,144,0.904285,3392
1044144,1238520,144,0.902497,3392
1044816,1238520,144,0.902054,3392
1043744,1238520,145,0.902717,3384
1046728,1238520,145,0.900833,3384
1045104,1238520,146,0.901866,3360
1046104,1238520,146,0.901211,3360
1044840,1238520,147,0.901999,3360
1044696,1238520,147,0.902118,3360
1046528,1238520,146,0.900974,3360
1049736,1238520,146,0.898875,3360
1046152,1238520,146,0.901211,3360
1047856,1238520,145,0.900123,3368
1046856,1238520,146,0.900777,3344
1044584,1238520,147,0.902197,3344
1046920,1238520,147,0.900706,3344
1050808,1238520,147,0.898142,3344
1047872,1238520,148,0.900067,3344
1045240,1238520,149,0.901731,3344
1045392,1238520,148,0.901637,3344
1043016,1238520,148,0.903149,3304
1042608,1238520,148,0.903423,3304
1046464,1238520,148,0.901020,3304
1049296,1238520,148,0.899169,3304
1050848,1238520,148,0.898110,3304
1047568,1238520,147,0.900318,3304
1050072,1238520,147,0.898658,3304
1049944,1238520,148,0.898743,3304
1047920,1238520,149,0.900062,3304
1050992,1238520,149,0.898014,3304
1054144,1238520,149,0.895824,3304
1052184,1238520,150,0.897176,3304
1053744,1238520,150,0.896070,3304
1053224,1238520,151,0.896430,3304
1052536,1238520,151,0.896936,3304
1053168,1238520,150,0.896486,3328
1056192,1238520,150,0.894321,3328
1055408,1238520,150,0.894933,3304
1059440,1238520,150,0.891951,3304
1055712,1238520,149,0.894751,3304
1053744,1238520,149,0.896170,3304
1057088,1238520,149,0.893760,3304
1053840,1238520,150,0.896098,3264
1051992,1238520,151,0.897367,3264
1053088,1238520,151,0.896585,3264
1055416,1238520,151,0.894922,3264
1057648,1238520,150,0.893281,3304
1054976,1238520,150,0.895240,3304
1057248,1238520,150,0.893574,3304
1054920,1238520,151,0.895245,3304
1053184,1238520,151,0.896491,3304
1053256,1238520,150,0.896441,3304
1057072,1238520,150,0.893702,3304
1056600,1238520,150,0.894096,3280
1059752,1238520,150,0.891734,3280
1057784,1238520,150,0.893246,3264
1061064,1238520,149,0.890777,3272
1058848,1238520,149,0.892489,3272
1060784,1238520,148,0.891010,3296
1058896,1238520,148,0.892471,3296
1058784,1238520,148,0.892590,3296
1056680,1238520,149,0.894160,3256
1056040,1238520,149,0.894683,3216
1058632,1238520,149,0.892762,3216
1060024,1238520,149,0.891685,3216
1060256,1238520,148,0.891510,3216
1062656,1238520,148,0.889622,3216
1059632,1238520,148,0.891981,3216
1062496,1238520,148,0.889747,3216
1060104,1238520,149,0.891588,3216
1063504,1238520,149,0.888914,3216
1060200,1238520,149,0.891516,3216
1060256,1238520,148,0.891473,3216
1056472,1238520,149,0.894270,3216
1057256,1238520,148,0.893679,3248
1054392,1238520,148,0.895780,3216
1055448,1238520,147,0.895019,3240
1052848,1238520,147,0.896865,3240
1052672,1238520,147,0.897018,3240
1049776,1238520,146,0.899038,3216
1048392,1238520,147,0.899948,3200
1048648,1238520,146,0.899783,3200
1045384,1238520,147,0.901851,3200
1045896,1238520,146,0.901527,3208
1043632,1238520,147,0.902921,3208
1043672,1238520,146,0.902897,3208
1042392,1238520,146,0.903696,3208
1040688,1238520,146,0.904732,3208
1039248,1238520,147,0.905566,3208
1037936,1238520,148,0.906313,3208
1034048,1238520,148,0.893211,3208
1036888,1238520,148,0.891362,3208
1034576,1238520,148,0.892877,3208
1035040,1238520,147,0.892578,3216
1038248,1238520,147,0.890463,3216
1034216,1238520,147,0.893100,3216
1032336,1238520,148,0.894297,3176
1035592,1238520,148,0.892220,3176
1036984,1238520,147,0.891315,3184
1037976,1238520,146,0.890659,3192
1039864,1238520,145,0.889388,3208
1041008,1238520,145,0.888577,3208
1042304,1238520,144,0.887677,3216
1043952,1238520,144,0.886483,3216
1044496,1238520,143,0.886095,3216
1043864,1238520,144,0.886563,3192
1047456,1238520,144,0.883918,3192
1044592,1238520,145,0.886015,3184
1048352,1238520,145,0.883217,3184
1048128,1238520,146,0.883386,3184
1048456,1238520,145,0.883139,3184
1045856,1238520,145,0.885101,3184
1048816,1238520,145,0.882867,3184
1046032,1238520,145,0.884973,3184
1043872,1238520,146,0.886563,3136
1045208,1238520,146,0.885571,3136
1043984,1238520,145,0.886517,3136
1040000,1238520,146,0.889280,3136
1043208,1238520,146,0.887032,3136
1039840,1238520,145,0.883953,3136
1043000,1238520,145,0.881635,3136
1041792,1238520,145,0.882553,3136
1039944,1238520,145,0.883936,3104
1038080,1238520,146,0.885241,3104
1035216,1238520,146,0.887223,3104
1036904,1238520,146,0.886050,3104
1035928,1238520,146,0.886745,3104
1036120,1238520,145,0.886615,3104
1038920,1238520,145,0.884656,3104
1035296,1238520,145,0.887170,3104
1033200,1238520,145,0.888587,3104
1031024,1238520,145,0.890020,3104
1033976,1238520,145,0.888078,3104
1034328,1238520,144,0.887830,3128
1034032,1238520,145,0.888025,3128
1031800,1238520,146,0.889504,3088
1027896,1238520,147,0.891955,3088
1029848,1238520,147,0.890713,3088
1033120,1238520,147,0.888587,3088
1036744,1238520,147,0.886137,3088
1032880,1238520,147,0.888743,3088
1031336,1238520,147,0.889770,3088
1034528,1238520,147,0.887660,3088
1034656,1238520,146,0.887575,3088
1031304,1238520,147,0.889785,3048
1032352,1238520,146,0.889096,3072
1034368,1238520,146,0.887745,3072
1035464,1238520,146,0.886982,3072
1037472,1238520,146,0.885584,3072
1038616,1238520,146,0.884757,3072
1041800,1238520,146,0.882455,3072
1038208,1238520,146,0.868453,3072
1038504,1238520,145,0.868217,3072
1034816,1238520,145,0.871145,3056
1037280,1238520,145,0.869199,3056
1033376,1238520,145,0.872234,3056
1029328,1238520,145,0.875235,3056
1033136,1238520,144,0.872438,3072
1034776,1238520,144,0.871163,3072
1034104,1238520,145,0.871680,3064
1034632,1238520,144,0.871279,3064
1033968,1238520,144,0.871819,3064
1036520,1238520,144,0.869825,3064
1035480,1238520,144,0.870667,3064
1032320,1238520,144,0.873087,3064
1034920,1238520,144,0.871096,3064
1036648,1238520,144,0.869726,3064
1034872,1238520,145,0.871096,3064
1037296,1238520,144,0.869199,3088
1033816,1238520,144,0.871916,3088
1036272,1238520,144,0.870000,3088
1035760,1238520,144,0.870452,3064
1039416,1238520,143,0.867550,3088
1038256,1238520,143,0.868516,3088
1036456,1238520,143,0.869968,3088
1039880,1238520,143,0.867213,3088
1042424,1238520,143,0.865079,3088
1040872,1238520,144,0.866365,3088
1044280,1238520,144,0.863468,3088
1042968,1238520,144,0.864623,3088
1039896,1238520,144,0.867200,3088
1039928,1238520,143,0.867175,3088
1035848,1238520,143,0.870439,3088
1031992,1238520,143,0.873382,3088
1035248,1238520,143,0.870900,3088
1031432,1238520,144,0.873758,3088
1034864,1238520,144,0.871157,3088
1032784,1238520,145,0.872725,3088
1031672,1238520,145,0.873588,3080
1032560,1238520,144,0.872897,3128
1033528,1238520,143,0.872174,3128
1037248,1238520,143,0.869281,3128
1035464,1238520,143,0.870722,3104
1033912,1238520,144,0.871928,3072
1035984,1238520,143,0.870340,3080
1038000,1238520,143,0.868726,3080
1035592,1238520,143,0.870643,3080
1036848,1238520,143,0.869632,3080
1036712,1238520,143,0.869775,3080
1034352,1238520,143,0.871625,3080
1032520,1238520,144,0.872998,3080
1035776,1238520,144,0.870501,3080
1035584,1238520,145,0.870655,3072
1034856,1238520,146,0.871212,3072
1033008,1238520,147,0.872605,3072
1033512,1238520,146,0.872228,3072
1036056,1238520,146,0.870254,3072
1038944,1238520,146,0.867942,3072
1036944,1238520,146,0.869563,3072
1034808,1238520,147,0.871249,3024
1038840,1238520,147,0.868064,3024
1036808,1238520,147,0.869707,3024
1032776,1238520,147,0.872814,3024
1034464,1238520,146,0.871516,3064
1035752,1238520,146,0.870495,3064
1034512,1238520,146,0.871492,3048
1032048,1238520,147,0.873335,3048
1029720,1238520,147,0.875063,3048
1032552,1238520,146,0.872992,3056
1029056,1238520,146,0.875566,3056
1030376,1238520,146,0.874585,3056
1031048,1238520,145,0.874092,3064
1029200,1238520,146,0.875429,3056
1032080,1238520,146,0.873306,3056
1033072,1238520,146,0.872534,3056
1029848,1238520,146,0.874931,3056
1031592,1238520,145,0.873641,3088
1028200,1238520,145,0.876116,3088
1029576,1238520,145,0.875103,3088
1028016,1238520,146,0.876212,3088
1031608,1238520,146,0.873594,3088
1034680,1238520,146,0.871261,3088
1035176,1238520,145,0.870882,3088
1038216,1238520,145,0.868472,3088
1034136,1238520,145,0.871674,3088
1031608,1238520,146,0.873559,3088
1031704,1238520,145,0.873488,3088
1031416,1238520,146,0.873700,3088
1028208,1238520,146,0.876042,3088
1031112,1238520,146,0.873922,3088
1028160,1238520,146,0.876076,3088
1024904,1238520,146,0.878365,3088
1025352,1238520,145,0.878060,3088
1026656,1238520,145,0.877129,3088
1022896,1238520,145,0.879715,3088
1025136,1238520,144,0.878191,3112
1025912,1238520,144,0.877626,3112
1029888,1238520,144,0.874793,3112
1031104,1238520,144,0.873876,3112
1030592,1238520,145,0.874260,3096
1032128,1238520,144,0.873122,3112
1031648,1238520,145,0.873512,3064
1034048,1238520,144,0.871722,3064
1032576,1238520,145,0.872826,3064
1031704,1238520,145,0.873506,3064
1031992,1238520,144,0.873294,3064
1034848,1238520,144,0.871114,3064
1032816,1238520,144,0.872683,3064
1036448,1238520,144,0.869881,3064
1036352,1238520,145,0.869956,3064
1034952,1238520,145,0.871072,3064
1037136,1238520,144,0.869381,3064
1038024,1238520,144,0.868643,3064
1037104,1238520,145,0.869394,3032
1039760,1238520,145,0.867239,3032
1039072,1238520,146,0.867794,3032
1035640,1238520,146,0.870532,3032
1039064,1238520,146,0.867801,3032
1038000,1238520,147,0.868656,3024
1036936,1238520,148,0.869501,3016
1038528,1238520,147,0.868223,3040
1039888,1238520,147,0.867090,3040
1040872,1238520,147,0.866247,3040
1036896,1238520,147,0.869476,3040
1038232,1238520,147,0.868383,3040
1037920,1238520,147,0.868675,3032
1037008,1238520,148,0.869419,3000
1039912,1238520,148,0.867064,3000
1041504,1238520,148,0.865719,3000
1039880,1238520,149,0.867051,3000
1038328,1238520,150,0.868300,3000
1040384,1238520,150,0.866601,3000
1040856,1238520,149,0.866214,3000
1040072,1238520,150,0.866882,2968
1040656,1238520,149,0.866372,3008
1038152,1238520,150,0.868396,3008
1040704,1238520,150,0.866293,3008
1039920,1238520,150,0.866980,3000
1043296,1238520,150,0.864136,3000
1042768,1238520,151,0.864582,3000
1040976,1238520,152,0.866115,2952
1044632,1238520,152,0.862993,2952
1046840,1238520,152,0.861019,2952
1044296,1238520,152,0.863282,2952
1046472,1238520,151,0.861373,2968
1044456,1238520,152,0.863131,2968
1041712,1238520,152,0.865493,2968
1041280,1238520,152,0.865891,2968
1041024,1238520,153,0.866109,2960
1039632,1238520,153,0.867285,2960
1036672,1238520,154,0.869638,2960
1035080,1238520,154,0.870907,2960
1035712,1238520,153,0.870414,2968
1034232,1238520,154,0.871571,2936
1038176,1238520,154,0.868472,2936
1041048,1238520,154,0.866109,2936
1043992,1238520,154,0.863598,2936
1046480,1238520,153,0.861422,2952
1042960,1238520,153,0.864501,2952
1043584,1238520,152,0.863959,2968
1043624,1238520,151,0.863925,2968
1042744,1238520,151,0.864710,2968
1043640,1238520,150,0.863912,3016
1046480,1238520,149,0.861451,3016
1050576,1238520,149,0.857696,3016
1049408,1238520,150,0.858775,3016
1050664,1238520,150,0.857569,3016
1049768,1238520,150,0.858481,2976
1048952,1238520,150,0.859272,2976
1051536,1238520,150,0.856835,2976
1055112,1238520,150,0.853338,2976
1054056,1238520,151,0.854390,2960
1056720,1238520,151,0.851698,2960
1053104,1238520,151,0.855311,2960
1056848,1238520,151,0.851569,2960
1055144,1238520,152,0.853282,2952
1051968,1238520,152,0.856404,2952
1050320,1238520,153,0.857949,2952
1052376,1238520,153,0.855970,2952
1052656,1238520,152,0.855688,2968
1056456,1238520,152,0.851908,2968
1054072,1238520,152,0.854320,2968
1056888,1238520,152,0.851472,2968
1052928,1238520,153,0.855419,2928
1054912,1238520,152,0.853456,2960
1052072,1238520,152,0.855165,2936
1054224,1238520,152,0.853029,2936
1052360,1238520,152,0.854889,2936
1050192,1238520,151,0.857031,2936
1046448,1238520,151,0.860481,2936
1048056,1238520,150,0.859024,2952
1044008,1238520,151,0.862600,2952
1045120,1238520,151,0.861594,2952
1044448,1238520,151,0.862220,2952
1046656,1238520,151,0.860239,2952
1043672,1238520,152,0.862847,2952
1045608,1238520,151,0.861159,2960
1044552,1238520,151,0.862164,2912
1048320,1238520,151,0.858777,2912
1046984,1238520,151,0.860025,2912
1049688,1238520,151,0.857522,2912
1050952,1238520,151,0.856297,2912
1047984,1238520,152,0.859038,2912
1048240,1238520,151,0.858806,2912
1052328,1238520,151,0.854943,2912
1048296,1238520,151,0.858784,2880
1049408,1238520,150,0.857721,2928
1048664,1238520,151,0.858419,2912
1048304,1238520,152,0.858748,2912
1049016,1238520,151,0.858053,2960
1048360,1238520,151,0.858697,2960
1051544,1238520,151,0.855691,2960
1053480,1238520,151,0.853782,2960
1050928,1238520,151,0.856274,2960
1047272,1238520,151,0.859702,2936
1051000,1238520,150,0.856251,2960
1052664,1238520,149,0.854620,3008
1048968,1238520,149,0.858141,3008
1048920,1238520,149,0.858229,3008
1049096,1238520,148,0.858068,3008
1049056,1238520,149,0.858104,3008
1049728,1238520,148,0.857485,3008
1046200,1238520,149,0.860679,3008
1047880,1238520,149,0.859132,3008
1051312,1238520,149,0.855911,3008
1048808,1238520,150,0.858244,3008
1051240,1238520,149,0.855949,3040
1051104,1238520,150,0.856078,3040
1047160,1238520,151,0.859709,3040
1050248,1238520,151,0.856837,3040
1048640,1238520,152,0.858339,3024
1049080,1238520,151,0.857935,3024
1052880,1238520,151,0.854303,3024
1050784,1238520,151,0.856349,3024
1054536,1238520,151,0.852682,3024
1050928,1238520,152,0.856168,3024
1053592,1238520,152,0.853563,3024
1052952,1238520,153,0.854187,3024
1052368,1238520,154,0.854789,2984
1053248,1238520,153,0.853930,2992
1053432,1238520,152,0.853735,3008
1050280,1238520,153,0.856747,3008
1051600,1238520,153,0.855455,3008
1049760,1238520,153,0.857232,3008
1052664,1238520,153,0.854434,3008
1050488,1238520,154,0.856530,2984
1054296,1238520,154,0.852816,2984
1052704,1238520,155,0.854373,2984
1055288,1238520,154,0.851798,3016
1053808,1238520,155,0.853266,3016
1056632,1238520,155,0.850390,3016
1054208,1238520,155,0.852895,2992
1057416,1238520,155,0.849610,2992
1054456,1238520,156,0.852603,2992
1055560,1238520,156,0.851452,2992
1055016,1238520,157,0.851998,2992
1058536,1238520,157,0.848346,2992
1056600,1238520,157,0.850398,2992
1056128,1238520,157,0.850927,2992
1059024,1238520,157,0.847883,2992
1061408,1238520,156,0.845316,3000
1061072,1238520,156,0.845786,2952
1063224,1238520,155,0.843407,2960
1060064,1238520,156,0.846863,2960
1059184,1238520,156,0.847849,2960
1061192,1238520,156,0.845647,2960
1061512,1238520,155,0.845290,2968
1061000,1238520,154,0.842082,2960
1061040,1238520,153,0.842037,2960
1060184,1238520,154,0.843008,2936
1058776,1238520,155,0.844537,2936
1056472,1238520,156,0.846975,2936
1054656,1238520,157,0.848843,2936
1056944,1238520,156,0.846465,2952
1054520,1238520,156,0.849014,2952
1057400,1238520,156,0.845985,2952
1058824,1238520,156,0.844416,2952
1061920,1238520,156,0.840955,2952
1065472,1238520,156,0.836799,2952
1065344,1238520,157,0.836950,2952
1061680,1238520,157,0.841225,2952
1064368,1238520,157,0.838096,2952
1066992,1238520,157,0.834920,2952
1066736,1238520,158,0.835229,2952
1065728,1238520,159,0.836438,2952
1068368,1238520,159,0.833175,2952
1067480,1238520,159,0.834345,2936
1068328,1238520,158,0.833294,2944
1068248,1238520,159,0.833393,2944
1070472,1238520,159,0.830539,2944
1066528,1238520,160,0.835490,2896
1068952,1238520,159,0.832469,2936
1065584,1238520,159,0.815814,2936
1064472,1238520,160,0.817354,2888
1062040,1238520,161,0.820540,2856
1062952,1238520,160,0.819364,2864
1060000,1238520,161,0.823086,2864
1059608,1238520,162,0.823569,2864
1062880,1238520,162,0.819395,2864
1063008,1238520,161,0.819230,2864
1063944,1238520,160,0.817994,2880
1060416,1238520,160,0.822551,2880
1061096,1238520,159,0.821702,2880
1061056,1238520,159,0.821812,2880
1061800,1238520,158,0.820855,2896
1062280,1238520,157,0.820235,2904
1064520,1238520,157,0.817269,2904
1063408,1238520,157,0.818785,2904
1063968,1238520,157,0.817994,2904
1061144,1238520,157,0.821672,2904
1062120,1238520,156,0.820408,2928
1058264,1238520,156,0.825301,2880
1057536,1238520,157,0.826211,2848
1057944,1238520,156,0.825695,2872
1054840,1238520,155,0.829448,2872
1052672,1238520,156,0.831901,2872
1052872,1238520,155,0.831677,2872
1056680,1238520,155,0.827253,2872
1057016,1238520,154,0.826857,2872
1056224,1238520,154,0.827901,2824
1059296,1238520,154,0.824176,2824
1057584,1238520,155,0.826240,2824
1058040,1238520,154,0.825656,2856
1055160,1238520,154,0.829099,2856
1054080,1238520,154,0.830389,2856
1057608,1238520,154,0.826230,2856
1057904,1238520,153,0.825819,2904
1056344,1238520,154,0.827704,2872
1059888,1238520,154,0.823392,2872
1056992,1238520,154,0.826942,2872
1058592,1238520,153,0.825001,2896
1057216,1238520,153,0.826705,2896
1059856,1238520,153,0.823461,2896
1057480,1238520,153,0.826392,2896
1057440,1238520,154,0.826439,2896
1061472,1238520,154,0.821451,2896
1061224,1238520,155,0.821762,2896
1060224,1238520,155,0.823066,2896
1058904,1238520,155,0.824740,2896
1056264,1238520,154,0.827994,2896
1056712,1238520,153,0.827413,2944
1053368,1238520,154,0.831256,2944
1055160,1238520,153,0.829191,2968
1058616,1238520,153,0.825059,2968
1056432,1238520,154,0.827657,2968
1060440,1238520,154,0.822769,2968
1057784,1238520,154,0.826058,2968
1058856,1238520,153,0.824769,2968
1058904,1238520,152,0.824711,2968
1059024,1238520,151,0.824565,2968
1058624,1238520,152,0.825050,2968
1055168,1238520,152,0.829181,2968
1055976,1238520,151,0.828246,2968
1059488,1238520,151,0.824000,2968
1060592,1238520,150,0.822591,3008
1057088,1238520,151,0.826838,3008
1058472,1238520,150,0.825175,3016
1058136,1238520,151,0.825579,3016
1056344,1238520,151,0.827817,2968
1053464,1238520,151,0.831175,2968
1057552,1238520,151,0.826392,2968
1057664,1238520,150,0.826259,2968
1056088,1238520,150,0.828218,2928
1055632,1238520,151,0.828775,2904
1054704,1238520,152,0.829842,2904
1052440,1238520,152,0.832443,2904
1053544,1238520,152,0.831157,2904
1056416,1238520,152,0.827807,2904
1053064,1238520,152,0.831695,2904
1050912,1238520,152,0.834119,2904
1048752,1238520,153,0.836431,2904
1045496,1238520,153,0.839846,2904
1048848,1238520,153,0.836330,2904
1046016,1238520,154,0.839269,2904
1043488,1238520,153,0.841900,2904
1045224,1238520,153,0.840121,2904
1046168,1238520,152,0.839155,2912
1046280,1238520,151,0.839041,2912
1047712,1238520,150,0.837555,2920
1048880,1238520,149,0.836330,2920
1049800,1238520,148,0.835343,2928
1051808,1238520,148,0.833114,2928
1054656,1238520,148,0.829870,2928
1052816,1238520,148,0.831999,2928
1049112,1238520,148,0.836110,2896
1049592,1238520,147,0.835599,2896
1049880,1238520,146,0.835292,2896
1047064,1238520,146,0.838301,2896
1049520,1238520,145,0.835693,2928
1047184,1238520,146,0.838144,2928
1045040,1238520,147,0.840331,2928
1043968,1238520,147,0.841449,2928
1043080,1238520,148,0.842372,2880
1046152,1238520,147,0.839286,2896
1049504,1238520,146,0.835787,2904
1051984,1238520,145,0.833079,2928
1053720,1238520,145,0.831094,2928
1050488,1238520,145,0.834707,2928
1049216,1238520,146,0.836093,2904
1046176,1238520,145,0.839392,2864
1043552,1238520,146,0.842019,2864
1045208,1238520,146,0.840323,2864
1043776,1238520,146,0.841806,2856
1044400,1238520,145,0.841187,2856
1042136,1238520,146,0.843409,2856
1039560,1238520,146,0.845907,2856
1039768,1238520,145,0.845712,2856
1043544,1238520,145,0.842034,2856
1040304,1238520,145,0.845229,2832
1041688,1238520,144,0.843887,2856
1044008,1238520,144,0.841576,2856
1041968,1238520,145,0.843571,2856
1043960,1238520,144,0.841616,2864
1047712,1238520,144,0.837763,2864
1050384,1238520,143,0.834897,2904
1049784,1238520,143,0.835608,2888
1051112,1238520,142,0.834136,2928
1048400,1238520,143,0.837029,2928
1048280,1238520,144,0.837171,2912
1046960,1238520,144,0.838590,2912
1050816,1238520,144,0.834474,2912
1054448,1238520,144,0.830398,2912
1054160,1238520,145,0.830724,2912
1058088,1238520,145,0.826106,2912
1061936,1238520,145,0.821330,2912
1058480,1238520,144,0.825695,2912
1057544,1238520,145,0.826838,2888
1060408,1238520,145,0.823323,2888
1064160,1238520,145,0.818515,2888
1061208,1238520,144,0.822392,2888
1058024,1238520,144,0.826325,2888
1055968,1238520,144,0.828794,2888
1056920,1238520,143,0.827676,2896
1057952,1238520,142,0.826430,2920
1059440,1238520,142,0.824585,2920
1058272,1238520,143,0.825991,2920
1062296,1238520,143,0.820987,2920
1059456,1238520,143,0.824565,2920
1061648,1238520,142,0.821852,2928
1059472,1238520,143,0.824556,2912
1062112,1238520,143,0.821229,2912
1059376,1238520,144,0.824614,2912
1057952,1238520,145,0.826335,2904
1061528,1238520,145,0.821912,2904
1063344,1238520,144,0.819569,2936
1061984,1238520,144,0.821360,2936
1063544,1238520,143,0.819343,2960
1059696,1238520,143,0.824225,2960
1060664,1238520,142,0.823007,2984
1057584,1238520,142,0.826791,2984
1061672,1238520,142,0.821752,2984
1061208,1238520,143,0.822342,2976
1062528,1238520,143,0.820622,2976
1060112,1238520,144,0.823637,2976
1057936,1238520,144,0.826325,2976
1060440,1238520,144,0.823234,2976
1059696,1238520,145,0.824166,2960
1060760,1238520,144,0.822849,2968
1063528,1238520,143,0.819312,3000
1059440,1238520,144,0.824429,3000
1060568,1238520,143,0.822997,3040
1058496,1238520,143,0.825579,3040
1058600,1238520,142,0.825455,3040
1054536,1238520,143,0.830207,3040
1057880,1238520,142,0.826316,3040
1056984,1238520,143,0.827432,2992
1056696,1238520,144,0.827770,2992
1056736,1238520,143,0.827723,2992
1059384,1238520,143,0.824507,2992
1059176,1238520,144,0.824759,2992
1055328,1238520,144,0.829356,2992
1058056,1238520,144,0.826106,2992
1057208,1238520,143,0.827225,2992
1056216,1238520,144,0.828395,2984
1055240,1238520,145,0.829522,2984
1057312,1238520,144,0.827065,3024
1058712,1238520,143,0.825358,3056
1060264,1238520,142,0.823421,3096
1063392,1238520,141,0.819477,3104
1059696,1238520,142,0.824107,3104
1061032,1238520,142,0.822402,3104
1057944,1238520,143,0.826163,3104
1059816,1238520,142,0.823843,3152
1057824,1238520,143,0.826259,3144
1054424,1238520,143,0.830271,3144
1053040,1238520,144,0.831838,3136
1050352,1238520,144,0.834837,3136
1054192,1238520,144,0.830543,3136
1054440,1238520,143,0.830252,3144
1050360,1238520,143,0.834819,3144
1054424,1238520,142,0.830298,3168
1057208,1238520,142,0.827018,3168
1057512,1238520,141,0.826620,3200
1055520,1238520,141,0.829052,3160
1057312,1238520,141,0.826904,3160
1057120,1238520,142,0.827131,3160
1054736,1238520,143,0.829906,3152
1050672,1238520,144,0.834448,3128
1054600,1238520,144,0.830034,3128
1055920,1238520,144,0.828460,3128
1054632,1238520,145,0.829943,3128
1058056,1238520,145,0.825886,3128
1054776,1238520,146,0.829732,3120
1055416,1238520,145,0.828997,3120
1052472,1238520,145,0.832381,3120
1054944,1238520,145,0.829540,3120
1051520,1238520,145,0.833430,3120
1047664,1238520,144,0.837647,3120
1050008,1238520,143,0.835172,3120
1052672,1238520,143,0.832212,3120
1052040,1238520,144,0.832920,3112
1053968,1238520,144,0.830715,3112
1055880,1238520,144,0.828469,3112
1052784,1238520,145,0.831990,3112
1048736,1238520,146,0.836381,3112
1049592,1238520,146,0.835420,3112
1053176,1238520,146,0.831445,3112
1052144,1238520,147,0.832620,3088
1055712,1238520,147,0.828525,3088
1051952,1238520,147,0.832867,3056
1051352,1238520,148,0.833552,3032
1054216,1238520,148,0.830307,3032
1054232,1238520,147,0.830289,3032
1052440,1238520,147,0.832354,3032
1056168,1238520,147,0.828060,3032
1052264,1238520,148,0.832496,3032
1049840,1238520,149,0.835137,3032
1048184,1238520,149,0.836945,3032
1045648,1238520,148,0.839660,3032
1042880,1238520,149,0.842451,3000
1044568,1238520,148,0.840756,3024
1044744,1238520,147,0.840580,3024
1045400,1238520,146,0.839919,3024
1047240,1238520,146,0.837987,3024
1049960,1238520,146,0.835069,3024
1048800,1238520,147,0.836304,3024
1052272,1238520,146,0.832514,3056
1049856,1238520,147,0.835146,3056
1050360,1238520,146,0.834578,3080
1050048,1238520,147,0.834940,3056
1052248,1238520,147,0.832487,3056
1050504,1238520,147,0.834483,3024
1052840,1238520,147,0.831865,3024
1049648,1238520,148,0.835352,3024
1053264,1238520,148,0.831337,3024
1052664,1238520,148,0.832061,3024
1052968,1238520,147,0.831686,3056
1050840,1238520,147,0.834084,3056
1048928,1238520,147,0.836186,3056
1050832,1238520,146,0.834145,3056
1050344,1238520,147,0.834699,3032
1050440,1238520,146,0.834595,3032
1050536,1238520,145,0.834491,3032
1046856,1238520,146,0.838376,3032
1045768,1238520,147,0.839489,3032
1043488,1238520,147,0.841821,3032
1043312,1238520,148,0.841995,3032
1044920,1238520,147,0.840355,3072
1044952,1238520,146,0.840323,3072
1048400,1238520,146,0.836726,3072
1049352,1238520,145,0.835668,3120
1049312,1238520,146,0.835710,3120
1047072,1238520,146,0.838111,3120
1044240,1238520,147,0.840996,3112
1047512,1238520,146,0.837647,3128
1050200,1238520,146,0.834750,3128
1053320,1238520,145,0.831310,3136
1049224,1238520,146,0.835787,3136
1051968,1238520,146,0.832761,3136
1050312,1238520,146,0.834638,3120
1049640,1238520,147,0.835360,3120
1050544,1238520,146,0.834344,3160
1052208,1238520,146,0.832470,3160
1051064,1238520,145,0.833832,3160
1054344,1238520,144,0.830125,3208
1051136,1238520,144,0.833753,3208
1055128,1238520,144,0.829228,3208
1053808,1238520,144,0.830787,3208
1057128,1238520,144,0.826895,3208
1056160,1238520,145,0.828032,3208
1057872,1238520,145,0.825953,3208
1055208,1238520,146,0.829080,3208
1055264,1238520,145,0.829016,3208
1054136,1238520,145,0.830371,3200
1054408,1238520,144,0.830061,3200
1051480,1238520,144,0.833386,3200
1055000,1238520,144,0.829384,3200
1052552,1238520,144,0.832203,3200
1052248,1238520,145,0.832576,3168
1054312,1238520,145,0.830207,3168
1057632,1238520,145,0.826287,3168
1056440,1238520,146,0.827695,3168
1059128,1238520,146,0.824429,3168
1057120,1238520,147,0.826838,3168
1057952,1238520,147,0.825790,3168
1054008,1238520,148,0.830389,3168
1054056,1238520,147,0.830334,3168
1051184,1238520,147,0.833587,3168
1050408,1238520,147,0.834483,3168
1046936,1238520,148,0.838186,3136
1050928,1238520,148,0.833901,3136
1050952,1238520,147,0.833875,3136
1053768,1238520,147,0.830697,3136
1052840,1238520,148,0.831740,3136
1050432,1238520,149,0.834388,3136
1051416,1238520,148,0.833289,3160
1050560,1238520,148,0.834275,3160
1047088,1238520,148,0.838004,3160
1049896,1238520,148,0.834991,3160
1053608,1238520,148,0.830851,3160
1053200,1238520,149,0.831337,3136
1049584,1238520,149,0.835352,3136
1045832,1238520,150,0.839269,3136
1046512,1238520,149,0.838565,3144
1046328,1238520,149,0.838820,3128
1042496,1238520,150,0.842678,3104
1046112,1238520,150,0.839016,3104
1050160,1238520,149,0.834742,3128
1053296,1238520,148,0.831238,3176
1049776,1238520,148,0.835155,3176
1050200,1238520,147,0.834699,3176
1046952,1238520,147,0.838177,3176
1045888,1238520,147,0.839326,3168
1049704,1238520,146,0.835300,3208
1047056,1238520,146,0.838136,3208
1050480,1238520,145,0.834500,3224
1053280,1238520,145,0.831364,3224
1054288,1238520,144,0.830207,3240
1052568,1238520,144,0.832195,3240
1049048,1238520,143,0.836118,3240
1052952,1238520,142,0.831874,3240
1050088,1238520,142,0.835060,3240
1050312,1238520,141,0.834819,3240
1048648,1238520,142,0.836642,3192
1048776,1238520,141,0.836507,3192
1052120,1238520,141,0.832850,3192
1052864,1238520,140,0.832008,3208
1050240,1238520,141,0.834923,3168
1053288,1238520,141,0.831525,3168
1049944,1238520,140,0.835292,3168
1052488,1238520,140,0.832470,3168
1049280,1238520,140,0.835999,3168
1046880,1238520,141,0.838507,3168
1048080,1238520,140,0.837255,3176
1051584,1238520,140,0.833456,3176
1051288,1238520,141,0.833779,3176
1054840,1238520,141,0.829760,3176
1054216,1238520,141,0.830543,3160
1050864,1238520,141,0.834310,3160
1047288,1238520,141,0.838144,3160
1051152,1238520,141,0.833997,3160
1047744,1238520,140,0.837722,3160
1050872,1238520,140,0.834353,3160
1047352,1238520,141,0.838078,3160
1045960,1238520,141,0.839562,3152
1042888,1238520,142,0.842639,3136
1044160,1238520,141,0.841362,3160
1043712,1238520,142,0.841806,3160
1040264,1238520,143,0.845139,3160
1038472,1238520,144,0.846838,3136
1038904,1238520,143,0.846437,3136
1035496,1238520,144,0.849544,3136
1039408,1238520,144,0.845922,3136
1041968,1238520,144,0.843440,3136
1042576,1238520,143,0.842834,3152
1042688,1238520,142,0.842725,3152
1045000,1238520,142,0.840387,3152
1042296,1238520,142,0.843106,3152
1046136,1238520,142,0.839237,3152
1046048,1238520,142,0.839375,3152
1049192,1238520,142,0.836059,3152
1047416,1238520,143,0.837921,3152
1050640,1238520,143,0.834457,3152
1050776,1238520,142,0.834310,3152
1051664,1238520,141,0.833298,3192
1051520,1238520,141,0.833509,3192
1052888,1238520,141,0.831945,3192
1050816,1238520,141,0.834284,3184
1053016,1238520,141,0.831811,3184
1049584,1238520,141,0.835608,3184
1048816,1238520,141,0.836473,3184
1045040,1238520,142,0.840363,3184
1041272,1238520,142,0.844110,3184
1042088,1238520,141,0.843285,3224
1043656,1238520,141,0.841703,3224
1041368,1238520,140,0.844025,3224
1039344,1238520,141,0.845944,3224
1036320,1238520,141,0.848768,3224
1036288,1238520,142,0.848797,3224
1034648,1238520,143,0.850262,3224
1037680,1238520,143,0.847487,3224
1034336,1238520,143,0.850538,3224
1031184,1238520,143,0.853306,3224
1031528,1238520,142,0.853014,3224
1033000,1238520,141,0.851741,3232
1030544,1238520,142,0.853868,3200
1032200,1238520,142,0.852418,3200
1035816,1238520,142,0.849200,3200
1032184,1238520,143,0.852390,3200
1031672,1238520,144,0.852836,3192
1029240,1238520,143,0.854965,3192
1031520,1238520,142,0.853048,3192
1031664,1238520,141,0.852918,3200
1035624,1238520,141,0.849415,3200
1038848,1238520,141,0.846430,3200
1040760,1238520,141,0.844584,3200
1041328,1238520,141,0.843995,3200
1044104,1238520,141,0.841235,3200
1040080,1238520,142,0.845139,3200
1042296,1238520,142,0.842966,3200
1042880,1238520,142,0.842349,3200
1039776,1238520,143,0.845335,3200
1041872,1238520,143,0.843285,3200
1040472,1238520,144,0.844660,3168
1042808,1238520,144,0.842357,3168
1039736,1238520,144,0.845358,3168
1043032,1238520,144,0.842137,3168
1042904,1238520,144,0.842310,3168
1045152,1238520,144,0.840024,3168
1041808,1238520,144,0.843378,3168
1042416,1238520,144,0.842740,3168
1038504,1238520,144,0.846512,3168
1041376,1238520,144,0.843748,3168
1041024,1238520,144,0.844156,3144
1039056,1238520,145,0.846019,3144
1039440,1238520,144,0.845652,3152
1038296,1238520,144,0.846764,3152
1037352,1238520,145,0.847634,3152
1039848,1238520,145,0.845267,3152
1038392,1238520,146,0.846631,3152
1041064,1238520,146,0.844064,3152
1037512,1238520,147,0.847399,3152
1039856,1238520,147,0.845169,3152
1036128,1238520,148,0.848638,3128
1039664,1238520,147,0.845358,3144
1038024,1238520,147,0.846934,3144
1041752,1238520,146,0.843385,3168
1039392,1238520,146,0.845682,3168
1039600,1238520,145,0.845486,3168
1039696,1238520,144,0.845396,3168
1040056,1238520,143,0.845055,3168
1039152,1238520,143,0.845959,3160
1039096,1238520,143,0.846057,3160
1038592,1238520,144,0.846526,3160
1037648,1238520,145,0.847406,3152
1038408,1238520,144,0.846697,3160
1040072,1238520,143,0.845093,3208
1040400,1238520,142,0.844782,3208
1037616,1238520,142,0.847436,3200
1040480,1238520,142,0.844713,3200
1037984,1238520,142,0.847097,3200
1040072,1238520,142,0.845101,3200
1041328,1238520,141,0.843864,3240
1039440,1238520,142,0.845674,3224
1041600,1238520,142,0.843571,3224
1037736,1238520,143,0.847215,3224
1040544,1238520,143,0.844538,3224
1039608,1238520,144,0.845441,3208
1040600,1238520,143,0.844462,3248
1039504,1238520,143,0.845546,3248
1037856,1238520,144,0.847082,3248
1034432,1238520,144,0.850220,3248
1031112,1238520,144,0.853143,3248
1033080,1238520,143,0.851449,3248
1035296,1238520,143,0.849451,3248
1035200,1238520,144,0.849537,3248
1036216,1238520,143,0.848595,3280
1035536,1238520,144,0.849207,3280
1036560,1238520,144,0.848240,3280
1037648,1238520,143,0.847222,3304
1040480,1238520,143,0.844523,3304
1038160,1238520,143,0.846749,3304
1034904,1238520,143,0.849751,3304
1038424,1238520,142,0.846549,3304
1042248,1238520,141,0.842873,3344
1038200,1238520,142,0.846742,3320
1038360,1238520,141,0.846593,3320
1034984,1238520,142,0.849665,3320
1031392,1238520,142,0.852843,3320
1031448,1238520,141,0.852795,3320
1032000,1238520,141,0.852280,3320
1028432,1238520,140,0.855369,3320
1026184,1238520,141,0.857201,3320
1029608,1238520,141,0.854352,3320
1033040,1238520,141,0.851379,3320
1029768,1238520,142,0.854177,3320
1027208,1238520,142,0.856333,3320
1030424,1238520,142,0.853625,3320
1026536,1238520,143,0.856839,3320
1029056,1238520,143,0.854732,3320
1031416,1238520,143,0.852699,3320
1030440,1238520,144,0.853550,3296
1027848,1238520,143,0.855790,3296
1030360,1238520,143,0.853659,3296
1033496,1238520,143,0.850918,3296
1030896,1238520,142,0.853245,3296
1031840,1238520,141,0.852432,3304
1030000,1238520,141,0.854036,3304
1029008,1238520,142,0.854899,3264
1030688,1238520,142,0.853449,3264
1029928,1238520,143,0.854097,3256
1027368,1238520,143,0.856255,3256
1024416,1238520,144,0.858622,3256
1025392,1238520,143,0.857829,3280
1026360,1238520,143,0.857014,3280
1025736,1238520,144,0.857516,3280
1026736,1238520,144,0.856671,3280
1027552,1238520,144,0.855967,3280
1029912,1238520,144,0.853969,3280
1027696,1238520,145,0.855810,3280
1026480,1238520,144,0.856878,3280
1025496,1238520,144,0.857708,3280
1029456,1238520,143,0.854472,3280
1026008,1238520,143,0.857336,3280
1028280,1238520,142,0.855488,3280
1029608,1238520,142,0.854345,3280
1030928,1238520,142,0.853191,3280
1029264,1238520,142,0.854632,3280
1029088,1238520,142,0.854819,3280
1032896,1238520,141,0.851574,3288
1034584,1238520,141,0.850050,3288
1032232,1238520,142,0.852108,3288
1034472,1238520,141,0.850142,3296
1031704,1238520,140,0.852637,3296
1031400,1238520,141,0.852925,3264
1027512,1238520,141,0.856209,3264
1029368,1238520,140,0.854639,3312
1028896,1238520,140,0.855071,3312
1032624,1238520,140,0.851873,3312
1031952,1238520,140,0.852493,3312
1034120,1238520,139,0.850566,3360
1036424,1238520,138,0.848465,3408
1039960,1238520,138,0.845146,3408
1038304,1238520,138,0.846749,3400
1040560,1238520,138,0.844584,3400
1038648,1238520,139,0.846385,3400
1040312,1238520,139,0.844774,3400
1036352,1238520,140,0.848450,3400
1034928,1238520,141,0.849730,3400
1032960,1238520,142,0.851463,3400
1034984,1238520,142,0.849637,3400
1038512,1238520,141,0.846422,3400
1036920,1238520,142,0.847912,3376
1040496,1238520,142,0.844531,3376
1037216,1238520,143,0.847641,3328
1039088,1238520,143,0.845862,3328
1040184,1238520,143,0.844782,3328
1036440,1238520,143,0.848305,3328
1033544,1238520,143,0.850932,3328
1032384,1238520,144,0.851942,3328
1035984,1238520,144,0.848718,3328
1039304,1238520,144,0.845614,3328
1041136,1238520,144,0.843825,3328
1039608,1238520,145,0.845290,3320
1041512,1238520,145,0.843424,3320
1040128,1238520,146,0.844790,3280
1036928,1238520,147,0.847773,3280
1035368,1238520,148,0.849207,3256
1032464,1238520,148,0.851810,3256
1028464,1238520,148,0.855237,3256
1029144,1238520,148,0.854632,3256
1032456,1238520,148,0.851776,3256
1031192,1238520,148,0.852904,3256
1033560,1238520,148,0.850812,3256
1032096,1238520,149,0.852115,3224
1030768,1238520,149,0.853293,3224
1029800,1238520,149,0.854171,3200
1026000,1238520,149,0.857329,3200
1026520,1238520,148,0.856911,3200
1023448,1238520,149,0.859350,3200
1024664,1238520,149,0.858356,3200
1027088,1238520,149,0.856372,3200
1028440,1238520,149,0.855223,3200
1028520,1238520,148,0.855157,3200
1027984,1238520,149,0.855626,3168
1031616,1238520,149,0.852535,3168
1027584,1238520,150,0.855915,3168
1028408,1238520,150,0.855197,3168
1028792,1238520,149,0.854852,3200
1031208,1238520,149,0.852774,3200
1030160,1238520,150,0.853686,3176
1026168,1238520,151,0.856982,3176
1029232,1238520,151,0.854425,3176
1029928,1238520,150,0.853807,3216
1027688,1238520,150,0.855731,3192
1031704,1238520,149,0.852349,3200
1033224,1238520,148,0.851016,3216
1032408,1238520,148,0.851769,3216
1035272,1238520,148,0.849200,3216
1033512,1238520,148,0.850805,3216
1031312,1238520,149,0.852713,3216
1035176,1238520,149,0.849286,3216
1034848,1238520,150,0.849580,3216
1034608,1238520,150,0.849836,3216
1035792,1238520,150,0.848732,3216
1036912,1238520,149,0.847678,3256
1040936,1238520,149,0.843856,3256
1040128,1238520,149,0.844675,3256
1042168,1238520,149,0.842662,3256
1039304,1238520,150,0.845411,3256
1041520,1238520,150,0.843246,3256
1037544,1238520,150,0.847053,3256
1038640,1238520,149,0.846019,3272
1038384,1238520,149,0.846303,3272
1034752,1238520,149,0.849658,3272
1036344,1238520,148,0.848203,3296
1039464,1238520,148,0.845267,3296
1039416,1238520,149,0.845313,3296
1041336,1238520,149,0.843432,3296
1037912,1238520,150,0.846690,3280
1036312,1238520,150,0.848225,3256
1039352,1238520,150,0.845365,3256
1040680,1238520,150,0.844056,3256
1037552,1238520,149,0.847089,3256
1034520,1238520,150,0.849836,3256
1035136,1238520,150,0.849243,3256
1033648,1238520,149,0.850651,3256
1031728,1238520,149,0.852377,3240
1031488,1238520,149,0.852624,3240
1033352,1238520,149,0.850967,3240
1032952,1238520,149,0.851393,3200
1030144,1238520,149,0.853841,3200
1028720,1238520,149,0.855071,3200
1030056,1238520,149,0.853915,3200
1026864,1238520,149,0.856626,3160
1029504,1238520,149,0.854412,3160
1026704,1238520,149,0.856755,3160
1030712,1238520,148,0.853408,3192
1031216,1238520,147,0.852979,3192
1028576,1238520,148,0.855197,3192
1025696,1238520,149,0.857541,3192
1029112,1238520,148,0.854726,3224
1030528,1238520,148,0.853496,3224
1030328,1238520,149,0.853679,3208
1030944,1238520,149,0.853116,3208
1031016,1238520,148,0.853054,3208
1033064,1238520,148,0.851247,3208
1037152,1238520,148,0.847546,3208
1039400,1238520,148,0.845411,3208
1035304,1238520,149,0.849179,3208
1031440,1238520,150,0.852569,3208
1033720,1238520,150,0.850545,3208
1030168,1238520,150,0.853652,3208
1028576,1238520,151,0.855005,3184
1032120,1238520,151,0.851963,3184
1028072,1238520,151,0.855422,3184
1029408,1238520,151,0.854271,3184
1030576,1238520,151,0.853245,3184
1028216,1238520,151,0.855263,3184
1030240,1238520,151,0.853530,3184
1031000,1238520,150,0.852870,3200
1029432,1238520,150,0.854238,3200
1030344,1238520,150,0.853428,3200
1027048,1238520,150,0.856209,3200
1023520,1238520,150,0.859068,3200
1021240,1238520,150,0.860870,3200
1023552,1238520,150,0.859043,3200
1024440,1238520,149,0.858337,3208
1027960,1238520,149,0.855455,3208
1026064,1238520,150,0.857033,3168
1028064,1238520,150,0.855362,3168
1025784,1238520,149,0.857297,3168
1029184,1238520,149,0.854472,3168
1026616,1238520,149,0.856626,3168
1029288,1238520,149,0.854385,3168
1029176,1238520,150,0.854479,3168
1025816,1238520,151,0.857233,3168
1023192,1238520,150,0.859387,3168
1026504,1238520,149,0.856716,3216
1027976,1238520,149,0.855474,3216
1025888,1238520,149,0.857214,3216
1025984,1238520,148,0.857136,3216
1029688,1238520,148,0.854050,3216
1029568,1238520,149,0.854150,3216
1026912,1238520,150,0.856385,3168
1025616,1238520,151,0.857439,3160
1027488,1238520,151,0.855882,3160
1027392,1238520,152,0.855961,3160
1028064,1238520,152,0.855369,3160
1030504,1238520,152,0.853286,3160
1032280,1238520,152,0.851720,3160
1031832,1238520,152,0.852191,3112
1033520,1238520,152,0.850679,3112
1033336,1238520,153,0.850840,3112
1033440,1238520,152,0.850749,3112
1033200,1238520,153,0.850960,3112
1031408,1238520,154,0.852555,3064
1031672,1238520,153,0.852328,3064
1035584,1238520,153,0.848841,3064
1034368,1238520,152,0.850014,3064
1036112,1238520,152,0.848407,3064
1034664,1238520,153,0.849708,3064
1037456,1238520,153,0.847134,3064
1035528,1238520,153,0.848934,3064
1036664,1238520,153,0.847861,3064
1035592,1238520,154,0.848833,3064
1036832,1238520,154,0.847663,3064
1032936,1238520,155,0.851149,3064
1029072,1238520,155,0.854492,3064
1029328,1238520,154,0.854278,3064
1028200,1238520,155,0.855250,3024
1031688,1238520,155,0.852266,3024
1033032,1238520,155,0.851058,3024
1029592,1238520,155,0.854050,3024
1031760,1238520,155,0.852163,3024
1029136,1238520,155,0.854432,3024
1025160,1238520,155,0.857720,3024
1021840,1238520,155,0.860361,3024
1019288,1238520,155,0.862333,3024
1019432,1238520,154,0.862219,3032
1017152,1238520,155,0.863906,3032
1018480,1238520,155,0.862893,3032
1020104,1238520,155,0.861641,3032
1021688,1238520,155,0.860397,3032
1021488,1238520,156,0.860551,3032
1024296,1238520,155,0.858337,3064
1023352,1238520,156,0.859087,3056
1019400,1238520,157,0.862117,3056
1020504,1238520,156,0.861278,3064
1022752,1238520,156,0.859512,3064
1024672,1238520,156,0.857963,3064
1021896,1238520,156,0.860176,3064
1023584,1238520,156,0.858824,3064
1019592,1238520,156,0.861931,3064
1016928,1238520,155,0.863976,3064
1018304,1238520,155,0.862928,3064
1018512,1238520,154,0.862774,3064
1018400,1238520,155,0.862857,3064
1014584,1238520,154,0.865700,3064
1015856,1238520,154,0.864754,3064
1012248,1238520,154,0.867342,3064
1012168,1238520,155,0.867398,3064
1008544,1238520,155,0.869897,3064
1011528,1238520,154,0.867873,3064
1011704,1238520,153,0.867752,3064
1013088,1238520,153,0.866756,3064
1009064,1238520,153,0.869549,3064
1009136,1238520,152,0.869501,3064
1005784,1238520,153,0.871715,3064
1005752,1238520,154,0.871736,3064
1007472,1238520,154,0.870578,3064
1004784,1238520,155,0.872330,3064
1002952,1238520,155,0.873528,3064
999824,1238520,154,0.875535,3056
1002952,1238520,154,0.873563,3056
1000368,1238520,153,0.861576,3040
1003800,1238520,153,0.859163,3040
1000832,1238520,153,0.861259,3040
1004304,1238520,152,0.858830,3056
1008016,1238520,152,0.856114,3056
1005504,1238520,152,0.857974,3056
1007032,1238520,152,0.856834,3056
1006184,1238520,152,0.857490,3048
1003888,1238520,153,0.859141,3032
1005072,1238520,152,0.858272,3072
1003752,1238520,152,0.859242,3072
1004392,1238520,151,0.858779,3088
1003136,1238520,152,0.859664,3088
1004608,1238520,152,0.858591,3088
1000952,1238520,153,0.861144,3088
1000704,1238520,153,0.861352,3080
1004800,1238520,152,0.858494,3080
1004376,1238520,152,0.858830,3080
1005488,1238520,152,0.858003,3080
1007688,1238520,152,0.856372,3080
1005640,1238520,152,0.857894,3080
1009512,1238520,152,0.855022,3080
1011120,1238520,152,0.853773,3080
1007392,1238520,153,0.856554,3080
1009504,1238520,153,0.854956,3080
1005976,1238520,154,0.857548,3080
1005920,1238520,155,0.857589,3080
1003248,1238520,155,0.859524,3080
1003352,1238520,154,0.859451,3080
1006864,1238520,153,0.856928,3096
1005976,1238520,154,0.857577,3088
1006616,1238520,154,0.857079,3088
1004704,1238520,154,0.858489,3088
1000864,1238520,154,0.861204,3088
997136,1238520,154,0.863744,3088
999504,1238520,154,0.862130,3088
1000368,1238520,153,0.861527,3112
1002048,1238520,153,0.860339,3112
1002936,1238520,152,0.859714,3120
1001632,1238520,152,0.860654,3120
998144,1238520,152,0.863054,3120
999768,1238520,152,0.861929,3120
1000328,1238520,151,0.861543,3128
1002008,1238520,151,0.860355,3128
1002712,1238520,151,0.859832,3128
999456,1238520,151,0.845900,3128
1000360,1238520,150,0.845178,3176
998976,1238520,151,0.846226,3176
999560,1238520,150,0.845779,3184
1002424,1238520,150,0.843543,3184
1000056,1238520,150,0.845403,3184
999376,1238520,149,0.845991,3184
1000944,1238520,149,0.844761,3184
1002848,1238520,149,0.843250,3184
1001720,1238520,149,0.844164,3184
1003056,1238520,148,0.843087,3232
1001488,1238520,148,0.844343,3232
998152,1238520,149,0.846874,3232
999944,1238520,149,0.845488,3232
1003472,1238520,149,0.842723,3232
1003216,1238520,150,0.842924,3232
1005128,1238520,150,0.841370,3232
1005056,1238520,150,0.841466,3232
1008152,1238520,150,0.838911,3232
1004536,1238520,150,0.841881,3232
1006072,1238520,150,0.840610,3232
1005640,1238520,151,0.840959,3232
1009240,1238520,151,0.837967,3232
1005648,1238520,150,0.840991,3232
1005040,1238520,151,0.841491,3216
1004944,1238520,152,0.841568,3216
1008520,1238520,152,0.838620,3216
1012616,1238520,152,0.835110,3216
1010520,1238520,152,0.836945,3216
1008744,1238520,153,0.838434,3216
1006872,1238520,153,0.840013,3216
1008320,1238520,152,0.838785,3264
1006872,1238520,153,0.840013,3216
1006016,1238520,153,0.840785,3168
1004008,1238520,154,0.842388,3168
1005568,1238520,154,0.841107,3168
1006552,1238520,153,0.840306,3176
1009960,1238520,153,0.837451,3176
1010120,1238520,152,0.837316,3176
1007568,1238520,152,0.839477,3176
1007200,1238520,153,0.839778,3176
1003168,1238520,153,0.843043,3176
1006920,1238520,153,0.840007,3176
1009616,1238520,153,0.837740,3176
1012336,1238520,153,0.835387,3176
1011088,1238520,154,0.836456,3176
1011496,1238520,153,0.836087,3200
1010392,1238520,154,0.837060,3160
1007040,1238520,155,0.839850,3152
1006400,1238520,156,0.840384,3136
1004544,1238520,156,0.841913,3136
1007784,1238520,156,0.839254,3136
1010512,1238520,156,0.836938,3136
1007792,1238520,156,0.839247,3136
1004552,1238520,156,0.841906,3136
1006664,1238520,155,0.840176,3176
1009296,1238520,154,0.838007,3176
1011008,1238520,154,0.836524,3176
1013176,1238520,153,0.834659,3176
1016416,1238520,153,0.831748,3176
1020104,1238520,153,0.828314,3176
1016208,1238520,153,0.831936,3176
1016760,1238520,152,0.831438,3176
1013032,1238520,153,0.834764,3152
1013064,1238520,152,0.834736,3152
1009816,1238520,152,0.837552,3152
1011440,1238520,152,0.836135,3152
1010336,1238520,153,0.837080,3144
1008280,1238520,153,0.838838,3144
1009792,1238520,153,0.837538,3144
1009912,1238520,152,0.837437,3144
1007760,1238520,152,0.839273,3136
1009680,1238520,152,0.837639,3136
1008904,1238520,153,0.838287,3136
1012728,1238520,153,0.835000,3136
1009040,1238520,153,0.838174,3136
1007944,1238520,154,0.839096,3120
1011520,1238520,154,0.836053,3120
1011000,1238520,155,0.836497,3120
1013984,1238520,155,0.833876,3120
1012984,1238520,155,0.834791,3120
1013880,1238520,154,0.834009,3120
1016080,1238520,154,0.832015,3120
1015520,1238520,155,0.832523,3112
1013032,1238520,155,0.834771,3096
1016528,1238520,154,0.831662,3112
1015520,1238520,155,0.832580,3096
1016152,1238520,154,0.831993,3120
1017280,1238520,153,0.830959,3136
1016392,1238520,154,0.831770,3128
1017496,1238520,153,0.830763,3136
1014840,1238520,153,0.833192,3136
1018744,1238520,153,0.829617,3136
1015704,1238520,154,0.832380,3136
1016744,1238520,153,0.831438,3144
1014840,1238520,154,0.833142,3144
1011952,1238520,154,0.835704,3144
1012728,1238520,153,0.835034,3144
1011376,1238520,154,0.836204,3136
1009264,1238520,155,0.838021,3096
1013136,1238520,155,0.834680,3096
1015272,1238520,154,0.832787,3112
1012552,1238520,153,0.835256,3112
1015248,1238520,153,0.832851,3112
1017752,1238520,153,0.830551,3112
1016064,1238520,153,0.832158,3072
1019584,1238520,153,0.828898,3072
1018968,1238520,153,0.829514,3072
1015560,1238520,153,0.832652,3072
1012336,1238520,153,0.835518,3072
1015152,1238520,153,0.833014,3072
1017736,1238520,153,0.830646,3072
1019328,1238520,153,0.829136,3072
1019104,1238520,153,0.829388,3072
1019760,1238520,152,0.828778,3072
1015936,1238520,152,0.832352,3032
1014832,1238520,152,0.833376,3032
1014912,1238520,151,0.833305,3032
1014264,1238520,151,0.833918,3032
1015648,1238520,150,0.832687,3040
1014088,1238520,150,0.834108,3040
1010504,1238520,150,0.837229,3040
1011184,1238520,150,0.836612,3040
1011608,1238520,149,0.836251,3040
1015328,1238520,149,0.832972,3040
1013960,1238520,149,0.834220,3040
1012632,1238520,149,0.835414,3040
1016288,1238520,149,0.832158,3040
1017120,1238520,148,0.831366,3088
1014536,1238520,148,0.833714,3088
1010784,1238520,148,0.836992,3088
1011592,1238520,147,0.836306,3088
1013592,1238520,147,0.834541,3088
1013456,1238520,148,0.834659,3088
1014728,1238520,148,0.833503,3088
1012536,1238520,149,0.835414,3088
1014896,1238520,149,0.833312,3088
1012208,1238520,149,0.835697,3088
1015992,1238520,149,0.832337,3088
1015920,1238520,150,0.832402,3088
1017008,1238520,149,0.831424,3088
1016440,1238520,149,0.831979,3088
1020304,1238520,149,0.828389,3088
1018976,1238520,149,0.829669,3088
1016360,1238520,149,0.832101,3080
1013544,1238520,149,0.834631,3080
1016656,1238520,149,0.831835,3080
1020616,1238520,149,0.828149,3080
1019560,1238520,149,0.829203,3056
1019968,1238520,148,0.828808,3072
1019296,1238520,148,0.829477,3072
1018112,1238520,149,0.830602,3032
1018352,1238520,148,0.830375,3040
1020792,1238520,148,0.828066,3040
1024016,1238520,148,0.824932,3040
1021144,1238520,149,0.827689,3040
1025136,1238520,149,0.823785,3040
1022392,1238520,149,0.826502,3040
1020656,1238520,150,0.828149,3040
1018760,1238520,151,0.829927,3024
1017424,1238520,152,0.831192,2976
1020352,1238520,151,0.828449,3024
1024424,1238520,151,0.824502,3024
1028256,1238520,151,0.820615,3024
1026728,1238520,151,0.822214,3024
1027584,1238520,150,0.821308,3064
1028992,1238520,149,0.819850,3080
1026824,1238520,150,0.822061,3080
1027688,1238520,150,0.821137,3080
1026416,1238520,150,0.822495,3056
1022840,1238520,149,0.826102,3056
1026176,1238520,149,0.822784,3056
1026360,1238520,148,0.822600,3056
1025240,1238520,148,0.823801,3016
1028352,1238520,148,0.820623,3016
1028280,1238520,149,0.820697,3016
1024408,1238520,150,0.824572,3016
1024464,1238520,149,0.824518,3016
1026112,1238520,148,0.822864,3040
1025248,1238520,149,0.823746,3016
1027192,1238520,148,0.821787,3032
1025464,1238520,148,0.823564,3032
1023080,1238520,147,0.825987,3032
1019328,1238520,147,0.829573,3032
1015976,1238520,147,0.832659,3032
1017536,1238520,146,0.831242,3048
1015016,1238520,146,0.833538,3048
1014320,1238520,147,0.834171,3024
1014160,1238520,147,0.834352,3024
1017920,1238520,147,0.830959,3024
1019016,1238520,146,0.829957,3024
1022504,1238520,146,0.826640,3024
1024664,1238520,145,0.824541,3032
1025968,1238520,145,0.823206,3032
1028632,1238520,144,0.820475,3072
1025832,1238520,143,0.823397,3072
1023600,1238520,144,0.825593,3064
1020112,1238520,145,0.828905,3064
1022088,1238520,145,0.826998,3064
1019952,1238520,145,0.829099,3016
1022320,1238520,145,0.826823,3016
1024064,1238520,144,0.825111,3048
1025048,1238520,143,0.824140,3056
1021536,1238520,143,0.827576,3056
1023080,1238520,143,0.826056,3056
1022400,1238520,144,0.826708,3056
1025312,1238520,144,0.823833,3056
1025216,1238520,144,0.823975,3056
1026896,1238520,143,0.822287,3072
1025856,1238520,143,0.823373,3072
1027008,1238520,143,0.822174,3072
1026776,1238520,143,0.822455,3072
1023864,1238520,143,0.825376,3072
1027080,1238520,143,0.822150,3072
1030712,1238520,142,0.818367,3120
1030688,1238520,143,0.818392,3120
1028416,1238520,143,0.820795,3120
1031152,1238520,143,0.817904,3120
1033168,1238520,143,0.815699,3120
1033064,1238520,144,0.815812,3120
1036296,1238520,144,0.812201,3120
1033248,1238520,145,0.815561,3120
1033936,1238520,144,0.814778,3152
1031432,1238520,144,0.817523,3152
1029264,1238520,144,0.819841,3152
1029720,1238520,143,0.819361,3160
1031512,1238520,143,0.817430,3160
1030048,1238520,144,0.818969,3160
1031320,1238520,144,0.817582,3160
1027912,1238520,144,0.821170,3160
1030832,1238520,144,0.818098,3160
1030152,1238520,144,0.818869,3152
1033264,1238520,144,0.815509,3152
1032376,1238520,145,0.816509,3112
1034952,1238520,144,0.813706,3112
1031088,1238520,145,0.817878,3112
1028872,1238520,146,0.820188,3112
1026328,1238520,146,0.822816,3112
1022296,1238520,146,0.826800,3112
1024904,1238520,145,0.824274,3112
1022464,1238520,146,0.826640,3112
1026384,1238520,146,0.822760,3112
1029808,1238520,146,0.819219,3112
1026360,1238520,146,0.822784,3112
1024024,1238520,146,0.825135,3112
1028072,1238520,146,0.821056,3112
1024264,1238520,147,0.824862,3104
1025688,1238520,146,0.823461,3104
1029296,1238520,146,0.819759,3104
1032192,1238520,146,0.816663,3104
1029584,1238520,146,0.819460,3104
1027752,1238520,146,0.821390,3104
1031584,1238520,145,0.817379,3136
1028344,1238520,146,0.820754,3136
1030464,1238520,146,0.818509,3136
1034432,1238520,146,0.814200,3136
1036576,1238520,146,0.811760,3136
1034416,1238520,146,0.814217,3136
1033016,1238520,146,0.815829,3104
1032920,1238520,147,0.815933,3104
1035656,1238520,147,0.812881,3104
1036160,1238520,146,0.812291,3128
1039736,1238520,146,0.808138,3128
1037000,1238520,146,0.811344,3128
1035896,1238520,146,0.812640,3128
1035200,1238520,147,0.813459,3088
1031384,1238520,147,0.817684,3048
1034920,1238520,146,0.813857,3056
1031440,1238520,147,0.817616,3056
1027520,1238520,147,0.821722,3056
1025376,1238520,147,0.823912,3056
1028920,1238520,147,0.820295,3056
1030992,1238520,147,0.818089,3056
1031112,1238520,146,0.817963,3056
1031864,1238520,145,0.817115,3104
1033408,1238520,145,0.815405,3104
1034064,1238520,144,0.814682,3112
1032728,1238520,144,0.816182,3112
1034264,1238520,144,0.814463,3112
1030632,1238520,145,0.818358,3112
1033216,1238520,144,0.815570,3144
1031512,1238520,144,0.817447,3144
1029608,1238520,145,0.819444,3144
1027000,1238520,146,0.822110,3144
1030264,1238520,146,0.818710,3144
1029376,1238520,147,0.819634,3144
1031264,1238520,146,0.817642,3160
1028776,1238520,146,0.820286,3160
1032336,1238520,146,0.816500,3160
1034904,1238520,145,0.813662,3200
1031504,1238520,146,0.817345,3200
1027752,1238520,147,0.821284,3160
1026848,1238520,148,0.822198,3160
1030168,1238520,148,0.818744,3160
1033544,1238520,148,0.815092,3160
1035952,1238520,147,0.812416,3176
1036144,1238520,146,0.812201,3176
1032808,1238520,147,0.815872,3176
1029936,1238520,147,0.818969,3176
1032656,1238520,147,0.816036,3176
1036320,1238520,147,0.811949,3176
1033952,1238520,147,0.814630,3176
1030296,1238520,146,0.818644,3176
1034080,1238520,146,0.814542,3176
1036048,1238520,146,0.812309,3176
1034952,1238520,146,0.813583,3176
1030960,1238520,147,0.817895,3176
1027528,1238520,147,0.821495,3176
1029216,1238520,146,0.819742,3200
1030768,1238520,146,0.818072,3200
1028976,1238520,147,0.819940,3200
1028144,1238520,148,0.820844,3152
1030368,1238520,148,0.818493,3152
1030104,1238520,148,0.818819,3152
1027856,1238520,149,0.821137,3152
1029760,1238520,148,0.819161,3168
1032272,1238520,148,0.816457,3168
1034912,1238520,148,0.813530,3168
1033360,1238520,149,0.815275,3128
1036896,1238520,149,0.811299,3128
1035560,1238520,148,0.812908,3128
1033392,1238520,149,0.815344,3080
1031736,1238520,149,0.817175,3080
1034216,1238520,149,0.814446,3080
1038000,1238520,149,0.810150,3080
1034504,1238520,150,0.814094,3064
1037752,1238520,149,0.810397,3112
1041440,1238520,149,0.806025,3112
1038304,1238520,149,0.809764,3112
1035552,1238520,150,0.812881,3112
1039128,1238520,150,0.808754,3112
1036320,1238520,150,0.812021,3112
1036992,1238520,149,0.811263,3112
1040504,1238520,148,0.807196,3112
1038272,1238520,148,0.809856,3112
1036360,1238520,149,0.812030,3112
1033088,1238520,150,0.815656,3096
1030920,1238520,151,0.817971,3096
1028280,1238520,151,0.820762,3096
1030344,1238520,151,0.818577,3096
1032416,1238520,151,0.816328,3096
1028872,1238520,152,0.820056,3096
1031712,1238520,152,0.817030,3096
1035792,1238520,152,0.812524,3096
1036680,1238520,151,0.811525,3096
1039664,1238520,151,0.808034,3096
1038952,1238520,152,0.808866,3096
1042216,1238520,151,0.804965,3120
1042936,1238520,150,0.804070,3136
1042056,1238520,151,0.805149,3128
1043776,1238520,150,0.803029,3144
1040552,1238520,150,0.806987,3144
1037512,1238520,150,0.810580,3144
1036176,1238520,150,0.812147,3144
1035896,1238520,150,0.812533,3128
1039168,1238520,149,0.808791,3136
1037304,1238520,149,0.810990,3136
1039096,1238520,148,0.808931,3136
1039424,1238520,147,0.808540,3144
1036360,1238520,148,0.812048,3144
1038408,1238520,148,0.809662,3144
1038720,1238520,147,0.809274,3168
1041152,1238520,146,0.806407,3176
1039296,1238520,147,0.808652,3128
1041856,1238520,147,0.805564,3128
1040744,1238520,148,0.806949,3080
1036880,1238520,148,0.811480,3080
1034512,1238520,148,0.814174,3080
1030424,1238520,149,0.818560,3080
1030688,1238520,148,0.818283,3080
1031648,1238520,148,0.817217,3080
1029592,1238520,149,0.819377,3080
1027552,1238520,150,0.821471,3080
1031424,1238520,150,0.817404,3080
1031152,1238520,150,0.817743,3080
1035184,1238520,150,0.813326,3080
1033648,1238520,150,0.815066,3080
1036528,1238520,150,0.811823,3080
1037392,1238520,149,0.810836,3088
1039424,1238520,148,0.808484,3096
1039208,1238520,149,0.808735,3096
1043024,1238520,148,0.804178,3104
1041752,1238520,148,0.805775,3104
1039496,1238520,148,0.808502,3104
1041352,1238520,147,0.806254,3152
1044136,1238520,147,0.802811,3152
1041152,1238520,148,0.806436,3152
1043336,1238520,148,0.803737,3152
1042200,1238520,148,0.805178,3152
1040592,1238520,148,0.807177,3136
1040328,1238520,149,0.807489,3136
1043840,1238520,148,0.803226,3160
1043720,1238520,149,0.803374,3160
1042128,1238520,148,0.805429,3160
1041808,1238520,149,0.805823,3152
1039744,1238520,149,0.808325,3152
1036472,1238520,149,0.812129,3152
1034864,1238520,149,0.814015,3112
1034936,1238520,148,0.813936,3112
1031512,1238520,148,0.817684,3112
1028008,1238520,148,0.821365,3112
1027536,1238520,149,0.821851,3104
1028624,1238520,148,0.820721,3128
1025200,1238520,149,0.824156,3128
1026112,1238520,148,0.823238,3144
1028560,1238520,148,0.820721,3144
1029288,1238520,148,0.819924,3144
1033160,1238520,148,0.815786,3144
1034776,1238520,147,0.814024,3144
1032832,1238520,148,0.816139,3144
1035328,1238520,148,0.813361,3144
1035472,1238520,147,0.813201,3144
1033600,1238520,147,0.815309,3144
1035808,1238520,147,0.812828,3144
1033888,1238520,148,0.814944,3144
1033760,1238520,149,0.815083,3144
1032672,1238520,150,0.816260,3144
1034432,1238520,150,0.814297,3144
1032888,1238520,150,0.816027,3144
1033880,1238520,150,0.814900,3144
1033192,1238520,151,0.815682,3112
1036712,1238520,150,0.811769,3136
1037072,1238520,149,0.811362,3136
1039160,1238520,149,0.808912,3136
1040608,1238520,148,0.807205,3144
1037888,1238520,149,0.810370,3144
1034016,1238520,149,0.814752,3144
1032592,1238520,150,0.816294,3144
1034184,1238520,149,0.814516,3192
1034520,1238520,148,0.814147,3192
1037280,1238520,148,0.811008,3192
1040272,1238520,148,0.807489,3192
1041256,1238520,148,0.806264,3192
1041408,1238520,147,0.806082,3192
1038192,1238520,146,0.809966,3192
1038784,1238520,145,0.809274,3200
1042312,1238520,144,0.805081,3216
1039976,1238520,145,0.807865,3216
1039096,1238520,145,0.808959,3208
1040616,1238520,145,0.807120,3208
1038408,1238520,144,0.809810,3208
1035944,1238520,145,0.812604,3208
1037784,1238520,145,0.810470,3208
1040808,1238520,145,0.806892,3208
1043184,1238520,145,0.803972,3208
1039872,1238520,146,0.807941,3208
1043168,1238520,145,0.803972,3224
1042328,1238520,145,0.805052,3224
1041520,1238520,146,0.806025,3224
1045600,1238520,146,0.800953,3224
1048184,1238520,146,0.797578,3224
1044256,1238520,146,0.802633,3224
1045416,1238520,145,0.801184,3224
1045360,1238520,145,0.801315,3224
1046120,1238520,144,0.800295,3272
1044528,1238520,145,0.802355,3224
1048288,1238520,145,0.797505,3224
1045512,1238520,146,0.801064,3224
1044296,1238520,146,0.802643,3224
1040576,1238520,146,0.807205,3224
1044016,1238520,145,0.803049,3224
1046240,1238520,145,0.800203,3224
1046048,1238520,145,0.800508,3224
1045544,1238520,145,0.797712,3224
1047328,1238520,144,0.795372,3248
1047664,1238520,143,0.794889,3280
1044088,1238520,143,0.799549,3280
1045888,1238520,143,0.797199,3280
1049056,1238520,143,0.792977,3280
1048080,1238520,143,0.794372,3256
1049000,1238520,143,0.793084,3256
1048016,1238520,144,0.794404,3248
1048760,1238520,144,0.793351,3248
1047400,1238520,144,0.795215,3248
1047904,1238520,143,0.794520,3272
1046952,1238520,143,0.795842,3264
1046832,1238520,144,0.795999,3264
1047384,1238520,143,0.795257,3280
1049816,1238520,143,0.791953,3280
1048136,1238520,144,0.794202,3280
1045016,1238520,145,0.798254,3280
1047400,1238520,145,0.795110,3280
1045544,1238520,146,0.797579,3232
1047032,1238520,145,0.795644,3240
1045872,1238520,146,0.797148,3240
1047160,1238520,145,0.795424,3280
1048176,1238520,145,0.794022,3280
1047536,1238520,146,0.794868,3280
1049848,1238520,146,0.791714,3280
1048128,1238520,146,0.794086,3280
1050992,1238520,146,0.790151,3280
1048408,1238520,145,0.793778,3280
1046544,1238520,145,0.796290,3280
1047440,1238520,144,0.795120,3280
1043632,1238520,143,0.800120,3280
1046936,1238520,143,0.795842,3280
1050248,1238520,143,0.791367,3280
1047936,1238520,142,0.794594,3280
1051104,1238520,141,0.790283,3312
1047264,1238520,141,0.795498,3312
1048064,1238520,141,0.794382,3312
1046384,1238520,141,0.796642,3312
1047904,1238520,141,0.794594,3312
1045792,1238520,142,0.797343,3312
1047752,1238520,142,0.794731,3312
1046432,1238520,142,0.796518,3312
1045616,1238520,143,0.797620,3272
1046952,1238520,143,0.795832,3272
1049224,1238520,143,0.792762,3272
1047752,1238520,143,0.794784,3272
1050392,1238520,143,0.791181,3272
1048704,1238520,143,0.793522,3272
1052488,1238520,143,0.788283,3272
1052280,1238520,144,0.788574,3272
1054400,1238520,144,0.785500,3272
1051704,1238520,145,0.789310,3272
1053624,1238520,144,0.786610,3272
1049536,1238520,145,0.792277,3272
1050192,1238520,144,0.791356,3296
1049432,1238520,145,0.792450,3248
1053176,1238520,145,0.787213,3248
1051040,1238520,146,0.790217,3232
1050048,1238520,146,0.791638,3232
1048144,1238520,147,0.794192,3232
1044608,1238520,147,0.798853,3216
1044624,1238520,146,0.798832,3216
1040664,1238520,147,0.803722,3216
1044648,1238520,147,0.798741,3216
1043232,1238520,148,0.800519,3216
1039400,1238520,149,0.805214,3184
1043488,1238520,149,0.800180,3184
1044216,1238520,148,0.799267,3184
1047408,1238520,148,0.795099,3184
1043888,1238520,149,0.799619,3184
1041480,1238520,150,0.802617,3168
1042688,1238520,150,0.801075,3168
1040024,1238520,149,0.804433,3168
1043120,1238520,149,0.800599,3168
1042032,1238520,149,0.802031,3144
1046000,1238520,149,0.796983,3144
1047752,1238520,149,0.794636,3144
1050896,1238520,149,0.790338,3144
1053656,1238520,149,0.786405,3144
1053576,1238520,150,0.786519,3144
1052056,1238520,151,0.788686,3128
1052864,1238520,150,0.787552,3128
1054128,1238520,150,0.785684,3128
1052800,1238520,151,0.787574,3128
1055576,1238520,151,0.783513,3128
1052944,1238520,152,0.787303,3128
1053184,1238520,151,0.786963,3128
1051912,1238520,152,0.788753,3128
1052776,1238520,152,0.787473,3128
1051016,1238520,152,0.789996,3128
1054064,1238520,152,0.785638,3128
1052112,1238520,152,0.788474,3128
1051432,1238520,151,0.789554,3128
1050536,1238520,151,0.790853,3128
1050360,1238520,151,0.791159,3128
1047848,1238520,151,0.794594,3128
1046208,1238520,151,0.796838,3096
1049160,1238520,151,0.792891,3096
1048656,1238520,152,0.793597,3072
1045728,1238520,153,0.797487,3024
1048160,1238520,153,0.794255,3024
1050008,1238520,152,0.791725,3064
1052720,1238520,152,0.787913,3064
1052424,1238520,153,0.788395,3016
1055272,1238520,153,0.784261,3016
1055376,1238520,152,0.784109,3016
1051504,1238520,151,0.789742,3016
1052952,1238520,150,0.787699,3032
1051504,1238520,151,0.789731,3024
1051960,1238520,150,0.789099,3024
1053656,1238520,149,0.786645,3072
1056320,1238520,148,0.782736,3104
1056984,1238520,147,0.781740,3112
1054672,1238520,148,0.785131,3112
1050864,1238520,149,0.790514,3096
1052720,1238520,148,0.787868,3144
1052480,1238520,149,0.788216,3136
1054728,1238520,149,0.784946,3136
1057808,1238520,149,0.780324,3136
1057384,1238520,150,0.780962,3136
1059576,1238520,150,0.777549,3136
1058920,1238520,151,0.778560,3136
1062544,1238520,151,0.772782,3136
1060048,1238520,151,0.776816,3136
1061344,1238520,150,0.774728,3168
1059456,1238520,150,0.777759,3168
1061464,1238520,150,0.774537,3168
1059480,1238520,151,0.777697,3136
1058208,1238520,151,0.779719,3136
1058480,1238520,150,0.779305,3136
1061080,1238520,149,0.775222,3168
1060624,1238520,150,0.775940,3168
1058592,1238520,150,0.779171,3160
1057960,1238520,151,0.780167,3136
1055128,1238520,152,0.784366,3136
1054264,1238520,153,0.785626,3128
1056304,1238520,153,0.782583,3128
1059416,1238520,152,0.777821,3168
1055952,1238520,152,0.783172,3128
1053616,1238520,153,0.786553,3128
1055360,1238520,153,0.783969,3128
1056776,1238520,152,0.781883,3128
1054856,1238520,153,0.784702,3128
1055472,1238520,152,0.783771,3152
1054992,1238520,152,0.784540,3152
1056088,1238520,151,0.782925,3160
1057832,1238520,151,0.780252,3160
1057472,1238520,152,0.780794,3160
1057136,1238520,153,0.781298,3160
1058352,1238520,153,0.779391,3160
1061488,1238520,153,0.774436,3160
1062504,1238520,152,0.772756,3192
1064584,1238520,152,0.769266,3192
1063456,1238520,153,0.771155,3176
1063664,1238520,152,0.770814,3176
1060440,1238520,153,0.775991,3176
1063672,1238520,153,0.770722,3176
1063528,1238520,154,0.770959,3176
1063048,1238520,154,0.771835,3168
1066736,1238520,154,0.765586,3168
1069344,1238520,154,0.760931,3168
1069000,1238520,154,0.761629,3168
1069288,1238520,153,0.761102,3176
1068848,1238520,153,0.761970,3176
1065360,1238520,152,0.768155,3176
1063912,1238520,153,0.770591,3160
1062128,1238520,153,0.773605,3136
1065728,1238520,152,0.767643,3160
1066592,1238520,151,0.766162,3168
1066264,1238520,151,0.766803,3168
1070216,1238520,151,0.759796,3168
1069544,1238520,151,0.761102,3160
1066672,1238520,152,0.766162,3136
1070000,1238520,152,0.760242,3136
1071232,1238520,152,0.757919,3136
1074032,1238520,152,0.752584,3136
1076448,1238520,152,0.747776,3136
1073760,1238520,151,0.753195,3136
1069928,1238520,152,0.760285,3136
1067968,1238520,152,0.763840,3136
1066320,1238520,152,0.766803,3112
1065056,1238520,153,0.768933,3112
1068592,1238520,153,0.762789,3112
1066720,1238520,153,0.766121,3112
1068976,1238520,153,0.762112,3112
1067648,1238520,154,0.764508,3072
1065208,1238520,154,0.768746,3072
1063024,1238520,153,0.772497,3072
1061552,1238520,154,0.774855,3072
1065512,1238520,154,0.768317,3072
1067992,1238520,154,0.763994,3072
1065656,1238520,154,0.768075,3072
1064280,1238520,155,0.770393,3056
1060864,1238520,155,0.776016,3024
1064672,1238520,155,0.769798,3024
1064464,1238520,156,0.770142,3024
1068184,1238520,156,0.763743,3024
1065752,1238520,156,0.767994,3024
1062560,1238520,157,0.773246,3024
1062640,1238520,156,0.773117,3024
1066032,1238520,156,0.767441,3024
1062768,1238520,157,0.772833,3024
1065376,1238520,157,0.768464,3024
1069288,1238520,157,0.761629,3024
1068784,1238520,157,0.762648,3000
1064872,1238520,158,0.769346,3000
1067456,1238520,158,0.764882,3000
1065600,1238520,158,0.768129,3000
1067520,1238520,157,0.764855,3000
1065744,1238520,157,0.767967,3000
1067056,1238520,157,0.765654,3000
1064176,1238520,158,0.770498,3000
1067720,1238520,158,0.764425,3000
1068672,1238520,158,0.762677,3000
1072192,1238520,158,0.756221,3000
1071368,1238520,158,0.757831,3000
1071160,1238520,159,0.758212,3000
1069192,1238520,160,0.761757,3000
1067072,1238520,161,0.765462,3000
1068400,1238520,161,0.763071,3000
1071608,1238520,161,0.757213,3000
1072688,1238520,161,0.755116,3000
1074104,1238520,160,0.752354,3040
1072808,1238520,161,0.754876,3008
1071952,1238520,162,0.756548,2968
1074384,1238520,162,0.751862,2968
1073480,1238520,163,0.753682,2920
1072568,1238520,164,0.755401,2920
1074752,1238520,164,0.751152,2920
1071416,1238520,164,0.757537,2920
1075208,1238520,164,0.750266,2920
1078600,1238520,163,0.743437,2936
1076664,1238520,163,0.747473,2928
1076008,1238520,164,0.748790,2920
1079824,1238520,164,0.740926,2920
1082584,1238520,164,0.734894,2920
1084560,1238520,163,0.730370,2968
1083224,1238520,163,0.733480,2968
1081144,1238520,163,0.738125,2968
1079424,1238520,164,0.741763,2968
1078784,1238520,163,0.743288,2968
1076560,1238520,164,0.747792,2968
1077032,1238520,163,0.746849,2968
1078488,1238520,162,0.743881,2976
1079176,1238520,161,0.742445,2984
1080936,1238520,161,0.738639,2984
1079584,1238520,162,0.741495,2984
1081928,1238520,162,0.736398,2984
1085424,1238520,162,0.728465,2984
1088520,1238520,161,0.721094,3000
1089088,1238520,160,0.719686,3008
1087048,1238520,160,0.724725,3008
1086888,1238520,161,0.725103,3008
1086024,1238520,161,0.727242,3008
1084000,1238520,161,0.731979,3008
1082888,1238520,162,0.734454,3008
1084224,1238520,161,0.731439,3024
1081880,1238520,161,0.736728,3024
1080344,1238520,161,0.740151,3008
1082000,1238520,160,0.736554,3032
1080904,1238520,161,0.738929,3024
1079488,1238520,162,0.741996,2984
1082496,1238520,162,0.735473,2984
1082624,1238520,161,0.735193,2984
1084056,1238520,160,0.731961,3008
1081984,1238520,160,0.736641,3008
1078840,1238520,161,0.743288,3008
1078768,1238520,161,0.743535,3008
1078496,1238520,161,0.744192,3008
1078880,1238520,160,0.743404,3008
1079144,1238520,159,0.742859,3008
1080992,1238520,159,0.738878,3008
1077480,1238520,159,0.746254,3008
1080640,1238520,159,0.739626,3008
1082344,1238520,158,0.735928,3024
1086000,1238520,158,0.727595,3024
1087976,1238520,158,0.722816,3024
1090440,1238520,158,0.716645,3024
1090472,1238520,157,0.716565,3024
1091392,1238520,156,0.714194,3040
1087848,1238520,156,0.723084,3040
1088408,1238520,155,0.721735,3040
1088888,1238520,154,0.720568,3040
1084800,1238520,155,0.730206,3040
1086336,1238520,154,0.726663,3040
1089000,1238520,154,0.720176,3040
1089864,1238520,153,0.717965,3072
1088776,1238520,154,0.720704,3048
1086712,1238520,154,0.707650,3048
1087896,1238520,154,0.704528,3048
1089512,1238520,153,0.700267,3072
1089144,1238520,153,0.701360,3072
1090544,1238520,153,0.697523,3072
1086944,1238520,154,0.706946,3048
1090160,1238520,154,0.698486,3048
1087728,1238520,155,0.704856,3040
1089096,1238520,155,0.701192,3040
1085936,1238520,155,0.709365,3040
1087712,1238520,155,0.704774,3040
1087096,1238520,155,0.706522,3016
1089184,1238520,154,0.701066,3048
1087848,1238520,154,0.704651,3048
1090192,1238520,154,0.698400,3048
1089808,1238520,155,0.699422,3048
1089704,1238520,156,0.699697,3048
1090248,1238520,155,0.698251,3048
1091616,1238520,154,0.694486,3072
1088392,1238520,155,0.703066,3072
1088736,1238520,154,0.702174,3072
1086960,1238520,154,0.706846,3072
1086128,1238520,155,0.708928,3072
1087040,1238520,154,0.706644,3072
1084584,1238520,154,0.712851,3064
1086960,1238520,154,0.706866,3064
1085280,1238520,154,0.711197,3048
1085168,1238520,155,0.711471,3048
1089264,1238520,155,0.700982,3048
1089736,1238520,154,0.699739,3048
1092192,1238520,154,0.692967,3048
1089344,1238520,155,0.700646,3048
1091520,1238520,154,0.694793,3056
1087832,1238520,155,0.704549,3056
1088648,1238520,154,0.702403,3072
1088040,1238520,154,0.704097,3072
1087896,1238520,154,0.704610,3064
1085552,1238520,154,0.710609,3064
1085872,1238520,153,0.709800,3072
1082432,1238520,154,0.718057,3072
1081480,1238520,154,0.720480,3024
1081904,1238520,153,0.719505,3024
1081976,1238520,152,0.719339,3024
1085616,1238520,151,0.710550,3072
1081976,1238520,152,0.719339,3024
1081376,1238520,151,0.721011,2992
1080208,1238520,152,0.723653,2992
1081512,1238520,151,0.720645,3016
1079760,1238520,151,0.724706,3016
1076856,1238520,150,0.731218,3016
1080344,1238520,149,0.723581,3032
1082048,1238520,148,0.719653,3056
1079072,1238520,149,0.726438,3016
1078744,1238520,150,0.727174,3008
1076328,1238520,150,0.732450,3008
1075000,1238520,150,0.735309,3008
1078952,1238520,150,0.726824,3008
1075480,1238520,150,0.734352,2992
1076672,1238520,150,0.731760,2992
1079872,1238520,149,0.724777,3016
1081008,1238520,148,0.722157,3048
1084088,1238520,148,0.714888,3048
1080840,1238520,149,0.722537,3000
1081160,1238520,148,0.721776,3016
1077496,1238520,148,0.729958,3016
1076528,1238520,148,0.732114,3016
1078912,1238520,148,0.726894,3016
1080480,1238520,147,0.723419,3016
1082760,1238520,147,0.718095,3016
1079224,1238520,147,0.726210,3016
1077792,1238520,148,0.729374,2992
1078800,1238520,147,0.727191,2992
1078464,1238520,148,0.727992,2960
1074680,1238520,149,0.735965,2960
1076848,1238520,149,0.731354,2960
1077904,1238520,148,0.729082,2968
1074824,1238520,148,0.735654,2968
1078160,1238520,148,0.728530,2968
1080528,1238520,148,0.723204,2968
1080992,1238520,147,0.722085,3000
1083112,1238520,146,0.717178,3008
1083080,1238520,147,0.717253,3008
1079784,1238520,148,0.724813,2992
1076688,1238520,149,0.731557,2976
1076832,1238520,148,0.731252,2976
1077824,1238520,148,0.729030,2976
1073872,1238520,148,0.737381,2976
1077224,1238520,148,0.730316,2976
1078488,1238520,148,0.727488,2976
1076928,1238520,149,0.730879,2960
1080712,1238520,148,0.722591,2960
1077496,1238520,148,0.729769,2960
1081248,1238520,147,0.721467,2968
1079552,1238520,148,0.725380,2920
1080664,1238520,147,0.722898,2920
1079776,1238520,147,0.724990,2920
1076768,1238520,148,0.731506,2920
1079752,1238520,147,0.724990,2944
1079184,1238520,148,0.726262,2936
1081400,1238520,148,0.721193,2936
1085184,1238520,147,0.712270,2944
1082544,1238520,147,0.718653,2944
1085184,1238520,147,0.712270,2944
1083728,1238520,148,0.715782,2936
1085816,1238520,148,0.710628,2936
1082704,1238520,149,0.718076,2936
1084152,1238520,148,0.714640,2944
1082968,1238520,148,0.717553,2944
1079144,1238520,149,0.726227,2944
1075560,1238520,150,0.733920,2928
1072464,1238520,150,0.740294,2928
1072808,1238520,149,0.739611,2928
1069960,1238520,150,0.745156,2928
1070464,1238520,149,0.744146,2952
1069968,1238520,150,0.745095,2952
1067952,1238520,150,0.748969,2952
1069160,1238520,150,0.746625,2952
1066680,1238520,149,0.751386,2952
1067728,1238520,149,0.749382,2952
1068200,1238520,148,0.748465,2976
1071024,1238520,147,0.743066,3000
1072456,1238520,147,0.740167,3000
1068848,1238520,147,0.747212,3000
1071840,1238520,147,0.741381,3000
1068976,1238520,148,0.746881,3000
1065656,1238520,149,0.752971,3000
1065184,1238520,150,0.753813,3000
1066664,1238520,150,0.751066,3000
1064576,1238520,151,0.754861,2968
1068120,1238520,151,0.748361,2968
1068448,1238520,150,0.747735,2976
1069800,1238520,150,0.745095,2976
1070288,1238520,149,0.744146,2984
1069296,1238520,149,0.746127,2984
1067096,1238520,149,0.750308,2984
1068824,1238520,148,0.747077,3000
1066616,1238520,148,0.751241,3000
1069752,1238520,148,0.745323,3000
1072800,1238520,148,0.739293,3000
1072656,1238520,149,0.739580,3000
1076056,1238520,149,0.732534,3000
1073800,1238520,149,0.737283,3000
1073072,1238520,149,0.738845,3000
1073280,1238520,148,0.738428,3000
1074064,1238520,147,0.736764,3040
1072144,1238520,148,0.740610,3040
1076024,1238520,147,0.732702,3048
1073288,1238520,147,0.738412,3048
1071584,1238520,148,0.741820,3032
1070816,1238520,148,0.743406,3032
1073896,1238520,147,0.737300,3040
1074920,1238520,146,0.735111,3088
1077544,1238520,146,0.729495,3088
1076288,1238520,146,0.732265,3088
1078984,1238520,146,0.726368,3088
1077280,1238520,147,0.730111,3064
1077648,1238520,146,0.729323,3064
1077224,1238520,147,0.730231,3064
1080624,1238520,147,0.722663,3064
1080136,1238520,148,0.723778,3056
1078928,1238520,149,0.726456,3056
1079240,1238520,149,0.725663,3056
1080240,1238520,149,0.723330,3056
1080224,1238520,149,0.723473,3056
1079944,1238520,150,0.724100,3056
1080672,1238520,150,0.722356,3056
1083440,1238520,150,0.715839,3056
1079752,1238520,151,0.724314,3056
1078048,1238520,151,0.728201,3040
1080304,1238520,151,0.723114,3040
1083208,1238520,151,0.716312,3040
1080088,1238520,151,0.723617,3032
1080768,1238520,150,0.721994,3072
1080200,1238520,150,0.723419,3056
1078488,1238520,151,0.727209,3056
1079752,1238520,151,0.724314,3056
1076672,1238520,151,0.731133,3048
1073880,1238520,151,0.737024,3048
1076176,1238520,151,0.732181,3048
1075064,1238520,152,0.734501,3048
1072848,1238520,153,0.739005,3048
1074376,1238520,153,0.735817,3048
1071752,1238520,153,0.741177,3048
1067848,1238520,154,0.748628,3048
1063896,1238520,154,0.755831,3048
1066968,1238520,154,0.750249,3048
1067456,1238520,153,0.749338,3056
1063936,1238520,154,0.755705,3032
1065048,1238520,153,0.753742,3032
1069056,1238520,152,0.746369,3048
1065480,1238520,151,0.753114,3048
1069016,1238520,150,0.746610,3056
1071816,1238520,150,0.741130,3056
1074992,1238520,150,0.734633,3056
1070944,1238520,151,0.742740,3056
1067136,1238520,152,0.749927,3056
1066448,1238520,153,0.751197,3048
1063424,1238520,153,0.756653,3048
1061120,1238520,152,0.760833,3000
1058528,1238520,153,0.765105,3000
1059392,1238520,153,0.763619,3000
1055840,1238520,154,0.769302,3000
1056968,1238520,154,0.767451,3000
1053976,1238520,154,0.772176,3000
1050744,1238520,155,0.776993,3000
1052072,1238520,155,0.774967,3000
1052768,1238520,154,0.773928,3000
1052264,1238520,155,0.774717,2976
1055680,1238520,155,0.769439,2976
1053888,1238520,155,0.772273,2976
1054392,1238520,154,0.771504,2976
1057064,1238520,154,0.767260,2976
1053256,1238520,155,0.773158,2976
1051992,1238520,155,0.775121,2976
1055904,1238520,154,0.769164,2976
1054888,1238520,155,0.770791,2944
1051536,1238520,155,0.775914,2944
1051128,1238520,156,0.776548,2920
1052824,1238520,155,0.774000,2944
1055632,1238520,155,0.769638,2944
1054568,1238520,155,0.763898,2944
1057448,1238520,155,0.759168,2944
1056704,1238520,156,0.760414,2928
1056152,1238520,155,0.761466,2928
1054648,1238520,156,0.763936,2888
1051480,1238520,155,0.768992,2888
1055232,1238520,155,0.763084,2888
1058744,1238520,154,0.757282,2928
1060072,1238520,154,0.754957,2928
1057832,1238520,154,0.758812,2920
1055992,1238520,154,0.761892,2920
1059120,1238520,154,0.756664,2920
1062960,1238520,154,0.749943,2920
1065312,1238520,153,0.745694,2920
1064392,1238520,154,0.747388,2912
1066728,1238520,154,0.742991,2912
1068512,1238520,153,0.739506,2960
1071920,1238520,153,0.732669,2960
1074728,1238520,153,0.726742,2960
1076472,1238520,153,0.722887,2960
1079112,1238520,153,0.716896,2960
1080616,1238520,152,0.713336,3000
1080448,1238520,153,0.713728,3000
1083280,1238520,153,0.706862,3000
1084528,1238520,153,0.703664,3000
1084384,1238520,153,0.704162,2992
1087032,1238520,153,0.697303,2992
1084600,1238520,153,0.703624,2992
1082856,1238520,152,0.708145,2992
1080288,1238520,151,0.714545,2952
1076448,1238520,151,0.723270,2952
1077360,1238520,150,0.721237,2968
1076232,1238520,151,0.723705,2968
1073632,1238520,151,0.729397,2936
1070856,1238520,152,0.735051,2936
1073280,1238520,152,0.730028,2936
1071272,1238520,151,0.734316,2936
1069840,1238520,152,0.737157,2936
1066536,1238520,153,0.743485,2936
1065432,1238520,154,0.745547,2928
1068000,1238520,154,0.740642,2928
1070152,1238520,153,0.736369,2976
1073464,1238520,153,0.729564,2976
1075296,1238520,153,0.725600,2976
1078696,1238520,153,0.718021,2976
1080200,1238520,153,0.714471,2976
1078200,1238520,153,0.719137,2976
1081776,1238520,153,0.710774,2976
1079216,1238520,152,0.716951,2976
1079056,1238520,152,0.717423,2976
1082320,1238520,151,0.709724,3016
1084488,1238520,150,0.704361,3048
1086848,1238520,150,0.698258,3048
1089160,1238520,150,0.692028,3048
1086816,1238520,150,0.698341,3048
1085608,1238520,150,0.701553,3048
1085504,1238520,151,0.701816,3048
1085552,1238520,150,0.701695,3048
1085664,1238520,149,0.701412,3048
1087128,1238520,149,0.697532,3048
1088224,1238520,148,0.694614,3064
1084264,1238520,147,0.704995,3064
1087336,1238520,147,0.697074,3064
1083808,1238520,147,0.706157,3048
1087824,1238520,147,0.695839,3048
1083856,1238520,147,0.706040,3048
1086792,1238520,147,0.698527,3048
1082784,1238520,147,0.708725,3016
1082296,1238520,148,0.709916,3008
1082248,1238520,149,0.710030,3008
1082608,1238520,148,0.709129,3024
1086608,1238520,148,0.699063,3024
1089768,1238520,148,0.690577,3024
1086048,1238520,149,0.700375,3024
1084352,1238520,150,0.704698,3000
1081992,1238520,150,0.710545,3000
1082296,1238520,149,0.709820,3000
1082760,1238520,148,0.708686,3008
1086448,1238520,147,0.699433,3040
1082904,1238520,147,0.708378,3040
1086136,1238520,147,0.700232,3040
1083208,1238520,148,0.707622,3000
1086632,1238520,148,0.698939,3000
1084784,1238520,148,0.703744,3000
1087568,1238520,148,0.696510,3000
1086864,1238520,148,0.698465,3000
1088960,1238520,148,0.692823,3000
1087576,1238520,149,0.696510,2992
1087256,1238520,150,0.697387,2976
1088104,1238520,149,0.695143,2984
1090768,1238520,149,0.687810,2984
1090648,1238520,149,0.688275,2984
1087816,1238520,149,0.696028,2984
1089976,1238520,149,0.690119,2984
1091352,1238520,148,0.686275,3000
1088144,1238520,148,0.695122,3000
1091048,1238520,148,0.687122,3000
1090352,1238520,149,0.689046,3000
1094064,1238520,149,0.678363,3000
1091144,1238520,148,0.686989,3000
1091640,1238520,147,0.685602,3000
1090296,1238520,147,0.689507,2984
1088000,1238520,147,0.695796,2984
1089712,1238520,146,0.691206,2992
1091312,1238520,146,0.686677,2992
1089240,1238520,147,0.692458,2952
1086872,1238520,147,0.698816,2952
1083288,1238520,148,0.707777,2952
1084040,1238520,147,0.705922,2960
1083696,1238520,148,0.706764,2960
1087120,1238520,148,0.698030,2960
1089056,1238520,147,0.692930,2960
1089976,1238520,147,0.690315,2960
1089792,1238520,147,0.690946,2960
1089968,1238520,146,0.690468,2960
1088080,1238520,147,0.695565,2944
1087976,1238520,146,0.696091,2944
1085552,1238520,146,0.702441,2944
1084968,1238520,146,0.704043,2936
1082368,1238520,147,0.710374,2936
1081344,1238520,148,0.712906,2888
1083056,1238520,148,0.708725,2888
1084120,1238520,147,0.706118,2896
1080376,1238520,147,0.715137,2896
1083712,1238520,147,0.707116,2896
1085904,1238520,147,0.701553,2896
1083632,1238520,148,0.707194,2896
1086936,1238520,148,0.698795,2896
1084600,1238520,148,0.704817,2896
1082312,1238520,149,0.710412,2880
1079928,1238520,149,0.716092,2880
1080112,1238520,148,0.715670,2880
1077248,1238520,148,0.722205,2880
1073496,1238520,149,0.730210,2872
1076472,1238520,148,0.723826,2912
1073296,1238520,148,0.730640,2912
1076208,1238520,147,0.724397,2960
1073360,1238520,148,0.730409,2960
1070128,1238520,148,0.737015,2960
1071272,1238520,147,0.734652,3008
1068272,1238520,146,0.740704,3008
1065632,1238520,146,0.745738,3008
1062120,1238520,147,0.752099,2968
1063696,1238520,147,0.749231,2968
1061280,1238520,148,0.753474,2968
1065296,1238520,148,0.746251,2968
1067864,1238520,147,0.741420,2992
1067120,1238520,148,0.742825,2992
1064256,1238520,147,0.748269,2992
1060224,1238520,148,0.755324,2992
1058480,1238520,148,0.758335,2992
1057328,1238520,147,0.760388,2992
1056344,1238520,147,0.762059,2992
1056952,1238520,146,0.761077,2992
1057296,1238520,145,0.760518,2992
1058408,1238520,144,0.758666,3008
1057120,1238520,143,0.760999,2968
1060944,1238520,142,0.754629,2968
1062104,1238520,142,0.752545,2968
1058784,1238520,142,0.758268,2968
1057296,1238520,142,0.760805,2960
1059600,1238520,141,0.757000,2960
1058472,1238520,141,0.758957,2960
1060888,1238520,140,0.754902,2960
1063920,1238520,139,0.749573,2984
1062088,1238520,139,0.752878,2984
1060992,1238520,140,0.754765,2984
1063976,1238520,140,0.749473,2984
1065688,1238520,140,0.746295,2984
1065224,1238520,141,0.747185,2960
1068272,1238520,141,0.741435,2960
1069408,1238520,141,0.739167,2960
1070784,1238520,140,0.736416,2992
1067640,1238520,140,0.742570,2992
1065152,1238520,141,0.747170,2992
1068336,1238520,140,0.741222,3008
1072400,1238520,139,0.733236,3016
1071240,1238520,139,0.735656,3016
1072112,1238520,139,0.733817,3016
1072352,1238520,138,0.733333,3016
1072936,1238520,137,0.732116,3032
1074320,1238520,136,0.729181,3072
1074400,1238520,135,0.729014,3072
1072984,1238520,136,0.731936,3072
1072208,1238520,137,0.733511,3072
1072280,1238520,136,0.733366,3072
1073544,1238520,136,0.730689,3072
1076608,1238520,136,0.724121,3072
1077344,1238520,135,0.722503,3080
1077488,1238520,134,0.722187,3080
1079016,1238520,134,0.718688,3080
1075232,1238520,134,0.727047,3080
1077984,1238520,134,0.720989,3080
1077800,1238520,135,0.721396,3080
1075496,1238520,136,0.726385,3080
1078456,1238520,136,0.719834,3080
1077320,1238520,136,0.722450,3080
1074184,1238520,136,0.729247,3080
1071488,1238520,136,0.734844,3080
1068672,1238520,136,0.740444,3080
1069368,1238520,135,0.739105,3080
1065584,1238520,136,0.746237,3072
1066496,1238520,136,0.744468,3072
1070472,1238520,136,0.736779,3072
1071488,1238520,135,0.734700,3104
1067776,1238520,135,0.742011,3104
1071832,1238520,135,0.734010,3104
1073288,1238520,135,0.730953,3104
1069312,1238520,135,0.738981,3104
1073176,1238520,134,0.731199,3144
1074224,1238520,133,0.728981,3168
1073272,1238520,134,0.730953,3168
1070808,1238520,134,0.736021,3168
1074720,1238520,134,0.727942,3168
1078112,1238520,134,0.720511,3168
1075120,1238520,135,0.726996,3168
1075224,1238520,134,0.726776,3168
1073544,1238520,135,0.730293,3168
1076008,1238520,134,0.725052,3192
1075280,1238520,133,0.726810,3192
1075536,1238520,132,0.726266,3192
1073736,1238520,132,0.730144,3192
1075952,1238520,132,0.725378,3192
1075800,1238520,133,0.725703,3192
1072080,1238520,134,0.733430,3192
1075472,1238520,134,0.726300,3192
1072056,1238520,135,0.733382,3192
1075696,1238520,135,0.725720,3192
1075592,1238520,136,0.725942,3192
1075800,1238520,135,0.725480,3200
1073216,1238520,135,0.731002,3200
1075088,1238520,135,0.726996,3200
1077440,1238520,135,0.721818,3200
1076744,1238520,136,0.723340,3200
1076080,1238520,136,0.724897,3192
1072480,1238520,135,0.732620,3192
1074552,1238520,135,0.728244,3192
1074056,1238520,136,0.729281,3192
1073400,1238520,136,0.730755,3184
1071176,1238520,136,0.735354,3184
1073328,1238520,136,0.730903,3184
1077136,1238520,135,0.722835,3184
1080480,1238520,135,0.715229,3184
1079264,1238520,135,0.718111,3184
1076152,1238520,135,0.725069,3184
1077312,1238520,134,0.722450,3232
1077504,1238520,133,0.722029,3232
1080824,1238520,133,0.714434,3232
1080928,1238520,132,0.714193,3232
1078024,1238520,132,0.720883,3232
1079832,1238520,132,0.716714,3232
1079592,1238520,133,0.717260,3232
1081856,1238520,133,0.711910,3232
1080008,1238520,134,0.716294,3192
1078912,1238520,135,0.718778,3192
1078568,1238520,135,0.719674,3184
1080952,1238520,135,0.714137,3184
1082056,1238520,134,0.711456,3224
1083488,1238520,133,0.708029,3224
1082104,1238520,134,0.711400,3200
1081184,1238520,135,0.713598,3184
1084192,1238520,135,0.706295,3184
1087824,1238520,135,0.696991,3184
1086200,1238520,136,0.701168,3184
1082800,1238520,137,0.709552,3184
1083728,1238520,136,0.707291,3192
1084320,1238520,135,0.705804,3208
1083184,1238520,136,0.708571,3208
1079776,1238520,136,0.716677,3208
1081376,1238520,135,0.712925,3232
1080040,1238520,135,0.716166,3216
1079568,1238520,136,0.717296,3192
1080232,1238520,135,0.715707,3224
1081192,1238520,134,0.713374,3272
1078768,1238520,135,0.719011,3232
1082320,1238520,135,0.710698,3232
1081272,1238520,135,0.713280,3232
1078632,1238520,134,0.719531,3232
1079712,1238520,133,0.717078,3240
1075696,1238520,134,0.725925,3240
1073608,1238520,134,0.730409,3240
1070296,1238520,135,0.737078,3240
1073032,1238520,135,0.731494,3240
1075480,1238520,134,0.726351,3256
1077088,1238520,133,0.722852,3272
1073576,1238520,132,0.730541,3256
1074224,1238520,131,0.729181,3264
1070432,1238520,132,0.736858,3264
1072664,1238520,132,0.732295,3264
1074712,1238520,132,0.727958,3264
1072952,1238520,133,0.731609,3264
1069192,1238520,134,0.739089,3264
1072144,1238520,133,0.733172,3304
1075536,1238520,132,0.726113,3312
1073592,1238520,131,0.730425,3296
1077264,1238520,131,0.722520,3296
1078784,1238520,131,0.719047,3296
1077800,1238520,131,0.721360,3288
1074752,1238520,131,0.728026,3288
1077208,1238520,130,0.722677,3328
1078152,1238520,129,0.720582,3336
1077864,1238520,129,0.721343,3328
1077480,1238520,129,0.722310,3320
1081072,1238520,128,0.714193,3328
1078408,1238520,128,0.720440,3288
1076856,1238520,129,0.723844,3288
1078264,1238520,128,0.720759,3288
1075384,1238520,128,0.727098,3288
1076424,1238520,127,0.724862,3296
1076344,1238520,128,0.725034,3296
1079432,1238520,128,0.718129,3296
1080104,1238520,127,0.716513,3336
1083552,1238520,127,0.708300,3336
1081840,1238520,127,0.712493,3336
1079752,1238520,128,0.717314,3336
1079040,1238520,129,0.719029,3288
1075912,1238520,129,0.725976,3288
1074584,1238520,130,0.728780,3288
1074216,1238520,131,0.729547,3288
1073192,1238520,132,0.731658,3288
1076024,1238520,132,0.725634,3288
1078208,1238520,132,0.720777,3288
1078936,1238520,131,0.719083,3320
1075416,1238520,131,0.726861,3320
1075904,1238520,130,0.725823,3320
1078344,1238520,130,0.720404,3320
1082272,1238520,130,0.711286,3320
1081888,1238520,130,0.712381,3288
1082256,1238520,129,0.711513,3288
1083336,1238520,128,0.708898,3304
1083552,1238520,127,0.708320,3328
1081864,1238520,128,0.712343,3328
1084496,1238520,128,0.705902,3328
1083584,1238520,128,0.708242,3328
1084976,1238520,128,0.704718,3328
1082304,1238520,128,0.711305,3328
1085504,1238520,128,0.703404,3328
1081872,1238520,128,0.712324,3328
1084400,1238520,128,0.706138,3328
1082584,1238520,129,0.710602,3296
1083936,1238520,129,0.707233,3296
1081720,1238520,129,0.712644,3296
1083248,1238520,129,0.708898,3296
1080112,1238520,128,0.716477,3296
1077504,1238520,129,0.722310,3296
1073704,1238520,130,0.730392,3296
1071328,1238520,130,0.735307,3296
1072608,1238520,129,0.732637,3344
1074680,1238520,129,0.728261,3344
1075528,1238520,128,0.726470,3344
1076760,1238520,127,0.723740,3384
1075744,1238520,128,0.725993,3352
1076800,1238520,127,0.723635,3392
1073728,1238520,128,0.730144,3392
1072496,1238520,129,0.732669,3392
1069232,1238520,130,0.739213,3352
1070440,1238520,129,0.736842,3360
1070920,1238520,128,0.735879,3368
1072960,1238520,128,0.731675,3368
1070376,1238520,128,0.737015,3336
1072696,1238520,128,0.732279,3336
1069864,1238520,129,0.737955,3320
1073848,1238520,129,0.729846,3320
1072400,1238520,130,0.732831,3312
1074584,1238520,130,0.728227,3312
1070528,1238520,131,0.736480,3312
1074384,1238520,131,0.728546,3312
1070936,1238520,131,0.735672,3312
1071664,1238520,130,0.734123,3360
1069928,1238520,130,0.737658,3360
1066840,1238520,130,0.743649,3360
1069680,1238520,130,0.738142,3360
1068768,1238520,131,0.739907,3360
1070800,1238520,131,0.735847,3360
1067968,1238520,131,0.741435,3360
1067464,1238520,131,0.742524,3336
1067640,1238520,130,0.742177,3344
1070336,1238520,130,0.736889,3344
1067960,1238520,131,0.741481,3344
1067240,1238520,132,0.742871,3328
1070192,1238520,132,0.737109,3328
1067432,1238520,133,0.742419,3328
1068288,1238520,132,0.740795,3328
1066216,1238520,132,0.744780,3328
1069384,1238520,132,0.738686,3328
1068928,1238520,133,0.739583,3320
1069528,1238520,132,0.738422,3320
1068976,1238520,132,0.739583,3320
1070632,1238520,132,0.736258,3320
1071464,1238520,132,0.734508,3320
1067904,1238520,133,0.741450,3320
1063944,1238520,133,0.748844,3320
1063688,1238520,134,0.749302,3320
1067240,1238520,133,0.742780,3328
1069088,1238520,132,0.739259,3328
1071152,1238520,132,0.735115,3328
1067440,1238520,133,0.742313,3328
1071512,1238520,133,0.734300,3328
1068880,1238520,133,0.739568,3328
1068960,1238520,132,0.739414,3328
1071464,1238520,132,0.734396,3328
1069256,1238520,132,0.738841,3328
1068704,1238520,133,0.739937,3312
1064824,1238520,134,0.747199,3304
1065184,1238520,133,0.746500,3328
1062016,1238520,134,0.752210,3296
1062616,1238520,133,0.751145,3304
1061800,1238520,134,0.752601,3288
1061872,1238520,133,0.752475,3288
1064480,1238520,133,0.747764,3288
1063616,1238520,134,0.749331,3280
1067256,1238520,134,0.742570,3280
1067960,1238520,133,0.741176,3312
1066248,1238520,133,0.744483,3312
1068160,1238520,132,0.740872,3320
1064336,1238520,133,0.747967,3320
1063416,1238520,133,0.749701,3320
1066424,1238520,133,0.744141,3320
1066344,1238520,134,0.744290,3320
1067160,1238520,133,0.742735,3336
1063616,1238520,134,0.749231,3336
1067416,1238520,133,0.742253,3336
1063992,1238520,134,0.748557,3336
1064552,1238520,133,0.747533,3344
1068632,1238520,133,0.739830,3344
1068552,1238520,133,0.740076,3344
1071832,1238520,133,0.733527,3344
1070816,1238520,134,0.735625,3312
1070000,1238520,134,0.737329,3312
1068480,1238520,134,0.740367,3312
1068424,1238520,135,0.740474,3312
1064936,1238520,136,0.747010,3296
1063400,1238520,137,0.749773,3296
1065208,1238520,137,0.746427,3296
1067744,1238520,137,0.741617,3296
1063832,1238520,138,0.748830,3296
1064496,1238520,138,0.747547,3296
1065816,1238520,138,0.745046,3296
1067296,1238520,138,0.742193,3296
1070904,1238520,138,0.735099,3296
1068672,1238520,138,0.739568,3296
1069672,1238520,137,0.737595,3312
1068680,1238520,138,0.739522,3312
1067880,1238520,137,0.741237,3312
1067512,1238520,138,0.741935,3312
1065008,1238520,139,0.746588,3312
1066712,1238520,139,0.743350,3312
1065144,1238520,140,0.746251,3312
1065496,1238520,139,0.745577,3328
1062384,1238520,140,0.751173,3328
1060856,1238520,141,0.753832,3328
1057648,1238520,141,0.759313,3328
1060720,1238520,140,0.754080,3368
1063480,1238520,140,0.749159,3368
1065152,1238520,140,0.746046,3368
1066720,1238520,139,0.743141,3368
1066648,1238520,138,0.743455,3368
1068216,1238520,138,0.740398,3368
1064824,1238520,139,0.746748,3360
1067984,1238520,139,0.740765,3360
1067256,1238520,140,0.742208,3328
1069672,1238520,140,0.737470,3328
1067800,1238520,141,0.741085,3328
1069320,1238520,140,0.738142,3336
1070200,1238520,139,0.736401,3344
1068224,1238520,140,0.740244,3344
1065368,1238520,139,0.745782,3344
1068760,1238520,139,0.739306,3344
1065208,1238520,140,0.746002,3336
1061424,1238520,141,0.752753,3336
1063056,1238520,141,0.749801,3336
1061848,1238520,142,0.751945,3328
1064848,1238520,142,0.746500,3328
1062336,1238520,142,0.751089,3328
1065088,1238520,142,0.746061,3328
1068912,1238520,142,0.738764,3328
1065400,1238520,142,0.745532,3304
1064488,1238520,143,0.747228,3288
1066400,1238520,143,0.743620,3288
1067584,1238520,142,0.741329,3320
1068808,1238520,141,0.738965,3328
1071688,1238520,141,0.733172,3328
1071344,1238520,142,0.733866,3328
1074840,1238520,142,0.726538,3328
1075368,1238520,141,0.725378,3344
1073016,1238520,141,0.730425,3344
1072408,1238520,142,0.731675,3344
1074392,1238520,142,0.727453,3344
1077408,1238520,142,0.720830,3344
1076952,1238520,143,0.721906,3312
1079864,1238520,143,0.715247,3312
1078344,1238520,143,0.718814,3312
1076152,1238520,143,0.723774,3304
1076672,1238520,142,0.722642,3304
1074224,1238520,142,0.727992,3304
1074944,1238520,141,0.726453,3312
1071048,1238520,141,0.734588,3312
1072968,1238520,141,0.730590,3312
1069008,1238520,142,0.738515,3312
1070944,1238520,142,0.734604,3312
1070896,1238520,143,0.734700,3312
1067576,1238520,143,0.741268,3312
1070976,1238520,142,0.734620,3320
1067192,1238520,143,0.741981,3320
1067416,1238520,142,0.741526,3336
1065136,1238520,142,0.745870,3336
1064456,1238520,143,0.747185,3296
1062536,1238520,144,0.750623,3296
1063864,1238520,143,0.748168,3344
1063336,1238520,143,0.749202,3344
1060576,1238520,142,0.754204,3344
1058128,1238520,142,0.758441,3328
1058160,1238520,141,0.758388,3328
1060592,1238520,141,0.754204,3328
1060368,1238520,142,0.754615,3312
1061128,1238520,141,0.753308,3312
1063768,1238520,141,0.748571,3312
1065712,1238520,141,0.744942,3312
1067144,1238520,140,0.742223,3336
1070736,1238520,140,0.735163,3336
1070176,1238520,140,0.736401,3320
1073800,1238520,140,0.728947,3320
1071176,1238520,140,0.734412,3320
1074152,1238520,140,0.728211,3320
1075920,1238520,140,0.724345,3320
1071824,1238520,139,0.733107,3320
1068024,1238520,140,0.740581,3320
1070560,1238520,140,0.735545,3320
1069320,1238520,139,0.738173,3320
1069712,1238520,138,0.737407,3320
1066912,1238520,138,0.742871,3320
1070160,1238520,138,0.736527,3320
1073656,1238520,138,0.729347,3320
1072424,1238520,139,0.731969,3280
1072568,1238520,138,0.731675,3280
1068496,1238520,139,0.739753,3280
1068320,1238520,140,0.740091,3280
1071456,1238520,140,0.733833,3280
1069288,1238520,141,0.738126,3280
1067984,1238520,142,0.740642,3280
1068616,1238520,141,0.739367,3312
1065488,1238520,142,0.745267,3312
1065576,1238520,141,0.745105,3312
1065680,1238520,140,0.744913,3312
1062856,1238520,139,0.750241,3288
1063728,1238520,138,0.748686,3288
1066120,1238520,138,0.744231,3288
1065040,1238520,138,0.746339,3272
1067624,1238520,138,0.741435,3272
1064728,1238520,139,0.746821,3272
1064864,1238520,138,0.746573,3272
1063056,1238520,137,0.750000,3272
1064304,1238520,136,0.747721,3296
1061024,1238520,136,0.753598,3296
1059632,1238520,136,0.756057,3296
1056448,1238520,136,0.761401,3296
1060528,1238520,136,0.754533,3296
1056776,1238520,136,0.760870,3296
1057448,1238520,135,0.759694,3344
1060120,1238520,135,0.755147,3344
1061312,1238520,134,0.753059,3368
1058448,1238520,135,0.757923,3368
1062208,1238520,134,0.751412,3416
1060232,1238520,134,0.754997,3368
1057424,1238520,135,0.759747,3336
1054448,1238520,135,0.764605,3336
1056096,1238520,134,0.761931,3368
1058768,1238520,134,0.757469,3368
1058464,1238520,135,0.757976,3368
1054808,1238520,136,0.763911,3368
1051896,1238520,136,0.768506,3368
1053704,1238520,136,0.765646,3368
1054712,1238520,135,0.764037,3384
1052840,1238520,135,0.767110,3336
1055744,1238520,135,0.762470,3336
1058152,1238520,134,0.758481,3376
1057456,1238520,135,0.759629,3376
1059200,1238520,135,0.756651,3376
1061736,1238520,135,0.752224,3376
1059096,1238520,135,0.756825,3376
1057992,1238520,135,0.758812,3336
1061688,1238520,135,0.752461,3336
1064776,1238520,135,0.746879,3336
1064248,1238520,136,0.747865,3320
1061488,1238520,137,0.752753,3320
1057408,1238520,137,0.759720,3320
1055952,1238520,137,0.762162,3320
1057784,1238520,137,0.759102,3320
1056936,1238520,138,0.760492,3320
1060192,1238520,138,0.754984,3320
1062960,1238520,138,0.750085,3320
1066472,1238520,138,0.743605,3320
1068816,1238520,138,0.739058,3320
1067448,1238520,138,0.741769,3320
1067088,1238520,138,0.742585,3296
1067352,1238520,137,0.742057,3312
1070920,1238520,137,0.735036,3312
1070112,1238520,138,0.736637,3312
1069552,1238520,139,0.737736,3312
1067824,1238520,140,0.741070,3312
1070832,1238520,140,0.735115,3312
1071952,1238520,139,0.732864,3312
1071472,1238520,140,0.733850,3304
1073696,1238520,140,0.729197,3304
1071920,1238520,139,0.733042,3304
1071008,1238520,140,0.734908,3288
1069264,1238520,141,0.738407,3256
1065392,1238520,141,0.745812,3256
1068096,1238520,141,0.740658,3256
1066488,1238520,142,0.743694,3256
1066080,1238520,142,0.744572,3240
1067520,1238520,141,0.741875,3240
1068984,1238520,140,0.738981,3288
1070784,1238520,140,0.735354,3288
1070912,1238520,139,0.735099,3288
1075008,1238520,139,0.726572,3288
1073872,1238520,140,0.729031,3256
1076032,1238520,140,0.724345,3256
1078696,1238520,140,0.718364,3256
1077968,1238520,141,0.720102,3208
1076960,1238520,142,0.722327,3208
1073200,1238520,143,0.730326,3208
1069888,1238520,144,0.736999,3208
1072456,1238520,144,0.731756,3208
1070032,1238520,144,0.736716,3208
1066920,1238520,145,0.742780,3168
1063512,1238520,146,0.749030,3168
1062248,1238520,147,0.751272,3168
1065648,1238520,146,0.745134,3176
1064128,1238520,147,0.747952,3152
1064176,1238520,146,0.747865,3152
1061448,1238520,146,0.752781,3152
1059408,1238520,146,0.756354,3152
1057424,1238520,145,0.759812,3152
1057552,1238520,144,0.759602,3152
1054888,1238520,145,0.763898,3152
1052896,1238520,146,0.767011,3152
1054112,1238520,145,0.765095,3168
1057712,1238520,145,0.759234,3168
1059328,1238520,145,0.756462,3168
1062616,1238520,145,0.750708,3168
1063520,1238520,144,0.749102,3168
1061336,1238520,144,0.753031,3168
1065032,1238520,144,0.746368,3168
1066800,1238520,143,0.743081,3176
1065744,1238520,144,0.745046,3176
1064624,1238520,144,0.747185,3176
1062832,1238520,144,0.750482,3176
1060560,1238520,145,0.754437,3176
1058904,1238520,146,0.757282,3152
1061104,1238520,146,0.753460,3152
1058632,1238520,147,0.757656,3152
1059728,1238520,146,0.755786,3168
1056088,1238520,146,0.761879,3168
1052576,1238520,147,0.767405,3168
1054320,1238520,147,0.764618,3168
1050560,1238520,148,0.770463,3120
1053296,1238520,148,0.766219,3120
1055312,1238520,148,0.762969,3120
1051232,1238520,148,0.769380,3120
1053872,1238520,147,0.765283,3144
1051816,1238520,148,0.768458,3144
1049464,1238520,149,0.771985,3144
1045928,1238520,150,0.777091,3144
1043680,1238520,150,0.780286,3144
1043848,1238520,149,0.780055,3144
1042320,1238520,149,0.782200,3144
1044520,1238520,149,0.779128,3144
1047288,1238520,149,0.775155,3144
1048024,1238520,148,0.774035,3184
1047064,1238520,148,0.775556,3136
1046048,1238520,149,0.777001,3136
1044640,1238520,150,0.778972,3136
1047632,1238520,150,0.774671,3136
1044544,1238520,150,0.779105,3136
1047472,1238520,150,0.774902,3136
1048280,1238520,149,0.773674,3176
1050344,1238520,149,0.770558,3176
1053104,1238520,149,0.766281,3176
1051184,1238520,149,0.769295,3176
1050088,1238520,149,0.771012,3176
1053808,1238520,149,0.765258,3176
1050624,1238520,150,0.770163,3160
1054488,1238520,150,0.764138,3160
1058264,1238520,150,0.757936,3160
1058624,1238520,149,0.757322,3168
1060480,1238520,149,0.754094,3168
1059696,1238520,149,0.755583,3128
1055832,1238520,150,0.762034,3088
1059928,1238520,150,0.755175,3088
1057680,1238520,150,0.759023,3088
1056600,1238520,150,0.760870,3088
1057736,1238520,149,0.759010,3088
1054112,1238520,149,0.764920,3088
1054288,1238520,148,0.764643,3088
1054776,1238520,147,0.763872,3088
1058568,1238520,147,0.757629,3088
1060152,1238520,146,0.754916,3112
1057248,1238520,146,0.759852,3112
1056208,1238520,147,0.761556,3104
1058504,1238520,146,0.757776,3112
1061816,1238520,146,0.752043,3112
1062936,1238520,145,0.750071,3112
1059920,1238520,146,0.755311,3112
1059880,1238520,146,0.755460,3112
1056664,1238520,146,0.760883,3112
1053352,1238520,146,0.766293,3064
1052312,1238520,147,0.767908,3056
1052632,1238520,146,0.767417,3056
1053624,1238520,145,0.765883,3056
1057200,1238520,144,0.760140,3080
1058664,1238520,144,0.757643,3080
1056544,1238520,145,0.761129,3080
1053592,1238520,146,0.765883,3040
1054664,1238520,146,0.764126,3040
1050800,1238520,147,0.770079,3040
1050672,1238520,148,0.770271,3040
1052400,1238520,148,0.767577,3040
1048904,1238520,148,0.772892,3040
1049200,1238520,147,0.772445,3048
1052976,1238520,146,0.766727,3064
1056752,1238520,146,0.760661,3064
1058768,1238520,146,0.757255,3064
1060248,1238520,146,0.754670,3064
1056280,1238520,147,0.761272,3064
1059280,1238520,146,0.756287,3080
1055584,1238520,146,0.762445,3080
1058480,1238520,146,0.757629,3080
1057296,1238520,146,0.759668,3080
1054728,1238520,146,0.763885,3080
1057912,1238520,145,0.758732,3080
1056080,1238520,145,0.761802,3080
1056112,1238520,144,0.761750,3080
1054672,1238520,144,0.764126,3080
1052488,1238520,144,0.767602,3080
1053904,1238520,143,0.765396,3088
1053024,1238520,144,0.766776,3080
1054456,1238520,144,0.764467,3080
1057792,1238520,144,0.759010,3080
1059424,1238520,143,0.756273,3088
1056352,1238520,144,0.761349,3088
1057712,1238520,143,0.759049,3136
1060600,1238520,143,0.754108,3136
1061176,1238520,142,0.753114,3136
1063000,1238520,142,0.749829,3136
1059568,1238520,142,0.755868,3136
1061776,1238520,142,0.751987,3136
1058000,1238520,143,0.758441,3120
1061872,1238520,142,0.751777,3160
1058152,1238520,142,0.758202,3160
1054864,1238520,142,0.763619,3160
1058680,1238520,141,0.757389,3168
1057920,1238520,142,0.758679,3152
1061640,1238520,142,0.752280,3152
1057560,1238520,143,0.759194,3152
1060400,1238520,143,0.754341,3152
1056792,1238520,143,0.760453,3152
1057264,1238520,142,0.759681,3152
1059240,1238520,142,0.756314,3152
1059128,1238520,142,0.756583,3152
1057496,1238520,143,0.759313,3144
1060416,1238520,143,0.754327,3144
1062072,1238520,142,0.751412,3168
1061344,1238520,143,0.752684,3168
1063232,1238520,143,0.749273,3168
1060776,1238520,142,0.753750,3168
1060632,1238520,142,0.754080,3168
1062648,1238520,142,0.750482,3168
1064536,1238520,142,0.747010,3168
1063352,1238520,143,0.749202,3136
1059424,1238520,142,0.756192,3136
1061096,1238520,142,0.753253,3136
1059432,1238520,143,0.756098,3136
1061568,1238520,143,0.752350,3136
1058608,1238520,143,0.757482,3136
1062136,1238520,143,0.751356,3136
1062368,1238520,142,0.750948,3136
1060432,1238520,142,0.754396,3136
1063592,1238520,142,0.748772,3136
1062048,1238520,143,0.751511,3136
1065240,1238520,143,0.745694,3136
1061464,1238520,144,0.752447,3136
1061824,1238520,143,0.751777,3160
1061152,1238520,144,0.752948,3160
1061552,1238520,143,0.752238,3168
1060888,1238520,144,0.753446,3136
1061656,1238520,143,0.752099,3144
1058400,1238520,144,0.757656,3144
1055000,1238520,145,0.763212,3136
1055192,1238520,144,0.762905,3136
1058360,1238520,144,0.757656,3136
1056176,1238520,144,0.761324,3136
1057272,1238520,144,0.759458,3136
1054840,1238520,144,0.763466,3136
1056376,1238520,143,0.760986,3144
1054872,1238520,144,0.763466,3104
1058760,1238520,144,0.757040,3104
1057016,1238520,144,0.760009,3104
1059904,1238520,144,0.755107,3104
1057888,1238520,144,0.758573,3104
1057936,1238520,143,0.758494,3104
1054744,1238520,143,0.763746,3104
1058296,1238520,143,0.757896,3104
1055312,1238520,143,0.762842,3104
1051792,1238520,143,0.768409,3104
1052752,1238520,142,0.766887,3136
1056240,1238520,142,0.761298,3136
1055920,1238520,143,0.761815,3136
1051912,1238520,144,0.768128,3120
1055832,1238520,143,0.761969,3128
1057104,1238520,143,0.759825,3128
1053288,1238520,143,0.765995,3128
1057168,1238520,142,0.759786,3136
1054688,1238520,143,0.763784,3136
1055912,1238520,142,0.761789,3160
1055424,1238520,143,0.762573,3160
1057192,1238520,143,0.759629,3160
1054456,1238520,144,0.764037,3160
1057736,1238520,144,0.758653,3160
1057624,1238520,145,0.758838,3160
1054112,1238520,146,0.764504,3160
1053904,1238520,147,0.764844,3152
1056432,1238520,146,0.760805,3152
1060296,1238520,146,0.754272,3152
1058584,1238520,146,0.757268,3144
1055888,1238520,146,0.761776,3144
1059640,1238520,146,0.755488,3144
1057032,1238520,146,0.759917,3144
1060600,1238520,146,0.753846,3144
1061408,1238520,145,0.752392,3176
1058496,1238520,146,0.757442,3128
1058200,1238520,147,0.757936,3128
1055392,1238520,147,0.762598,3128
1057896,1238520,147,0.758441,3128
1054328,1238520,148,0.764214,3128
1054672,1238520,147,0.763670,3128
1056472,1238520,147,0.760700,3128
1056944,1238520,146,0.759904,3144
1057744,1238520,146,0.758507,3144
1054864,1238520,147,0.763186,3144
1058144,1238520,146,0.757776,3184
1055728,1238520,146,0.761815,3184
1055912,1238520,145,0.761518,3184
1052640,1238520,145,0.766776,3176
1054880,1238520,145,0.763186,3176
1053280,1238520,146,0.765746,3152
1054632,1238520,146,0.763543,3152
1054544,1238520,147,0.763682,3152
1052816,1238520,147,0.766492,3136
1053400,1238520,146,0.765571,3144
1055112,1238520,146,0.762790,3144
1055056,1238520,147,0.762880,3144
1057528,1238520,146,0.758851,3152
1054248,1238520,146,0.764227,3152
1057960,1238520,146,0.758135,3152
1054624,1238520,147,0.763555,3152
1051952,1238520,148,0.767724,3152
1050488,1238520,147,0.770091,3152
1050984,1238520,146,0.769344,3152
1049368,1238520,147,0.771761,3152
1049928,1238520,146,0.770929,3152
1048544,1238520,147,0.773032,3112
1049376,1238520,147,0.771737,3112
1045848,1238520,147,0.776910,3112
1048440,1238520,147,0.773114,3112
1046840,1238520,148,0.775430,3112
1044176,1238520,148,0.779294,3080
1047872,1238520,147,0.774000,3120
1049352,1238520,147,0.771761,3120
1053248,1238520,147,0.765771,3120
1054000,1238520,147,0.764517,3120
1053192,1238520,147,0.765858,3120
1053608,1238520,146,0.765208,3120
1052208,1238520,146,0.767454,3120
1050496,1238520,146,0.770127,3120
1052592,1238520,146,0.766863,3120
1049424,1238520,146,0.771725,3120
1050432,1238520,145,0.770223,3120
1047552,1238520,145,0.774532,3120
1050664,1238520,144,0.769935,3128
1047352,1238520,145,0.774809,3128
1050560,1238520,145,0.770019,3128
1051728,1238520,144,0.768177,3176
1048496,1238520,144,0.773079,3176
1051984,1238520,143,0.767822,3200
1051632,1238520,144,0.768384,3184
1054576,1238520,143,0.763796,3192
1053320,1238520,143,0.765908,3152
1054296,1238520,142,0.764328,3184
1052128,1238520,142,0.767822,3152
1055040,1238520,141,0.763199,3200
1054728,1238520,140,0.763885,3176
1055024,1238520,139,0.763415,3176
1054952,1238520,139,0.763606,3176
1058440,1238520,139,0.757856,3176
1056672,1238520,140,0.760779,3168
1057168,1238520,139,0.759969,3168
1056304,1238520,140,0.761427,3136
1059992,1238520,140,0.755229,3136
1057928,1238520,140,0.758772,3136
1059488,1238520,139,0.756098,3176
1058992,1238520,140,0.756933,3176
1062448,1238520,140,0.750906,3176
1062248,1238520,140,0.751342,3176
1060728,1238520,141,0.753998,3168
1058384,1238520,142,0.757962,3168
1060488,1238520,142,0.754327,3168
1061864,1238520,141,0.751861,3216
1058704,1238520,142,0.757268,3216
1059448,1238520,142,0.755935,3216
1057400,1238520,143,0.759352,3216
1056736,1238520,143,0.760518,3216
1059120,1238520,143,0.756489,3216
1057496,1238520,144,0.759194,3216
1058784,1238520,144,0.756973,3216
1061624,1238520,144,0.752029,3216
1065320,1238520,144,0.745311,3216
1062256,1238520,144,0.750920,3216
1063552,1238520,144,0.748528,3216
1059776,1238520,144,0.755284,3176
1063472,1238520,144,0.748744,3176
1060552,1238520,145,0.753874,3176
1057352,1238520,146,0.759260,3176
1055144,1238520,146,0.762918,3176
1051744,1238520,146,0.768299,3176
1054728,1238520,146,0.763581,3176
1055408,1238520,145,0.762470,3192
1053208,1238520,145,0.766020,3192
1052088,1238520,146,0.767749,3192
1054960,1238520,145,0.763186,3240
1052704,1238520,145,0.766801,3240
1054768,1238520,145,0.763492,3240
1056424,1238520,144,0.760818,3248
1058480,1238520,144,0.757348,3248
1058520,1238520,143,0.757282,3248
1058472,1238520,144,0.757362,3248
1061096,1238520,144,0.752809,3248
1057200,1238520,144,0.759471,3248
1058168,1238520,143,0.757803,3288
1057952,1238520,144,0.758202,3264
1061128,1238520,143,0.752767,3288
1058552,1238520,143,0.757241,3288
1058992,1238520,142,0.756489,3296
1055392,1238520,142,0.762483,3296
1058104,1238520,142,0.757976,3296
1056432,1238520,143,0.760727,3296
1058696,1238520,143,0.756906,3296
1056256,1238520,143,0.761012,3296
1052864,1238520,142,0.766541,3296
1053376,1238520,142,0.765671,3296
1050784,1238520,142,0.769718,3296
1054864,1238520,142,0.763326,3296
1052744,1238520,143,0.766665,3288
1053328,1238520,142,0.765708,3320
1057200,1238520,142,0.759431,3320
1057024,1238520,142,0.759799,3320
1060552,1238520,141,0.753846,3336
1060152,1238520,142,0.754546,3328
1063952,1238520,142,0.747779,3328
1062728,1238520,143,0.749986,3320
1061168,1238520,144,0.752795,3280
1062712,1238520,144,0.750000,3280
1066104,1238520,143,0.743799,3296
1065400,1238520,143,0.745252,3264
1067232,1238520,143,0.741739,3264
1063232,1238520,143,0.749188,3264
1062168,1238520,144,0.751089,3256
1062768,1238520,143,0.749957,3296
1060696,1238520,143,0.753667,3296
1064008,1238520,142,0.747822,3296
1066704,1238520,141,0.742825,3312
1066184,1238520,141,0.743888,3312
1063640,1238520,142,0.748543,3312
1062072,1238520,142,0.751412,3312
1058472,1238520,142,0.757656,3312
1060784,1238520,141,0.753708,3328
1061248,1238520,140,0.752906,3328
1062424,1238520,140,0.750765,3328
1066064,1238520,139,0.744112,3360
1064088,1238520,140,0.747735,3360
1068120,1238520,140,0.740137,3360
1065216,1238520,141,0.745591,3360
1067584,1238520,141,0.741070,3360
1065776,1238520,142,0.744468,3360
1069776,1238520,142,0.736732,3360
1067720,1238520,142,0.740811,3360
1069456,1238520,141,0.737407,3384
1067712,1238520,141,0.740872,3384
1070240,1238520,140,0.735910,3408
1067568,1238520,140,0.741192,3408
1069080,1238520,139,0.738251,3424
1066624,1238520,139,0.743111,3384
1066448,1238520,139,0.743545,3376
1065584,1238520,139,0.745238,3376
1065704,1238520,138,0.745016,3376
1066464,1238520,137,0.743575,3392
1070504,1238520,137,0.735704,3392
1066632,1238520,138,0.743171,3392
1068584,1238520,137,0.739414,3416
1066200,1238520,138,0.743933,3416
1066704,1238520,138,0.742901,3416
1064168,1238520,138,0.747663,3416
1063248,1238520,137,0.749488,3416
1060488,1238520,137,0.754396,3416
1059208,1238520,138,0.756651,3368
1062000,1238520,138,0.751777,3368
1064800,1238520,138,0.746690,3368
1066184,1238520,138,0.744052,3368
1069824,1238520,138,0.736999,3368
1067160,1238520,138,0.742223,3368
1066008,1238520,139,0.744379,3368
1069792,1238520,139,0.737062,3368
1072096,1238520,139,0.732360,3368
1070904,1238520,139,0.734860,3368
1074376,1238520,138,0.727672,3400
1071392,1238520,139,0.733866,3376
1073112,1238520,138,0.730293,3408
1071448,1238520,138,0.733882,3360
1075016,1238520,138,0.726402,3360
1072704,1238520,138,0.731331,3360
1076696,1238520,138,0.722782,3360
1075368,1238520,139,0.725652,3360
1076320,1238520,139,0.723497,3360
1073920,1238520,140,0.728613,3360
1077472,1238520,139,0.720972,3360
1075704,1238520,140,0.724828,3360
1078712,1238520,139,0.718202,3360
1078040,1238520,140,0.719799,3320
1075048,1238520,139,0.726521,3320
1072984,1238520,140,0.730837,3320
1074736,1238520,139,0.727149,3336
1078432,1238520,139,0.718993,3336
1079944,1238520,138,0.715523,3352
1079552,1238520,139,0.716422,3352
1079360,1238520,139,0.716969,3352
1076248,1238520,140,0.723896,3344
1073720,1238520,141,0.729314,3320
1075760,1238520,140,0.724948,3344
1078680,1238520,140,0.718418,3344
1075264,1238520,141,0.725908,3344
1073896,1238520,141,0.728947,3320
1071328,1238520,142,0.734203,3320
1070768,1238520,143,0.735322,3320
1067280,1238520,143,0.742177,3320
1066984,1238520,143,0.742840,3312
1068800,1238520,143,0.739290,3312
1069760,1238520,142,0.737329,3360
1070792,1238520,141,0.735259,3376
1068600,1238520,141,0.739645,3376
1070480,1238520,141,0.735879,3376
1068328,1238520,142,0.740076,3376
1069528,1238520,142,0.737658,3376
1067808,1238520,143,0.741039,3344
1071192,1238520,142,0.734364,3376
1071840,1238520,142,0.732961,3376
1069032,1238520,142,0.738624,3376
1072736,1238520,142,0.731134,3376
1073728,1238520,142,0.728981,3376
1076040,1238520,142,0.723965,3376
1073640,1238520,143,0.729064,3376
1076328,1238520,143,0.723236,3376
1076016,1238520,143,0.724017,3376
1073512,1238520,142,0.729530,3376
1071416,1238520,143,0.733817,3376
1073248,1238520,143,0.729979,3376
1073856,1238520,143,0.728613,3376
1073968,1238520,142,0.728378,3376
1071024,1238520,143,0.734428,3368
1070872,1238520,143,0.733321,3368
1070112,1238520,143,0.734935,3368
1072176,1238520,143,0.730676,3368
1074712,1238520,142,0.725343,3384
1074248,1238520,143,0.726328,3384
1076240,1238520,143,0.721943,3384
1077232,1238520,143,0.719653,3384
1073744,1238520,143,0.727290,3384
1075800,1238520,143,0.722796,3384
1073912,1238520,144,0.726835,3384
1075408,1238520,144,0.723541,3384
1074752,1238520,145,0.724950,3384
1077464,1238520,145,0.718923,3384
1081048,1238520,144,0.710690,3384
1081120,1238520,143,0.710519,3384
1079400,1238520,143,0.714682,3368
1077768,1238520,144,0.718386,3368
1074928,1238520,143,0.724813,3368
1075912,1238520,143,0.722588,3368
1073096,1238520,143,0.728677,3368
1074808,1238520,142,0.724984,3408
1076216,1238520,142,0.721838,3408
1076480,1238520,141,0.721242,3416
1076440,1238520,141,0.721435,3416
1078864,1238520,141,0.715909,3416
1077864,1238520,142,0.718171,3416
1081712,1238520,142,0.709149,3416
1080816,1238520,143,0.711275,3416
1078752,1238520,143,0.716164,3416
1078896,1238520,142,0.715836,3416
1082488,1238520,142,0.707283,3416
1079096,1238520,142,0.715416,3400
1079792,1238520,142,0.713703,3400
1077656,1238520,142,0.718673,3400
1080472,1238520,142,0.712120,3400
1076560,1238520,143,0.720996,3400
1078144,1238520,142,0.717379,3440
1076456,1238520,143,0.721137,3440
1078424,1238520,143,0.716637,3440
1077224,1238520,144,0.719351,3432
1076128,1238520,144,0.721873,3432
1076096,1238520,145,0.721943,3432
1073088,1238520,146,0.728361,3432
1069920,1238520,146,0.734903,3432
1071224,1238520,145,0.732240,3456
1073664,1238520,145,0.727105,3456
1076008,1238520,145,0.721978,3456
1079376,1238520,144,0.714406,3464
1078776,1238520,145,0.715800,3456
1082272,1238520,145,0.707477,3456
1080896,1238520,145,0.710992,3408
1081888,1238520,144,0.708613,3416
1081304,1238520,145,0.710026,3408
1085024,1238520,145,0.700791,3408
1085864,1238520,145,0.698528,3408
1083648,1238520,145,0.704231,3408
1086248,1238520,145,0.697539,3408
1084944,1238520,146,0.700933,3384
1088816,1238520,145,0.690819,3384
1084784,1238520,145,0.701457,3384
1087984,1238520,145,0.693049,3384
1085072,1238520,146,0.700730,3336
1086000,1238520,145,0.698323,3352
1085816,1238520,146,0.698795,3352
1083800,1238520,147,0.703875,3352
1085592,1238520,146,0.699327,3368
1086712,1238520,145,0.696356,3400
1085632,1238520,145,0.699286,3392
1087248,1238520,144,0.695080,3400
1085336,1238520,145,0.700041,3392
1084064,1238520,146,0.703239,3392
1080688,1238520,146,0.711520,3392
1080736,1238520,145,0.711407,3392
1083632,1238520,145,0.704310,3392
1084616,1238520,145,0.701739,3392
1084568,1238520,146,0.701860,3392
1080696,1238520,147,0.711369,3352
1079888,1238520,148,0.713351,3312
1081952,1238520,148,0.708364,3312
1084912,1238520,147,0.700953,3360
1086016,1238520,147,0.698014,3360
1085368,1238520,148,0.699695,3352
1085448,1238520,147,0.699491,3352
1084952,1238520,146,0.700993,3352
1085296,1238520,145,0.700122,3352
1082816,1238520,145,0.706468,3328
1086392,1238520,145,0.697374,3328
1086248,1238520,146,0.697746,3328
1089600,1238520,146,0.688709,3328
1085584,1238520,147,0.699327,3328
1087072,1238520,147,0.695353,3328
1085272,1238520,147,0.700122,3328
1087384,1238520,147,0.694533,3328
1084928,1238520,146,0.701114,3328
1088728,1238520,146,0.691078,3328
1088288,1238520,146,0.692409,3320
1091064,1238520,146,0.684672,3320
1089864,1238520,147,0.688007,3320
1089720,1238520,148,0.688402,3320
1089856,1238520,147,0.688029,3320
1086232,1238520,147,0.697808,3320
1089928,1238520,147,0.687831,3320
1092016,1238520,147,0.681838,3320
1089920,1238520,147,0.687853,3320
1092888,1238520,147,0.679325,3320
1091456,1238520,148,0.683431,3320
1090464,1238520,148,0.686348,3320
1094304,1238520,148,0.675158,3320
1095976,1238520,147,0.670096,3320
1093240,1238520,147,0.678439,3320
1091760,1238520,147,0.682841,3320
1091648,1238520,148,0.683159,3320
1087664,1238520,147,0.694322,3320
1091224,1238520,147,0.684492,3320
1095088,1238520,147,0.673094,3320
1096672,1238520,147,0.668092,3320
1098432,1238520,147,0.662368,3320
1095928,1238520,146,0.670538,3320
1092968,1238520,147,0.679371,3320
1093640,1238520,147,0.677266,3320
1096272,1238520,147,0.669184,3320
1092880,1238520,148,0.679348,3320
1093320,1238520,147,0.677924,3368
1092456,1238520,147,0.680575,3368
1094632,1238520,147,0.674033,3368
1092320,1238520,147,0.680966,3368
1090840,1238520,146,0.685434,3368
1091816,1238520,146,0.682545,3368
1090872,1238520,146,0.685367,3360
1091664,1238520,146,0.683000,3360
1092912,1238520,145,0.679348,3384
1090712,1238520,145,0.685747,3384
1094664,1238520,145,0.674177,3384
1092368,1238520,145,0.681081,3376
1089592,1238520,145,0.688994,3376
1093440,1238520,145,0.677971,3376
1090656,1238520,145,0.686059,3376
1088616,1238520,146,0.691702,3352
1084920,1238520,146,0.701437,3352
1088176,1238520,146,0.692879,3352
1089200,1238520,146,0.689996,3352
1092792,1238520,146,0.679789,3352
1094808,1238520,145,0.673841,3352
1093264,1238520,144,0.678696,3352
1096624,1238520,143,0.668490,3384
1093592,1238520,143,0.677854,3360
1093976,1238520,142,0.676701,3368
1093216,1238520,143,0.678976,3352
1090712,1238520,143,0.686237,3352
1093200,1238520,143,0.679022,3352
1093576,1238520,142,0.677924,3352
1091744,1238520,142,0.683340,3352
1090496,1238520,143,0.686837,3352
1088432,1238520,143,0.692580,3352
1092512,1238520,143,0.681150,3352
1088936,1238520,143,0.691293,3328
1086448,1238520,143,0.697973,3328
1088496,1238520,142,0.692559,3344
1092488,1238520,142,0.681380,3344
1088576,1238520,143,0.692217,3344
1089456,1238520,143,0.689713,3344
1090872,1238520,142,0.685769,3360
1090408,1238520,142,0.687279,3328
1088256,1238520,143,0.693241,3280
1091776,1238520,143,0.683454,3280
1093536,1238520,143,0.678252,3280
1095616,1238520,142,0.672004,3296
1092224,1238520,142,0.682135,3296
1096088,1238520,141,0.670563,3344
1093248,1238520,141,0.679185,3344
1095912,1238520,140,0.671175,3368
1093552,1238520,141,0.678229,3368
1091464,1238520,141,0.684357,3368
1095472,1238520,141,0.672513,3368
1093840,1238520,142,0.677384,3368
1094824,1238520,142,0.674321,3368
1097856,1238520,141,0.664900,3392
1096680,1238520,141,0.668738,3392
1097824,1238520,141,0.665001,3392
1094384,1238520,141,0.675705,3392
1095464,1238520,141,0.672319,3392
1091600,1238520,141,0.683770,3392
1091872,1238520,140,0.683000,3392
1087776,1238520,140,0.694343,3392
1090952,1238520,140,0.685590,3392
1087408,1238520,140,0.695311,3392
1083400,1238520,141,0.705471,3392
1084792,1238520,141,0.701900,3392
1085048,1238520,140,0.701256,3392
1081768,1238520,140,0.709512,3352
1084456,1238520,139,0.702861,3392
1081472,1238520,140,0.710121,3392
1078888,1238520,140,0.716310,3360
1078944,1238520,139,0.716182,3360
1075448,1238520,139,0.724024,3360
1073688,1238520,139,0.727860,3360
1075576,1238520,138,0.723783,3392
1076480,1238520,138,0.721716,3392
1078600,1238520,138,0.716891,3392
1077696,1238520,139,0.719012,3352
1079320,1238520,138,0.715324,3360
1077704,1238520,137,0.719190,3360
1075296,1238520,138,0.724539,3320
1074416,1238520,138,0.726514,3320
1077968,1238520,138,0.718690,3320
1078104,1238520,137,0.718386,3320
1078752,1238520,137,0.716818,3320
1075040,1238520,138,0.724984,3320
1075160,1238520,137,0.724728,3320
1074184,1238520,137,0.726902,3320
1073272,1238520,138,0.728827,3312
1075536,1238520,137,0.723955,3352
1076504,1238520,137,0.721751,3352
1075752,1238520,137,0.723489,3352
1076800,1238520,137,0.721102,3352
1075816,1238520,138,0.723299,3328
1079760,1238520,138,0.714387,3328
1076776,1238520,138,0.721207,3328
1077624,1238520,137,0.719244,3368
1076888,1238520,138,0.720891,3360
1078968,1238520,138,0.716128,3360
1078408,1238520,138,0.717523,3352
1079392,1238520,137,0.715233,3376
1075608,1238520,138,0.723645,3376
1073648,1238520,138,0.727943,3360
1073272,1238520,139,0.728727,3360
1075672,1238520,138,0.723541,3408
1078552,1238520,138,0.717072,3408
1080720,1238520,138,0.711970,3408
1077520,1238520,138,0.719386,3408
1079520,1238520,138,0.714755,3408
1079008,1238520,137,0.716146,3408
1077248,1238520,137,0.720202,3408
1076440,1238520,138,0.722048,3376
1077888,1238520,138,0.718744,3376
1080944,1238520,137,0.711708,3392
1081304,1238520,136,0.710841,3400
1077920,1238520,137,0.718690,3368
1074584,1238520,137,0.726057,3368
1074720,1238520,136,0.725751,3376
1073192,1238520,136,0.729060,3376
1074008,1238520,135,0.727306,3400
1075680,1238520,134,0.723714,3416
1071832,1238520,135,0.731769,3416
1071696,1238520,135,0.732143,3416
1069808,1238520,136,0.735915,3416
1069336,1238520,137,0.736842,3416
1066696,1238520,137,0.741998,3416
1069760,1238520,137,0.736010,3416
1067824,1238520,137,0.739905,3392
1070904,1238520,137,0.733787,3392
1071488,1238520,136,0.732596,3400
1068816,1238520,135,0.738073,3400
1068712,1238520,136,0.738274,3400
1067000,1238520,137,0.741621,3360
1069888,1238520,137,0.735963,3360
1068600,1238520,138,0.738475,3360
1067768,1238520,139,0.740073,3360
1071048,1238520,139,0.733562,3360
1070064,1238520,139,0.735616,3360
1071688,1238520,138,0.732321,3384
1071056,1238520,139,0.733658,3352
1071024,1238520,139,0.733819,3352
1073880,1238520,138,0.727943,3368
1077656,1238520,137,0.719795,3376
1077968,1238520,136,0.719101,3376
1080928,1238520,135,0.712270,3408
1083776,1238520,135,0.705334,3408
1084576,1238520,134,0.703279,3440
1084648,1238520,133,0.703100,3440
1087496,1238520,133,0.695709,3440
1083880,1238520,133,0.705000,3440
1087496,1238520,133,0.695709,3440
1083696,1238520,133,0.705452,3440
1081792,1238520,133,0.710197,3424
1083272,1238520,133,0.706526,3424
1085952,1238520,133,0.699735,3424
1085096,1238520,134,0.701900,3424
1083144,1238520,135,0.706779,3400
1085816,1238520,135,0.700020,3400
1087792,1238520,134,0.694912,3400
1087040,1238520,134,0.697022,3392
1089376,1238520,133,0.690754,3424
1085984,1238520,134,0.699695,3408
1085856,1238520,135,0.700020,3408
1087400,1238520,135,0.695918,3408
1089560,1238520,135,0.690039,3408
1086864,1238520,136,0.697229,3392
1087896,1238520,136,0.694406,3392
1084032,1238520,137,0.704271,3392
1080504,1238520,137,0.712886,3376
1078120,1238520,137,0.718440,3376
1081408,1238520,137,0.710765,3376
1084344,1238520,137,0.703537,3376
1083296,1238520,138,0.706175,3352
1085256,1238520,137,0.701276,3368
1087136,1238520,136,0.696440,3376
1083880,1238520,136,0.704803,3376
1085208,1238520,136,0.701377,3376
1083192,1238520,137,0.706370,3376
1084776,1238520,137,0.702341,3376
1083616,1238520,138,0.705334,3328
1086408,1238520,138,0.698199,3328
1082344,1238520,139,0.708325,3320
1078248,1238520,140,0.717847,3320
1075744,1238520,140,0.723472,3320
1072192,1238520,140,0.731036,3320
1070944,1238520,140,0.723777,3296
1067888,1238520,141,0.730016,3280
1069128,1238520,141,0.727435,3280
1069784,1238520,140,0.726101,3280
1071720,1238520,140,0.721987,3280
1073688,1238520,140,0.717677,3280
1073520,1238520,141,0.718042,3280
1074648,1238520,141,0.715472,3280
1076232,1238520,141,0.711828,3280
1073536,1238520,142,0.717799,3280
1077240,1238520,141,0.709494,3296
1078352,1238520,141,0.706803,3296
1074632,1238520,141,0.715366,3296
1078640,1238520,141,0.706127,3296
1075632,1238520,142,0.713035,3296
1078216,1238520,142,0.707009,3296
1077560,1238520,143,0.708534,3296
1080072,1238520,143,0.702489,3296
1079288,1238520,143,0.704481,3296
1079808,1238520,142,0.703162,3328
1079576,1238520,143,0.703718,3328
1078856,1238520,144,0.705448,3320
1079008,1238520,143,0.705089,3320
1079232,1238520,142,0.704557,3320
1078536,1238520,142,0.706315,3320
1074840,1238520,143,0.714747,3320
1075736,1238520,142,0.712694,3344
1073400,1238520,143,0.717920,3312
1076040,1238520,143,0.711973,3312
1079232,1238520,143,0.704462,3312
1075616,1238520,144,0.712820,3312
1073928,1238520,145,0.716562,3312
1072072,1238520,146,0.720667,3264
1075008,1238520,146,0.714179,3264
1073032,1238520,147,0.718509,3264
1070216,1238520,148,0.724457,3264
1068696,1238520,148,0.727661,3264
1069160,1238520,147,0.726704,3272
1069296,1238520,146,0.726411,3280
1070280,1238520,145,0.724341,3304
1072816,1238520,145,0.718888,3304
1075960,1238520,145,0.711846,3304
1072960,1238520,145,0.718578,3304
1072848,1238520,145,0.718922,3304
1069768,1238520,146,0.725396,3304
1070048,1238520,145,0.724820,3304
1072576,1238520,145,0.719403,3304
1069048,1238520,146,0.726769,3304
1065488,1238520,147,0.733820,3304
1069024,1238520,146,0.726769,3328
1070152,1238520,145,0.724407,3352
1072392,1238520,145,0.719592,3352
1068904,1238520,146,0.726916,3328
1065328,1238520,146,0.734083,3328
1064856,1238520,147,0.734988,3328
1061104,1238520,146,0.742149,3328
1059088,1238520,146,0.745833,3328
1062264,1238520,146,0.740032,3328
1064080,1238520,146,0.736555,3328
1065600,1238520,145,0.733620,3344
1069592,1238520,145,0.725577,3344
1070080,1238520,144,0.724572,3344
1066488,1238520,144,0.731893,3344
1064744,1238520,144,0.735355,3344
1062344,1238520,145,0.739943,3296
1065336,1238520,145,0.734221,3296
1068720,1238520,145,0.727451,3296
1067208,1238520,146,0.730507,3280
1068856,1238520,145,0.727175,3296
1066112,1238520,146,0.732627,3296
1068896,1238520,146,0.726997,3296
1066720,1238520,147,0.731359,3288
1065608,1238520,148,0.733527,3288
1063960,1238520,149,0.736736,3256
1063376,1238520,150,0.737864,3240
1065160,1238520,150,0.734390,3240
1067304,1238520,149,0.730159,3264
1068920,1238520,149,0.726818,3264
1067104,1238520,149,0.730555,3264
1069424,1238520,149,0.725790,3264
1070624,1238520,149,0.723211,3264
1070768,1238520,148,0.722910,3264
1068184,1238520,148,0.728306,3264
1070008,1238520,148,0.724490,3264
1069800,1238520,148,0.725018,3264
1073760,1238520,148,0.716509,3264
1072864,1238520,149,0.718509,3240
1071432,1238520,150,0.721616,3216
1074280,1238520,150,0.715366,3216
1077192,1238520,150,0.708682,3216
1073152,1238520,151,0.717730,3216
1072840,1238520,152,0.718405,3216
1072008,1238520,152,0.720293,3216
1073136,1238520,152,0.717764,3216
1075560,1238520,152,0.712298,3216
1073336,1238520,153,0.717225,3216
1071520,1238520,153,0.721227,3216
1068680,1238520,153,0.727208,3216
1065040,1238520,153,0.734483,3216
1067440,1238520,153,0.729698,3216
1068536,1238520,152,0.727483,3224
1065376,1238520,153,0.733728,3224
1068520,1238520,152,0.727483,3240
1067008,1238520,152,0.730602,3240
1070840,1238520,152,0.722709,3240
1071592,1238520,152,0.721024,3240
1074392,1238520,152,0.714854,3240
1070752,1238520,153,0.722759,3208
1071312,1238520,152,0.721565,3216
1071344,1238520,151,0.721497,3216
1070216,1238520,151,0.723960,3216
1073672,1238520,151,0.716492,3216
1070320,1238520,151,0.723744,3216
1073024,1238520,151,0.717903,3216
1069472,1238520,152,0.725396,3216
1071504,1238520,151,0.721057,3264
1069824,1238520,152,0.724572,3264
1071136,1238520,152,0.721734,3264
1071064,1238520,152,0.721987,3264
1072104,1238520,151,0.719712,3296
1070104,1238520,151,0.724026,3296
1072664,1238520,151,0.718509,3296
1071048,1238520,152,0.721970,3288
1069920,1238520,152,0.724424,3288
1073944,1238520,151,0.715807,3304
1075016,1238520,150,0.713340,3344
1073024,1238520,150,0.717834,3344
1070176,1238520,150,0.723976,3344
1067504,1238520,150,0.729586,3304
1065264,1238520,150,0.734067,3304
1063096,1238520,151,0.738178,3304
1062248,1238520,151,0.739914,3264
1065992,1238520,151,0.732736,3264
1068512,1238520,150,0.727661,3304
1068912,1238520,149,0.726834,3312
1067088,1238520,149,0.730586,3312
1065464,1238520,150,0.733774,3304
1068304,1238520,150,0.728081,3304
1071832,1238520,150,0.720684,3304
1074456,1238520,150,0.714889,3304
1073160,1238520,150,0.717834,3304
1072488,1238520,150,0.719489,3256
1073912,1238520,149,0.716334,3288
1076120,1238520,148,0.711375,3304
1073736,1238520,148,0.716789,3304
1070824,1238520,149,0.723010,3304
1073616,1238520,149,0.716946,3304
1070816,1238520,149,0.723027,3304
1070488,1238520,149,0.723827,3296
1073880,1238520,149,0.716492,3296
1076360,1238520,149,0.710848,3296
1074360,1238520,149,0.715437,3296
1074936,1238520,148,0.714108,3320
1077288,1238520,147,0.708756,3328
1078360,1238520,147,0.706146,3328
1080120,1238520,147,0.701832,3328
1079096,1238520,147,0.704405,3328
1076168,1238520,148,0.711212,3328
1078592,1238520,148,0.705486,3328
1081136,1238520,148,0.699233,3328
1079168,1238520,148,0.704119,3328
1081632,1238520,148,0.698006,3328
1080600,1238520,148,0.700665,3328
1081488,1238520,147,0.698483,3328
1078488,1238520,147,0.705882,3312
1076640,1238520,148,0.710172,3312
1074968,1238520,149,0.713947,3312
1074832,1238520,149,0.714357,3312
1077328,1238520,149,0.708590,3312
1079720,1238520,149,0.702836,3312
1078344,1238520,149,0.706259,3296
1076184,1238520,149,0.711357,3296
1079392,1238520,149,0.703775,3296
1082976,1238520,149,0.694834,3296
1086368,1238520,149,0.685853,3296
1082792,1238520,149,0.695300,3296
1082880,1238520,148,0.695077,3296
1083032,1238520,147,0.694692,3296
1079248,1238520,148,0.704005,3296
1080216,1238520,147,0.701657,3304
1077168,1238520,148,0.708867,3304
1074544,1238520,148,0.714907,3304
1071048,1238520,149,0.722441,3304
1072272,1238520,148,0.719797,3328
1075136,1238520,148,0.713429,3328
1071680,1238520,148,0.721057,3328
1073384,1238520,147,0.717347,3352
1077112,1238520,147,0.708886,3352
1076520,1238520,147,0.710392,3336
1077176,1238520,146,0.708886,3336
1073632,1238520,147,0.716841,3336
1076632,1238520,146,0.710026,3384
1075464,1238520,147,0.712784,3336
1071656,1238520,147,0.721193,3336
1071584,1238520,148,0.721345,3336
1071200,1238520,149,0.722172,3328
1068416,1238520,150,0.727903,3328
1067800,1238520,149,0.729331,3328
1070104,1238520,148,0.724556,3376
1074120,1238520,147,0.715965,3392
1075648,1238520,147,0.712460,3392
1077672,1238520,147,0.707718,3392
1081240,1238520,147,0.699056,3392
1084016,1238520,146,0.692029,3400
1083960,1238520,147,0.692174,3400
1084560,1238520,146,0.690597,3408
1084424,1238520,147,0.690972,3400
1080648,1238520,147,0.700626,3392
1077880,1238520,147,0.707345,3392
1078256,1238520,146,0.706465,3392
1074784,1238520,147,0.714463,3360
1074200,1238520,148,0.715825,3328
1076552,1238520,147,0.710520,3344
1077208,1238520,146,0.709015,3344
1076736,1238520,147,0.710136,3328
1078288,1238520,147,0.706428,3328
1075504,1238520,148,0.712820,3328
1072720,1238520,149,0.718939,3328
1075984,1238520,149,0.711629,3328
1077960,1238520,149,0.706971,3328
1079040,1238520,149,0.704310,3328
1081232,1238520,149,0.698878,3328
1077400,1238520,150,0.708052,3328
1080280,1238520,149,0.701211,3328
1077384,1238520,148,0.708312,3328
1081240,1238520,148,0.698977,3328
1077288,1238520,148,0.708534,3328
1079992,1238520,148,0.702025,3328
1076536,1238520,148,0.710264,3328
1076344,1238520,149,0.710702,3328
1072768,1238520,149,0.718733,3328
1070232,1238520,150,0.724092,3328
1066640,1238520,151,0.731343,3328
1070008,1238520,151,0.724457,3328
1068200,1238520,151,0.728242,3328
1068072,1238520,152,0.728499,3328
1071080,1238520,152,0.722222,3328
1074576,1238520,151,0.714588,3368
1071640,1238520,152,0.720956,3368
1071856,1238520,151,0.720497,3368
1073512,1238520,150,0.716894,3384
1070144,1238520,150,0.724159,3384
1070664,1238520,149,0.723060,3392
1071192,1238520,149,0.721852,3392
1073408,1238520,149,0.716999,3392
1076288,1238520,149,0.710465,3392
1076064,1238520,150,0.710975,3392
1076408,1238520,149,0.710136,3416
1074760,1238520,150,0.713894,3400
1077152,1238520,150,0.708349,3400
1075080,1238520,151,0.713071,3400
1076144,1238520,151,0.710556,3400
1072752,1238520,152,0.718094,3400
1070656,1238520,152,0.722659,3400
1067368,1238520,153,0.729379,3400
1069048,1238520,152,0.725987,3400
1070912,1238520,151,0.722054,3432
1071072,1238520,150,0.721717,3432
1067056,1238520,150,0.730064,3416
1066968,1238520,151,0.730238,3416
1068184,1238520,151,0.727710,3416
1071432,1238520,150,0.720905,3456
1067568,1238520,149,0.729060,3456
1069952,1238520,149,0.724109,3456
1068528,1238520,150,0.727094,3424
1072248,1238520,150,0.719232,3424
1069496,1238520,151,0.725018,3424
1070040,1238520,151,0.723793,3424
1066472,1238520,151,0.731107,3424
1068280,1238520,150,0.727418,3464
1067632,1238520,150,0.728820,3464
1071672,1238520,150,0.720378,3464
1068288,1238520,149,0.727596,3464
1068208,1238520,149,0.727855,3464
1065680,1238520,150,0.732860,3464
1065864,1238520,149,0.732502,3464
1069264,1238520,149,0.725610,3464
1066168,1238520,149,0.731908,3464
1069768,1238520,149,0.724572,3464
1073256,1238520,149,0.717068,3464
1071224,1238520,149,0.721531,3464
1070216,1238520,150,0.723644,3464
1072176,1238520,150,0.719403,3464
1075488,1238520,149,0.712081,3480
1074136,1238520,149,0.715208,3480
1070936,1238520,149,0.722256,3456
1072448,1238520,149,0.718939,3456
1076416,1238520,149,0.710026,3456
1076136,1238520,150,0.710666,3456
1077112,1238520,149,0.708349,3488
1075096,1238520,150,0.712946,3488
1075784,1238520,149,0.711375,3496
1075424,1238520,149,0.712352,3472
1072536,1238520,149,0.718819,3472
1072176,1238520,149,0.719695,3472
1068304,1238520,150,0.727742,3472
1068880,1238520,149,0.726542,3488
1071920,1238520,149,0.720105,3488
1072792,1238520,148,0.718163,3520
1074384,1238520,148,0.714570,3520
1073376,1238520,149,0.716824,3504
1074960,1238520,149,0.713215,3504
1070864,1238520,149,0.722205,3504
1074640,1238520,149,0.713930,3504
1070848,1238520,150,0.722138,3504
1071304,1238520,149,0.721176,3504
1069648,1238520,149,0.724738,3504
1071088,1238520,148,0.721700,3520
1070272,1238520,149,0.723461,3496
1074032,1238520,148,0.715331,3528
1071448,1238520,149,0.720922,3528
1073112,1238520,149,0.717243,3528
1070224,1238520,149,0.723494,3528
1067688,1238520,150,0.728707,3512
1070056,1238520,150,0.723777,3512
1070936,1238520,149,0.721886,3536
1068584,1238520,149,0.726867,3528
1067736,1238520,150,0.728595,3520
1070072,1238520,150,0.723727,3520
1067680,1238520,151,0.728611,3520
1070328,1238520,151,0.723094,3520
1072808,1238520,150,0.717712,3568
1069232,1238520,150,0.725363,3568
1070640,1238520,150,0.722340,3568
1067784,1238520,151,0.728242,3552
1070456,1238520,151,0.722659,3552
1067608,1238520,150,0.728691,3552
1071672,1238520,150,0.720190,3552
1070544,1238520,150,0.722726,3528
1069792,1238520,150,0.724391,3528
1070784,1238520,149,0.722256,3560
1072560,1238520,149,0.718370,3560
1070208,1238520,149,0.723461,3560
1074096,1238520,149,0.715013,3560
1072312,1238520,149,0.719008,3560
1074672,1238520,148,0.713769,3592
1073344,1238520,148,0.716807,3592
1073488,1238520,147,0.716492,3592
1072584,1238520,147,0.718560,3592
1074112,1238520,147,0.715119,3592
1070368,1238520,147,0.723261,3592
1072192,1238520,147,0.719300,3592
1068600,1238520,147,0.726916,3584
1067864,1238520,148,0.728483,3544
1071512,1238520,147,0.720871,3584
1069040,1238520,148,0.726036,3576
1066032,1238520,148,0.732143,3576
1066488,1238520,147,0.731217,3592
1069432,1238520,146,0.725199,3640
1067224,1238520,147,0.729698,3624
1064552,1238520,148,0.734912,3624
1067312,1238520,148,0.729427,3624
1064704,1238520,149,0.734529,3624
1066576,1238520,149,0.730792,3624
1064872,1238520,150,0.734113,3624
1062072,1238520,150,0.739486,3624
1064728,1238520,149,0.734452,3640
1066368,1238520,149,0.731170,3640
1068296,1238520,149,0.727224,3640
1071248,1238520,149,0.721007,3640
1070592,1238520,149,0.722541,3616
1070560,1238520,149,0.722709,3616
1070800,1238520,148,0.722205,3616
1069848,1238520,148,0.724291,3616
1072112,1238520,148,0.719421,3616
1076088,1238520,148,0.710520,3616
1073824,1238520,147,0.715807,3616
1075432,1238520,147,0.712117,3616
1071512,1238520,148,0.720718,3608
1067696,1238520,148,0.728707,3600
1071264,1238520,147,0.721311,3624
1067568,1238520,146,0.729188,3584
1065736,1238520,146,0.732891,3584
1064296,1238520,147,0.735690,3568
1060984,1238520,147,0.741932,3568
1058600,1238520,147,0.746269,3568
1056240,1238520,147,0.750421,3568
1056168,1238520,148,0.750543,3568
1052640,1238520,149,0.756382,3568
1054176,1238520,149,0.753795,3568
1052568,1238520,149,0.756499,3568
1051504,1238520,148,0.758357,3568
1050536,1238520,148,0.759962,3568
1053496,1238520,148,0.755148,3568
1054464,1238520,147,0.753557,3568
1052952,1238520,147,0.756136,3552
1056304,1238520,147,0.750503,3552
1060160,1238520,146,0.743762,3568
1062088,1238520,146,0.740179,3568
1064680,1238520,145,0.735294,3584
1066416,1238520,144,0.731846,3632
1067872,1238520,143,0.728964,3632
1068728,1238520,142,0.727240,3632
1066200,1238520,142,0.732362,3632
1064464,1238520,143,0.735751,3608
1061952,1238520,143,0.740531,3608
1061200,1238520,144,0.741990,3560
1060032,1238520,145,0.744090,3560
1061280,1238520,144,0.741787,3592
1064696,1238520,144,0.735340,3592
1063656,1238520,145,0.737369,3560
1060008,1238520,146,0.744119,3520
1058032,1238520,146,0.747677,3520
1060776,1238520,145,0.742756,3560
1064728,1238520,145,0.735340,3560
1063136,1238520,145,0.738432,3560
1064072,1238520,144,0.736661,3568
1068136,1238520,144,0.728659,3568
1072120,1238520,144,0.720327,3568
1073208,1238520,144,0.717886,3568
1069568,1238520,145,0.725561,3568
1069816,1238520,144,0.725001,3592
1071408,1238520,144,0.721582,3592
1075200,1238520,144,0.713233,3592
1072488,1238520,145,0.719180,3592
1070184,1238520,145,0.724142,3592
1066104,1238520,145,0.732440,3592
1065968,1238520,144,0.732891,3592
1062920,1238520,144,0.738774,3592
1059920,1238520,144,0.744318,3592
1055928,1238520,145,0.751233,3592
1059728,1238520,145,0.744574,3592
1058656,1238520,146,0.746465,3592
1059616,1238520,146,0.744688,3592
1059896,1238520,145,0.744190,3592
1057248,1238520,145,0.748906,3592
1060480,1238520,145,0.743145,3592
1062448,1238520,145,0.739471,3592
1060840,1238520,146,0.742439,3576
1061648,1238520,145,0.740883,3624
1061528,1238520,146,0.741102,3624
1059216,1238520,147,0.745283,3608
1059584,1238520,146,0.744631,3608
1056016,1238520,146,0.750895,3608
1052936,1238520,146,0.756072,3608
1052696,1238520,146,0.756537,3608
1055152,1238520,145,0.752467,3632
1055952,1238520,144,0.751125,3632
1054128,1238520,144,0.754243,3632
1054168,1238520,143,0.754177,3632
1052760,1238520,144,0.756473,3632
1051440,1238520,144,0.758662,3632
1051656,1238520,143,0.758319,3632
1050856,1238520,143,0.759661,3632
1048232,1238520,143,0.763792,3632
1052184,1238520,142,0.757566,3672
1048096,1238520,142,0.764010,3672
1046768,1238520,143,0.766079,3624
1044416,1238520,144,0.769555,3608
1044512,1238520,143,0.769416,3608
1044928,1238520,142,0.768801,3616
1043952,1238520,143,0.770259,3584
1047472,1238520,143,0.765013,3584
1047152,1238520,144,0.765505,3576
1044928,1238520,145,0.768789,3576
1043536,1238520,145,0.770867,3576
1045352,1238520,145,0.768170,3576
1047552,1238520,144,0.764869,3600
1051224,1238520,144,0.759131,3600
1053904,1238520,143,0.754808,3608
1054664,1238520,142,0.753531,3624
1056552,1238520,142,0.750286,3624
1060160,1238520,142,0.743919,3624
1062712,1238520,141,0.739219,3656
1061232,1238520,141,0.742019,3656
1062888,1238520,140,0.738982,3656
1066656,1238520,140,0.731704,3656
1063864,1238520,140,0.737159,3656
1066272,1238520,140,0.732455,3656
1068560,1238520,140,0.727823,3656
1070528,1238520,140,0.723694,3656
1072176,1238520,140,0.720122,3656
1070112,1238520,141,0.724457,3656
1071520,1238520,140,0.721514,3656
1071680,1238520,139,0.721159,3664
1073056,1238520,138,0.718215,3664
1070416,1238520,138,0.723910,3664
1071104,1238520,137,0.722441,3680
1067408,1238520,138,0.729984,3680
1069512,1238520,138,0.725643,3680
1067728,1238520,139,0.729347,3632
1066616,1238520,140,0.731579,3616
1066496,1238520,141,0.731814,3616
1064296,1238520,142,0.736055,3616
1066144,1238520,142,0.732408,3616
1067192,1238520,141,0.730349,3616
1064344,1238520,141,0.735964,3616
1067912,1238520,141,0.728916,3616
1070336,1238520,141,0.723877,3616
1069760,1238520,142,0.725100,3600
1071944,1238520,141,0.720497,3616
1074176,1238520,141,0.715561,3616
1073208,1238520,142,0.717677,3616
1070544,1238520,142,0.723444,3616
1072792,1238520,142,0.718578,3616
1073944,1238520,142,0.715965,3616
1073072,1238520,142,0.718042,3584
1075256,1238520,142,0.713125,3584
1075096,1238520,143,0.713483,3584
1072760,1238520,144,0.718612,3584
1069264,1238520,145,0.725954,3584
1067512,1238520,146,0.729523,3568
1070168,1238520,146,0.724026,3568
1074256,1238520,146,0.715172,3568
1071008,1238520,147,0.722256,3528
1069128,1238520,148,0.726166,3520
1071632,1238520,148,0.720854,3520
1069368,1238520,148,0.725675,3520
1071776,1238520,147,0.720650,3520
1074896,1238520,147,0.713751,3520
1072504,1238520,147,0.719094,3520
1074640,1238520,147,0.714321,3520
1075040,1238520,146,0.713376,3544
1076288,1238520,146,0.710447,3544
1074736,1238520,146,0.714054,3544
1070880,1238520,146,0.722491,3544
1069392,1238520,146,0.725675,3544
1071912,1238520,145,0.720361,3568
1073176,1238520,145,0.717538,3568
1075344,1238520,145,0.712640,3568
1071272,1238520,146,0.721514,3568
1074160,1238520,146,0.715172,3568
1072800,1238520,146,0.718353,3520
1076024,1238520,146,0.711103,3520
1074440,1238520,147,0.714659,3520
1074904,1238520,146,0.713590,3536
1071000,1238520,146,0.722155,3536
1068736,1238520,147,0.726916,3496
1068768,1238520,146,0.726851,3496
1065048,1238520,146,0.734298,3496
1064544,1238520,147,0.735264,3496
1061704,1238520,147,0.740663,3496
1058704,1238520,147,0.746128,3496
1062200,1238520,147,0.739752,3496
1061208,1238520,148,0.741583,3488
1062984,1238520,147,0.738283,3504
1061400,1238520,148,0.741204,3504
1062184,1238520,147,0.739752,3512
1062472,1238520,146,0.739219,3512
1065800,1238520,146,0.732813,3512
1062200,1238520,147,0.739634,3512
1062536,1238520,146,0.738967,3536
1062424,1238520,147,0.739175,3536
1065120,1238520,147,0.733990,3536
1061840,1238520,147,0.740252,3536
1058144,1238520,148,0.746870,3536
1059184,1238520,147,0.745014,3552
1063152,1238520,147,0.737699,3552
1065696,1238520,147,0.732751,3552
1066768,1238520,146,0.730650,3552
1065624,1238520,147,0.732984,3504
1065720,1238520,146,0.732798,3504
1062880,1238520,145,0.738387,3504
1065432,1238520,145,0.733449,3504
1063920,1238520,145,0.736434,3504
1065176,1238520,145,0.733944,3504
1063384,1238520,145,0.737474,3488
1060960,1238520,146,0.741946,3488
1064752,1238520,146,0.734789,3488
1066040,1238520,146,0.732205,3488
1064104,1238520,145,0.736116,3488
1065448,1238520,145,0.733449,3488
1062048,1238520,146,0.739884,3480
1062720,1238520,146,0.738551,3480
1061240,1238520,146,0.741365,3480
1063152,1238520,146,0.737744,3480
1059384,1238520,146,0.744702,3480
1056944,1238520,146,0.749043,3480
1058416,1238520,146,0.746409,3480
1055464,1238520,146,0.751556,3480
1057880,1238520,145,0.747414,3488
1054992,1238520,144,0.752494,3488
1052824,1238520,144,0.756136,3488
1052480,1238520,145,0.756692,3488
1056240,1238520,145,0.750394,3488
1054000,1238520,146,0.754138,3488
1054024,1238520,145,0.754098,3488
1051600,1238520,146,0.758026,3488
1054608,1238520,146,0.753053,3488
1054496,1238520,147,0.753239,3488
1056176,1238520,147,0.750340,3488
1055080,1238520,147,0.752294,3472
1058600,1238520,146,0.746227,3496
1061552,1238520,146,0.740854,3496
1063232,1238520,146,0.737654,3496
1063696,1238520,145,0.736767,3504
1059744,1238520,144,0.744190,3504
1058200,1238520,144,0.746996,3504
1056376,1238520,144,0.750218,3504
1054528,1238520,144,0.753398,3504
1050544,1238520,144,0.759900,3504
1050896,1238520,143,0.759320,3520
1054800,1238520,143,0.752920,3520
1050760,1238520,144,0.759459,3520
1054552,1238520,144,0.753252,3520
1056208,1238520,143,0.750449,3536
1052984,1238520,143,0.755877,3536
1052008,1238520,143,0.757579,3504
1048664,1238520,143,0.762889,3504
1051624,1238520,143,0.758192,3504
1054080,1238520,142,0.754164,3536
1052824,1238520,142,0.756292,3536
1051360,1238520,143,0.758713,3488
1051600,1238520,142,0.758332,3488
1052528,1238520,141,0.756834,3496
1050872,1238520,142,0.759497,3480
1052840,1238520,142,0.756279,3480
1049880,1238520,142,0.761050,3480
1046176,1238520,142,0.766768,3464
1047080,1238520,141,0.765409,3472
1047152,1238520,140,0.765301,3472
1048128,1238520,139,0.763792,3496
1045248,1238520,140,0.768088,3496
1047160,1238520,140,0.765181,3496
1049128,1238520,140,0.762115,3496
1047592,1238520,140,0.764531,3496
1049488,1238520,139,0.761620,3504
1053136,1238520,138,0.755760,3552
1051760,1238520,139,0.757975,3552
1048552,1238520,140,0.762987,3552
1044464,1238520,141,0.769080,3552
1040472,1238520,141,0.774801,3552
1040880,1238520,140,0.774236,3552
1041528,1238520,139,0.773311,3568
1037736,1238520,139,0.778560,3568
1037968,1238520,138,0.778250,3568
1034600,1238520,139,0.782681,3560
1032280,1238520,139,0.785684,3560
1034696,1238520,138,0.782609,3568
1035384,1238520,137,0.781668,3608
1033648,1238520,137,0.784020,3560
1031600,1238520,138,0.786611,3544
1028064,1238520,139,0.790917,3536
1031072,1238520,139,0.787214,3536
1031120,1238520,138,0.787155,3536
1032000,1238520,137,0.786064,3536
1034504,1238520,137,0.782835,3536
1035536,1238520,136,0.781449,3576
1033872,1238520,136,0.783654,3576
1036232,1238520,136,0.780540,3576
1032152,1238520,137,0.785764,3576
1032664,1238520,136,0.785122,3576
1030184,1238520,137,0.788196,3576
1033696,1238520,136,0.783776,3608
1032616,1238520,137,0.785143,3608
1030568,1238520,138,0.787687,3608
1032840,1238520,138,0.784800,3608
1029696,1238520,139,0.788693,3608
1031888,1238520,139,0.785934,3608
1034544,1238520,139,0.782506,3608
1032624,1238520,139,0.785012,3608
1033304,1238520,139,0.784091,3608
1030544,1238520,139,0.787598,3608
1029216,1238520,139,0.789276,3608
1027248,1238520,139,0.791686,3608
1027408,1238520,138,0.791496,3608
1028144,1238520,137,0.790621,3608
1029256,1238520,136,0.789266,3624
1025952,1238520,137,0.793187,3624
1023784,1238520,137,0.795737,3624
1021120,1238520,138,0.798746,3600
1025152,1238520,137,0.794189,3608
1027384,1238520,137,0.791525,3608
1027584,1238520,136,0.791288,3608
1026008,1238520,136,0.793197,3608
1029496,1238520,136,0.788995,3608
1027584,1238520,136,0.791345,3608
1030584,1238520,136,0.787667,3608
1028392,1238520,137,0.790325,3608
1030544,1238520,136,0.787667,3648
1027008,1238520,137,0.791931,3640
1029080,1238520,137,0.789401,3640
1027704,1238520,136,0.782110,3640
1026400,1238520,136,0.783773,3640
1028712,1238520,136,0.780854,3640
1032144,1238520,135,0.776434,3664
1029728,1238520,135,0.779603,3664
1026808,1238520,135,0.783303,3664
1028080,1238520,135,0.781673,3664
1027864,1238520,136,0.781942,3664
1027216,1238520,137,0.782763,3648
1024456,1238520,138,0.786110,3648
1022144,1238520,139,0.788835,3648
1020256,1238520,139,0.791101,3616
1020320,1238520,138,0.791028,3616
1020408,1238520,137,0.790928,3616
1016984,1238520,138,0.794763,3616
1019384,1238520,138,0.792036,3616
1022616,1238520,138,0.788266,3616
1024728,1238520,138,0.785708,3616
1022856,1238520,138,0.787985,3616
1021352,1238520,139,0.789735,3616
1020008,1238520,139,0.791329,3616
1020744,1238520,138,0.790480,3624
1019712,1238520,139,0.791674,3608
1020176,1238520,138,0.791111,3640
1017680,1238520,139,0.793915,3640
1016216,1238520,140,0.795525,3640
1015232,1238520,141,0.796620,3616
1015680,1238520,140,0.796135,3616
1014992,1238520,140,0.796947,3600
1016296,1238520,140,0.795482,3600
1015768,1238520,141,0.796057,3600
1013568,1238520,142,0.798417,3600
1013584,1238520,141,0.798400,3600
1014032,1238520,140,0.797873,3648
1011888,1238520,141,0.800159,3624
1014288,1238520,141,0.797574,3624
1017936,1238520,141,0.793542,3624
1020040,1238520,141,0.791120,3624
1016032,1238520,142,0.795586,3624
1016864,1238520,142,0.794622,3624
1020888,1238520,142,0.790039,3624
1023128,1238520,141,0.787420,3632
1026312,1238520,141,0.783538,3632
1029568,1238520,141,0.779421,3632
1027296,1238520,142,0.782269,3632
1028752,1238520,141,0.780442,3640
1027768,1238520,141,0.781763,3616
1028816,1238520,140,0.780452,3616
1026848,1238520,141,0.782900,3616
1028688,1238520,140,0.780613,3616
1027336,1238520,141,0.782298,3616
1025368,1238520,141,0.784764,3616
1022008,1238520,142,0.788789,3584
1022312,1238520,141,0.788425,3592
1023448,1238520,141,0.787033,3592
1021048,1238520,141,0.789892,3592
1021688,1238520,140,0.789152,3592
1019000,1238520,140,0.792279,3592
1018312,1238520,141,0.793096,3552
1016728,1238520,140,0.794956,3552
1020552,1238520,140,0.790617,3552
1018160,1238520,141,0.793319,3552
1015088,1238520,140,0.796835,3512
1017056,1238520,139,0.794693,3512
1020784,1238520,139,0.790452,3512
1017448,1238520,140,0.794207,3512
1020008,1238520,140,0.791284,3512
1019248,1238520,140,0.792216,3496
1018000,1238520,140,0.793667,3496
1015496,1238520,141,0.796412,3496
1017288,1238520,140,0.794411,3536
1019520,1238520,139,0.791873,3576
1017600,1238520,139,0.794075,3576
1015544,1238520,140,0.796325,3576
1019576,1238520,139,0.791810,3624
1017616,1238520,139,0.794075,3608
1020240,1238520,139,0.791074,3608
1024320,1238520,138,0.786310,3616
1025832,1238520,137,0.784473,3632
1022312,1238520,137,0.788714,3632
1025640,1238520,136,0.784754,3640
1027752,1238520,135,0.782170,3640
1028616,1238520,135,0.781034,3640
1028168,1238520,136,0.781653,3592
1031768,1238520,136,0.777017,3592
1030120,1238520,136,0.779197,3592
1028008,1238520,137,0.781852,3592
1025248,1238520,137,0.785285,3592
1025152,1238520,138,0.785401,3592
1023216,1238520,139,0.787703,3592
1019720,1238520,140,0.791737,3592
1019256,1238520,141,0.792279,3576
1017096,1238520,142,0.794684,3576
1016168,1238520,143,0.795709,3568
1019432,1238520,143,0.792036,3568
1020528,1238520,143,0.790736,3568
1019568,1238520,143,0.791936,3520
1021256,1238520,143,0.789956,3520
1019296,1238520,142,0.792297,3520
1019416,1238520,141,0.792162,3520
1016456,1238520,142,0.795482,3488
1013976,1238520,143,0.798205,3440
1014464,1238520,142,0.797676,3448
1014680,1238520,141,0.797445,3448
1017152,1238520,140,0.794728,3480
1020800,1238520,140,0.790581,3480
1021168,1238520,139,0.790149,3488
1017320,1238520,140,0.794481,3488
1017904,1238520,139,0.793826,3496
1015936,1238520,140,0.795987,3496
1016872,1238520,139,0.794965,3496
1013616,1238520,138,0.798578,3496
1012544,1238520,139,0.799707,3496
1014272,1238520,138,0.797847,3528
1017512,1238520,138,0.794278,3528
1019840,1238520,138,0.791620,3528
1022960,1238520,137,0.788004,3544
1024472,1238520,137,0.786158,3544
1022816,1238520,138,0.788135,3528
1019680,1238520,138,0.791801,3528
1023760,1238520,138,0.787023,3528
1021240,1238520,138,0.790067,3488
1020168,1238520,138,0.791347,3488
1022864,1238520,138,0.788182,3488
1024152,1238520,138,0.786605,3488
1026136,1238520,137,0.784211,3496
1026696,1238520,136,0.783509,3512
1028752,1238520,135,0.780964,3512
1027448,1238520,135,0.782674,3488
1026680,1238520,136,0.783626,3480
1030224,1238520,135,0.779207,3480
1027688,1238520,136,0.782387,3480
1026832,1238520,137,0.783440,3480
1025152,1238520,138,0.785478,3480
1029192,1238520,138,0.780452,3480
1032632,1238520,138,0.775974,3480
1034664,1238520,137,0.773270,3488
1036752,1238520,136,0.770400,3512
1034976,1238520,137,0.772818,3512
1033440,1238520,137,0.774932,3512
1035712,1238520,137,0.771822,3512
1038488,1238520,137,0.767919,3512
1034584,1238520,138,0.773280,3512
1036376,1238520,137,0.770795,3552
1032336,1238520,137,0.776267,3552
1035888,1238520,137,0.771463,3552
1034232,1238520,137,0.773773,3544
1037408,1238520,137,0.769383,3544
1036472,1238520,138,0.770675,3544
1039048,1238520,138,0.767015,3544
1038800,1238520,139,0.767400,3520
1036688,1238520,139,0.770411,3520
1036040,1238520,139,0.771364,3520
1035048,1238520,140,0.772710,3520
1031120,1238520,141,0.777886,3520
1032448,1238520,141,0.776100,3520
1035592,1238520,140,0.771909,3520
1036696,1238520,139,0.770356,3552
1033368,1238520,139,0.774911,3552
1035944,1238520,139,0.771386,3552
1039624,1238520,139,0.766185,3552
1036136,1238520,139,0.771124,3552
1033904,1238520,140,0.774189,3512
1029824,1238520,141,0.779502,3504
1028952,1238520,142,0.780603,3504
1031824,1238520,142,0.776872,3504
1029408,1238520,143,0.779978,3496
1029536,1238520,142,0.779816,3496
1032272,1238520,142,0.776236,3496
1029936,1238520,142,0.779309,3496
1033824,1238520,142,0.774189,3496
1032272,1238520,142,0.776299,3496
1028448,1238520,142,0.781244,3496
1029144,1238520,141,0.780351,3512
1032248,1238520,141,0.776309,3512
1029448,1238520,142,0.779907,3512
1032320,1238520,142,0.776152,3512
1034904,1238520,142,0.772656,3512
1036072,1238520,141,0.771026,3544
1032208,1238520,141,0.776319,3496
1033544,1238520,141,0.774497,3496
1033816,1238520,140,0.774136,3496
1033584,1238520,141,0.774444,3496
1035280,1238520,141,0.772104,3496
1032280,1238520,141,0.776163,3496
1029072,1238520,142,0.780281,3496
1032112,1238520,142,0.776319,3496
1036080,1238520,142,0.770949,3496
1033384,1238520,143,0.774582,3496
1033888,1238520,142,0.773912,3496
1032912,1238520,143,0.775238,3472
1029872,1238520,142,0.779299,3472
1029992,1238520,141,0.779136,3480
1029720,1238520,142,0.779482,3480
1032488,1238520,142,0.775848,3480
1036048,1238520,142,0.771015,3480
1035688,1238520,142,0.771583,3472
1033400,1238520,141,0.774784,3472
1032856,1238520,141,0.775565,3472
1032400,1238520,141,0.776246,3456
1028432,1238520,142,0.781314,3456
1025976,1238520,143,0.784367,3432
1027880,1238520,143,0.781971,3432
1027856,1238520,144,0.782001,3432
1028280,1238520,143,0.781474,3432
1030736,1238520,142,0.778338,3456
1033936,1238520,142,0.774093,3456
1034280,1238520,141,0.773634,3456
1037752,1238520,141,0.768826,3456
1037856,1238520,140,0.768670,3464
1034104,1238520,140,0.773858,3464
1030960,1238520,141,0.777999,3448
1032080,1238520,140,0.776518,3472
1036120,1238520,140,0.771058,3472
1034432,1238520,141,0.773377,3448
1036448,1238520,140,0.770598,3480
1036104,1238520,140,0.771168,3456
1039392,1238520,140,0.766516,3456
1039288,1238520,140,0.766732,3456
1036416,1238520,140,0.770806,3456
1034688,1238520,141,0.773194,3424
1034768,1238520,140,0.773087,3424
1037272,1238520,140,0.769605,3424
1033544,1238520,140,0.774720,3424
1035960,1238520,139,0.771463,3432
1036432,1238520,138,0.770806,3440
1032752,1238520,138,0.775806,3440
1033280,1238520,137,0.775112,3440
1030536,1238520,138,0.778728,3400
1027952,1238520,139,0.781981,3400
1024408,1238520,140,0.786291,3400
1023192,1238520,140,0.787787,3400
1019928,1238520,141,0.791556,3400
1020504,1238520,140,0.790873,3424
1017496,1238520,141,0.794252,3424
1018880,1238520,141,0.792657,3424
1019328,1238520,141,0.792099,3424
1018080,1238520,142,0.793533,3392
1014112,1238520,143,0.797856,3392
1014384,1238520,142,0.797565,3392
1016056,1238520,141,0.795761,3392
1016912,1238520,140,0.794807,3408
1019296,1238520,140,0.792099,3408
1016720,1238520,140,0.795018,3408
1020560,1238520,139,0.790672,3448
1020832,1238520,138,0.790361,3448
1020568,1238520,139,0.790663,3448
1023904,1238520,139,0.786720,3448
1023312,1238520,140,0.787430,3440
1024000,1238520,139,0.786577,3472
1023008,1238520,140,0.787750,3472
1023544,1238520,139,0.787099,3488
1023200,1238520,139,0.787562,3488
1020736,1238520,140,0.790452,3464
1024456,1238520,140,0.786043,3464
1021856,1238520,140,0.789161,3464
1025272,1238520,140,0.785064,3464
1024984,1238520,141,0.785410,3464
1028816,1238520,141,0.780643,3464
1031264,1238520,140,0.777473,3504
1030192,1238520,140,0.778962,3464
1026416,1238520,141,0.783675,3464
1022528,1238520,141,0.788378,3464
1023184,1238520,140,0.787599,3472
1025152,1238520,140,0.785198,3472
1029216,1238520,139,0.780160,3496
1025184,1238520,140,0.785189,3448
1023944,1238520,141,0.786672,3448
1027488,1238520,141,0.782318,3448
1027048,1238520,141,0.782979,3400
1025696,1238520,141,0.784687,3400
1022904,1238520,141,0.788069,3400
1024184,1238520,140,0.786558,3400
1028016,1238520,140,0.781842,3400
1027880,1238520,140,0.782080,3392
1027432,1238520,140,0.782694,3392
1027816,1238520,139,0.782209,3400
1025960,1238520,140,0.784483,3400
1025592,1238520,141,0.784938,3392
1025136,1238520,142,0.785487,3392
1027840,1238520,142,0.782130,3392
1026744,1238520,142,0.783548,3384
1029408,1238520,141,0.780230,3392
1032952,1238520,141,0.775607,3392
1036224,1238520,141,0.771157,3392
1039544,1238520,141,0.766459,3392
1042568,1238520,140,0.762061,3400
1046016,1238520,140,0.756780,3400
1043008,1238520,140,0.761409,3400
1045032,1238520,139,0.758302,3440
1043896,1238520,140,0.760022,3440
1044536,1238520,139,0.759056,3440
1043024,1238520,140,0.761349,3424
1045984,1238520,139,0.756792,3472
1043880,1238520,140,0.759998,3472
1040760,1238520,140,0.764668,3472
1043760,1238520,140,0.760178,3472
1045176,1238520,140,0.757960,3472
1042072,1238520,140,0.762686,3472
1042600,1238520,139,0.761883,3488
1040760,1238520,140,0.764576,3488
1037760,1238520,141,0.768904,3440
1035360,1238520,141,0.772267,3440
1035752,1238520,140,0.771735,3440
1036032,1238520,139,0.771354,3440
1036128,1238520,138,0.771222,3440
1032104,1238520,138,0.776674,3424
1031120,1238520,139,0.777948,3424
1028184,1238520,139,0.781723,3424
1030592,1238520,139,0.778625,3424
1032312,1238520,138,0.776351,3464
1034944,1238520,138,0.772796,3464
1033488,1238520,139,0.774741,3464
1030944,1238520,139,0.778123,3464
1032232,1238520,139,0.776393,3464
1033544,1238520,139,0.774603,3464
1032200,1238520,140,0.776372,3464
1033816,1238520,139,0.774242,3464
1030168,1238520,139,0.779054,3464
1026736,1238520,139,0.783431,3440
1028280,1238520,139,0.781464,3440
1032216,1238520,138,0.776445,3440
1032200,1238520,139,0.776466,3440
1036168,1238520,139,0.771102,3440
1034264,1238520,139,0.773741,3440
1033360,1238520,139,0.775006,3440
1030856,1238520,139,0.778328,3440
1031848,1238520,138,0.777048,3440
1033768,1238520,137,0.774465,3488
1031312,1238520,137,0.777773,3464
1027520,1238520,138,0.782555,3464
1027656,1238520,137,0.782387,3464
1027912,1238520,136,0.782061,3472
1027960,1238520,135,0.782001,3472
1024424,1238520,134,0.786415,3472
1023904,1238520,134,0.787127,3440
1024360,1238520,133,0.786586,3440
1026496,1238520,133,0.783958,3440
1024088,1238520,133,0.786909,3440
1026248,1238520,133,0.784260,3440
1023608,1238520,133,0.787477,3440
1027192,1238520,133,0.783107,3440
1026976,1238520,134,0.783372,3440
1027752,1238520,133,0.782417,3440
1024520,1238520,134,0.786339,3440
1028576,1238520,133,0.781344,3480
1026568,1238520,133,0.783880,3480
1027112,1238520,132,0.783205,3488
1027064,1238520,133,0.783264,3488
1027608,1238520,133,0.782536,3488
1027192,1238520,133,0.783117,3480
1023928,1238520,133,0.787108,3480
1024328,1238520,132,0.786615,3496
1027584,1238520,131,0.782664,3504
1027096,1238520,132,0.783274,3496
1030456,1238520,132,0.779013,3496
1030360,1238520,133,0.779136,3496
1033744,1238520,133,0.774678,3496
1032632,1238520,133,0.776204,3496
1033152,1238520,133,0.775459,3496
1030848,1238520,132,0.778635,3448
1028576,1238520,133,0.781504,3448
1029992,1238520,133,0.779664,3448
1029864,1238520,134,0.779826,3448
1033920,1238520,134,0.774508,3448
1035976,1238520,133,0.771724,3464
1033912,1238520,133,0.774561,3464
1032496,1238520,133,0.776487,3464
1033504,1238520,133,0.775101,3464
1035088,1238520,133,0.772926,3464
1032616,1238520,134,0.776246,3432
1030216,1238520,134,0.779400,3432
1026216,1238520,135,0.784367,3432
1029968,1238520,134,0.779664,3472
1029480,1238520,135,0.780281,3472
1031256,1238520,135,0.777958,3472
1028216,1238520,135,0.781862,3472
1031920,1238520,135,0.777100,3472
1030608,1238520,136,0.778789,3472
1027896,1238520,136,0.782259,3472
1030368,1238520,135,0.779126,3496
1031280,1238520,134,0.777927,3520
1032960,1238520,134,0.775680,3520
1032360,1238520,135,0.776466,3520
1032320,1238520,136,0.776518,3520
1033112,1238520,135,0.775470,3528
1029080,1238520,136,0.780663,3520
1028272,1238520,136,0.781793,3472
1028752,1238520,135,0.781194,3472
1030632,1238520,135,0.778758,3472
1031496,1238520,135,0.777587,3472
1028504,1238520,135,0.781444,3472
1031880,1238520,135,0.777090,3472
1028080,1238520,135,0.781971,3472
1028040,1238520,135,0.782080,3472
1029880,1238520,135,0.779715,3472
1030976,1238520,134,0.778318,3472
1027856,1238520,135,0.782269,3456
1028400,1238520,134,0.781554,3488
1031624,1238520,133,0.777452,3496
1028232,1238520,134,0.781753,3496
1026896,1238520,134,0.783460,3496
1026592,1238520,135,0.783841,3488
1027120,1238520,135,0.783136,3488
1029544,1238520,135,0.780059,3488
1031840,1238520,134,0.777069,3528
1031360,1238520,134,0.777752,3528
1031712,1238520,133,0.777277,3544
1030000,1238520,133,0.779532,3544
1030960,1238520,132,0.778297,3552
1029696,1238520,133,0.779907,3552
1033656,1238520,133,0.774720,3552
1032432,1238520,134,0.776361,3528
1036408,1238520,134,0.770982,3528
1034440,1238520,134,0.773709,3528
1037216,1238520,134,0.769870,3528
1035800,1238520,135,0.771833,3512
1036928,1238520,134,0.770279,3520
1034520,1238520,135,0.773548,3520
1038232,1238520,135,0.768401,3520
1037864,1238520,136,0.768915,3520
1040568,1238520,135,0.765049,3544
1040328,1238520,135,0.765464,3544
1040968,1238520,135,0.764472,3544
1040688,1238520,136,0.764876,3544
1043392,1238520,136,0.760837,3544
1039976,1238520,136,0.765899,3544
1041248,1238520,135,0.764065,3544
1037448,1238520,135,0.769527,3544
1040528,1238520,134,0.765153,3560
1038912,1238520,133,0.767592,3560
1041808,1238520,133,0.763366,3560
1041672,1238520,134,0.763565,3560
1042856,1238520,134,0.761753,3560
1039896,1238520,134,0.766196,3512
1043840,1238520,134,0.760358,3512
1043416,1238520,135,0.760992,3512
1041832,1238520,136,0.763366,3488
1040952,1238520,137,0.764680,3464
1041728,1238520,136,0.763553,3464
1044216,1238520,136,0.759793,3464
1045472,1238520,135,0.757875,3472
1044832,1238520,136,0.758850,3472
1048344,1238520,136,0.753322,3472
1044696,1238520,137,0.759056,3424
1044888,1238520,136,0.758765,3424
1043736,1238520,136,0.760574,3424
1047664,1238520,136,0.754473,3424
1045248,1238520,137,0.758229,3416
1047192,1238520,137,0.755151,3416
1046016,1238520,138,0.757002,3400
1043960,1238520,139,0.760154,3384
1043912,1238520,140,0.760226,3384
1047560,1238520,139,0.754549,3432
1049696,1238520,139,0.751066,3432
1053096,1238520,139,0.745361,3432
1051320,1238520,140,0.748358,3416
1048552,1238520,141,0.752851,3416
1050584,1238520,140,0.749503,3456
1051424,1238520,140,0.748040,3456
1050960,1238520,141,0.748820,3448
1052584,1238520,140,0.746076,3472
1049816,1238520,141,0.750651,3472
1053016,1238520,141,0.745266,3472
1050512,1238520,141,0.749516,3472
1048408,1238520,141,0.752992,3472
1050520,1238520,141,0.749503,3472
1047000,1238520,142,0.755176,3448
1048496,1238520,142,0.752736,3448
1050832,1238520,141,0.748925,3464
1048120,1238520,142,0.753310,3464
1045792,1238520,143,0.756953,3464
1043168,1238520,144,0.760933,3464
1042768,1238520,145,0.761540,3456
1041232,1238520,145,0.763879,3448
1038064,1238520,145,0.768468,3448
1038248,1238520,144,0.768211,3448
1039800,1238520,144,0.765945,3448
1039944,1238520,143,0.765739,3448
1040776,1238520,143,0.764472,3448
1041416,1238520,142,0.763541,3448
1038232,1238520,143,0.768098,3448
1041512,1238520,143,0.763331,3448
1045072,1238520,143,0.757936,3448
1043800,1238520,143,0.759938,3448
1044280,1238520,142,0.759202,3456
1041280,1238520,141,0.763798,3456
1042320,1238520,141,0.762203,3456
1040296,1238520,141,0.765222,3456
1043096,1238520,141,0.761052,3456
1042096,1238520,142,0.762533,3456
1045512,1238520,142,0.757322,3456
1041488,1238520,142,0.763424,3456
1044608,1238520,142,0.758704,3456
1043200,1238520,143,0.760849,3440
1045528,1238520,142,0.757273,3472
1045272,1238520,143,0.757666,3472
1046656,1238520,142,0.755464,3512
1043344,1238520,143,0.760550,3496
1039384,1238520,143,0.766402,3496
1035688,1238520,144,0.771550,3496
1037744,1238520,143,0.768692,3512
1037912,1238520,142,0.768457,3512
1037752,1238520,142,0.768748,3512
1034200,1238520,142,0.773666,3512
1033624,1238520,143,0.774434,3512
1030640,1238520,144,0.778328,3512
1028256,1238520,144,0.781404,3512
1027288,1238520,145,0.782654,3472
1025672,1238520,146,0.784629,3472
1028840,1238520,146,0.780663,3472
1026528,1238520,147,0.783528,3472
1029400,1238520,147,0.779897,3472
1027376,1238520,147,0.782486,3472
1029720,1238520,146,0.779522,3496
1031104,1238520,145,0.777690,3544
1034896,1238520,144,0.772634,3584
1035840,1238520,143,0.771288,3632
1037760,1238520,143,0.768569,3632
1040360,1238520,142,0.764842,3656
1039816,1238520,143,0.765670,3624
1037680,1238520,143,0.768759,3624
1036632,1238520,142,0.770345,3624
1033032,1238520,142,0.775259,3624
1035192,1238520,141,0.772343,3648
1037688,1238520,141,0.768848,3648
1038040,1238520,140,0.768334,3664
1041352,1238520,140,0.763530,3664
1037288,1238520,140,0.769416,3640
1033728,1238520,141,0.774253,3640
1036424,1238520,140,0.770587,3656
1033896,1238520,140,0.774072,3656
1034728,1238520,140,0.772893,3656
1035704,1238520,139,0.771539,3680
1037760,1238520,139,0.768636,3680
1039000,1238520,138,0.766879,3688
1037104,1238520,139,0.769549,3680
1041176,1238520,138,0.763751,3688
1039864,1238520,139,0.765647,3688
1041752,1238520,138,0.762886,3704
1041248,1238520,138,0.763693,3704
1037872,1238520,138,0.768580,3704
1040232,1238520,137,0.765165,3752
1040400,1238520,136,0.764911,3760
1039912,1238520,137,0.765613,3760
1036848,1238520,137,0.769992,3760
1038392,1238520,137,0.767772,3760
1041240,1238520,137,0.763623,3760
1037632,1238520,137,0.768837,3760
1040392,1238520,136,0.764911,3768
1039456,1238520,136,0.760283,3760
1041736,1238520,135,0.756854,3792
1040352,1238520,136,0.758978,3752
1036936,1238520,137,0.763923,3752
1037136,1238520,136,0.763628,3760
1039464,1238520,136,0.760201,3760
1038600,1238520,137,0.761459,3760
1041288,1238520,137,0.757431,3760
1040592,1238520,138,0.758492,3744
1040312,1238520,139,0.758907,3744
1042688,1238520,139,0.755268,3744
1038800,1238520,139,0.761122,3744
1041136,1238520,139,0.757610,3744
1039552,1238520,140,0.760014,3704
1039448,1238520,141,0.760178,3696
1043352,1238520,141,0.754252,3696
1040376,1238520,142,0.758800,3656
1041832,1238520,142,0.756553,3656
1045512,1238520,141,0.750849,3672
1048880,1238520,140,0.745335,3720
1045464,1238520,140,0.750925,3720
1041992,1238520,141,0.756288,3720
1040584,1238520,142,0.758468,3672
1039488,1238520,143,0.760084,3672
1040616,1238520,143,0.758349,3672
1039704,1238520,143,0.759802,3648
1042784,1238520,143,0.755121,3648
1041328,1238520,144,0.757335,3640
1041768,1238520,143,0.756626,3672
1043712,1238520,143,0.753586,3672
1046824,1238520,143,0.748606,3672
1046656,1238520,143,0.748952,3672
1042968,1238520,143,0.754804,3672
1038984,1238520,143,0.760820,3672
1040664,1238520,143,0.758278,3672
1042024,1238520,143,0.756167,3672
1041992,1238520,144,0.756215,3672
1043568,1238520,144,0.753734,3672
1046736,1238520,144,0.748670,3672
1050816,1238520,143,0.741910,3688
1049008,1238520,144,0.745004,3648
1051312,1238520,144,0.741053,3648
1048144,1238520,144,0.746426,3648
1050664,1238520,144,0.742154,3648
1048608,1238520,144,0.745691,3632
1045424,1238520,145,0.750824,3632
1047080,1238520,145,0.748103,3632
1047880,1238520,145,0.746726,3632
1045648,1238520,146,0.750318,3632
1044904,1238520,147,0.751492,3632
1046200,1238520,146,0.749413,3648
1043880,1238520,146,0.753140,3648
1042488,1238520,146,0.755353,3648
1042016,1238520,146,0.756154,3640
1040360,1238520,147,0.758634,3640
1044040,1238520,147,0.752979,3640
1042384,1238520,148,0.755560,3616
1042200,1238520,149,0.755839,3616
1044712,1238520,149,0.751894,3616
1043304,1238520,150,0.754079,3616
1039976,1238520,151,0.759108,3608
1037816,1238520,150,0.762404,3600
1038256,1238520,149,0.761702,3648
1040824,1238520,149,0.757861,3648
1039984,1238520,150,0.759108,3648
1042432,1238520,150,0.755365,3648
1038728,1238520,149,0.761018,3648
1041560,1238520,149,0.756758,3648
1043752,1238520,148,0.753351,3688
1042824,1238520,148,0.754865,3680
1043888,1238520,147,0.753178,3712
1043616,1238520,148,0.753598,3712
1039552,1238520,148,0.759791,3712
1043232,1238520,148,0.754190,3712
1043104,1238520,148,0.754460,3712
1041720,1238520,149,0.756638,3664
1042008,1238520,148,0.756203,3664
1042616,1238520,148,0.755207,3664
1038912,1238520,149,0.760727,3664
1042432,1238520,149,0.755414,3664
1045856,1238520,149,0.750013,3664
1048296,1238520,149,0.745993,3664
1046616,1238520,150,0.748721,3664
1048096,1238520,150,0.746242,3664
1048504,1238520,149,0.745546,3680
1046584,1238520,149,0.748747,3680
1049328,1238520,149,0.744181,3680
1047168,1238520,149,0.747806,3680
1045224,1238520,149,0.750988,3680
1045848,1238520,149,0.749924,3680
1047720,1238520,149,0.746831,3680
1051080,1238520,149,0.741149,3680
1052944,1238520,148,0.737931,3680
1050456,1238520,148,0.742289,3680
1052296,1238520,148,0.739059,3680
1053920,1238520,147,0.736158,3712
1050032,1238520,148,0.742869,3712
1050728,1238520,147,0.741639,3744
1046888,1238520,148,0.748064,3704
1050768,1238520,147,0.741639,3704
1049704,1238520,148,0.743487,3672
1050128,1238520,147,0.742761,3680
1046776,1238520,148,0.748284,3680
1042936,1238520,148,0.754399,3680
1043032,1238520,147,0.754252,3680
1043560,1238520,146,0.753401,3704
1041120,1238520,147,0.757119,3704
1040320,1238520,147,0.758385,3704
1038712,1238520,148,0.760808,3664
1037672,1238520,148,0.762404,3648
1041088,1238520,148,0.757323,3648
1038008,1238520,148,0.761921,3648
1041696,1238520,148,0.756408,3648
1040112,1238520,147,0.758918,3648
1043720,1238520,147,0.753388,3648
1043904,1238520,146,0.753103,3648
1046048,1238520,146,0.749656,3648
1048640,1238520,146,0.745374,3648
1046304,1238520,147,0.749196,3632
1049984,1238520,147,0.743084,3632
1046960,1238520,148,0.748077,3624
1046000,1238520,147,0.749822,3592
1046464,1238520,146,0.749029,3624
1044008,1238520,147,0.752954,3592
1045072,1238520,146,0.751241,3624
1046024,1238520,146,0.749656,3624
1043664,1238520,147,0.753413,3592
1047528,1238520,147,0.747209,3592
1045800,1238520,147,0.750064,3592
1045272,1238520,148,0.750900,3592
1047048,1238520,147,0.747987,3640
1049760,1238520,147,0.743446,3640
1047000,1238520,148,0.748000,3632
1050656,1238520,148,0.741869,3632
1047424,1238520,148,0.747313,3632
1048664,1238520,148,0.745203,3632
1046552,1238520,148,0.748721,3632
1044496,1238520,148,0.752057,3632
1045592,1238520,148,0.750254,3632
1048336,1238520,147,0.745783,3656
1048072,1238520,148,0.746242,3640
1050288,1238520,147,0.742546,3648
1049456,1238520,147,0.744021,3648
1051264,1238520,147,0.740889,3648
1049720,1238520,147,0.743580,3648
1047120,1238520,148,0.747896,3624
1046560,1238520,148,0.748914,3600
1043360,1238520,149,0.753944,3600
1044232,1238520,149,0.752519,3600
1043088,1238520,150,0.754289,3600
1045064,1238520,150,0.751140,3600
1042432,1238520,151,0.755219,3600
1042872,1238520,151,0.754473,3600
1046792,1238520,151,0.748232,3600
1044080,1238520,151,0.752606,3600
1046056,1238520,151,0.749413,3600
1045872,1238520,151,0.749784,3600
1043848,1238520,152,0.753029,3560
1047768,1238520,152,0.746713,3560
1045112,1238520,153,0.751001,3544
1047304,1238520,153,0.747417,3544
1046624,1238520,154,0.748541,3528
1049864,1238520,154,0.743138,3528
1047728,1238520,154,0.746753,3528
1050280,1238520,153,0.742505,3536
1051960,1238520,152,0.739640,3536
1055336,1238520,152,0.733597,3536
1054096,1238520,152,0.735903,3536
1051824,1238520,152,0.739957,3536
1050280,1238520,152,0.742667,3536
1052824,1238520,152,0.738225,3536
1055840,1238520,151,0.732829,3552
1054864,1238520,152,0.734633,3528
1055512,1238520,151,0.733395,3568
1057120,1238520,150,0.730455,3568
1058688,1238520,150,0.727434,3568
1057912,1238520,150,0.728983,3568
1061416,1238520,150,0.722178,3568
1060224,1238520,150,0.724638,3544
1059784,1238520,150,0.725669,3496
1059200,1238520,150,0.726873,3496
1059448,1238520,149,0.726402,3496
1057920,1238520,149,0.729371,3496
1060840,1238520,148,0.723787,3512
1064592,1238520,147,0.716208,3560
1067280,1238520,146,0.710523,3592
1066752,1238520,147,0.711678,3576
1067520,1238520,146,0.709994,3600
1063800,1238520,147,0.717741,3600
1060560,1238520,147,0.724252,3600
1061528,1238520,146,0.722335,3616
1057952,1238520,146,0.729267,3616
1058680,1238520,145,0.727887,3624
1057072,1238520,146,0.730883,3624
1059304,1238520,146,0.726615,3624
1056856,1238520,146,0.731280,3624
1058440,1238520,145,0.728293,3648
1054496,1238520,146,0.735505,3648
1055568,1238520,146,0.733496,3648
1058112,1238520,146,0.728728,3648
1056472,1238520,146,0.731852,3648
1057960,1238520,146,0.729013,3648
1054376,1238520,146,0.735633,3648
1056024,1238520,145,0.732669,3648
1054216,1238520,145,0.736002,3648
1050816,1238520,145,0.741978,3648
1050848,1238520,144,0.741924,3648
1048144,1238520,145,0.746465,3624
1050872,1238520,144,0.741924,3624
1053160,1238520,144,0.737903,3624
1051544,1238520,145,0.740739,3600
1055536,1238520,145,0.733641,3600
1051832,1238520,146,0.740163,3600
1053456,1238520,145,0.737315,3616
1050376,1238520,144,0.742802,3600
1046432,1238520,145,0.749273,3600
1045848,1238520,146,0.750216,3592
1041752,1238520,147,0.756553,3592
1040696,1238520,147,0.758266,3552
1040632,1238520,147,0.758432,3552
1044240,1238520,147,0.752880,3552
1041656,1238520,147,0.756903,3552
1038400,1238520,148,0.761713,3544
1040576,1238520,147,0.758492,3568
1043592,1238520,147,0.753858,3568
1044592,1238520,146,0.752307,3568
1044048,1238520,147,0.753153,3568
1042912,1238520,147,0.754975,3568
1046608,1238520,146,0.749183,3576
1047360,1238520,145,0.747961,3584
1046824,1238520,146,0.748850,3568
1049936,1238520,146,0.743674,3568
1047160,1238520,146,0.748309,3568
1049656,1238520,146,0.744141,3568
1051360,1238520,145,0.741189,3616
1051312,1238520,144,0.741435,3616
1048752,1238520,144,0.745796,3616
1048568,1238520,145,0.746098,3616
1052312,1238520,145,0.739722,3616
1051672,1238520,146,0.740821,3616
1052120,1238520,146,0.739970,3616
1054088,1238520,146,0.736455,3616
1051568,1238520,146,0.740958,3592
1053160,1238520,146,0.738127,3592
1055936,1238520,146,0.733105,3592
1060000,1238520,145,0.725469,3624
1059664,1238520,145,0.726250,3600
1060920,1238520,145,0.723740,3600
1064392,1238520,144,0.716830,3600
1063336,1238520,145,0.718984,3592
1059368,1238520,144,0.726919,3592
1062272,1238520,144,0.721201,3592
1059096,1238520,144,0.727434,3592
1061152,1238520,144,0.723398,3592
1061360,1238520,143,0.722993,3592
1059392,1238520,144,0.726782,3592
1062392,1238520,144,0.720868,3592
1058312,1238520,145,0.728728,3592
1054584,1238520,145,0.735619,3592
1051064,1238520,145,0.741815,3592
1054104,1238520,145,0.736469,3592
1052992,1238520,146,0.738448,3576
1051864,1238520,146,0.740479,3576
1055352,1238520,145,0.734332,3592
1055560,1238520,144,0.733943,3600
1056400,1238520,143,0.732422,3600
1059600,1238520,143,0.726371,3600
1062728,1238520,143,0.720185,3600
1060888,1238520,144,0.723803,3600
1058200,1238520,145,0.728998,3560
1057080,1238520,146,0.731133,3528
1053224,1238520,147,0.738043,3528
1056816,1238520,147,0.731530,3528
1060552,1238520,147,0.724407,3528
1063168,1238520,147,0.719161,3528
1063488,1238520,146,0.718517,3528
1060712,1238520,145,0.724190,3528
1057128,1238520,145,0.731045,3528
1054552,1238520,146,0.735704,3528
1057744,1238520,146,0.729817,3528
1054296,1238520,147,0.736073,3528
1057376,1238520,147,0.730410,3528
1059232,1238520,146,0.726904,3544
1059616,1238520,145,0.726158,3552
1059456,1238520,146,0.726478,3544
1057224,1238520,147,0.730662,3544
1059208,1238520,147,0.726858,3544
1055448,1238520,147,0.733900,3544
1058096,1238520,147,0.728953,3544
1059704,1238520,147,0.725822,3544
1057296,1238520,148,0.730351,3544
1054168,1238520,148,0.736101,3544
1050104,1238520,149,0.743165,3512
1046728,1238520,150,0.748709,3512
1045736,1238520,150,0.750419,3480
1044064,1238520,151,0.753041,3480
1040664,1238520,152,0.758207,3480
1041280,1238520,151,0.757251,3504
1045376,1238520,150,0.750950,3504
1045960,1238520,149,0.750013,3512
1042920,1238520,149,0.754828,3512
1042312,1238520,150,0.755754,3512
1046024,1238520,150,0.749911,3512
1048440,1238520,150,0.745927,3512
1049256,1238520,150,0.744500,3512
1050864,1238520,150,0.741720,3512
1049920,1238520,150,0.743473,3464
1053104,1238520,150,0.737945,3464
1055376,1238520,150,0.733828,3464
1057784,1238520,150,0.729326,3464
1053792,1238520,150,0.736653,3464
1052120,1238520,151,0.739598,3448
1051976,1238520,151,0.739929,3448
1049512,1238520,152,0.744101,3448
1050600,1238520,151,0.742276,3448
1049696,1238520,152,0.743808,3440
1050336,1238520,152,0.742654,3440
1048016,1238520,153,0.746504,3440
1046936,1238520,154,0.748258,3440
1048536,1238520,154,0.745572,3440
1048976,1238520,154,0.744766,3440
1047688,1238520,153,0.747039,3440
1050904,1238520,153,0.741611,3440
1047296,1238520,154,0.747598,3440
1043640,1238520,155,0.753388,3440
1041584,1238520,155,0.756601,3440
1040712,1238520,154,0.758052,3440
1040784,1238520,153,0.757945,3440
1041368,1238520,153,0.756999,3440
1038736,1238520,154,0.760890,3440
1041960,1238520,154,0.756033,3440
1044616,1238520,154,0.751869,3440
1047136,1238520,154,0.747780,3440
1044480,1238520,155,0.752006,3440
1041584,1238520,156,0.756457,3440
1044208,1238520,155,0.752381,3472
1046712,1238520,155,0.748335,3472
1044944,1238520,155,0.751228,3472
1046944,1238520,155,0.747961,3472
1046128,1238520,156,0.749298,3456
1048512,1238520,156,0.745348,3456
1050352,1238520,156,0.742194,3456
1048880,1238520,156,0.734830,3448
1051952,1238520,156,0.729346,3448
1052120,1238520,155,0.729044,3448
1053544,1238520,154,0.726444,3456
1049792,1238520,155,0.733236,3408
1051792,1238520,155,0.729618,3408
1047928,1238520,156,0.736364,3408
1044704,1238520,156,0.741818,3408
1042704,1238520,156,0.745119,3408
1042632,1238520,157,0.745233,3408
1043040,1238520,156,0.744545,3432
1044304,1238520,156,0.742430,3432
1045352,1238520,155,0.740690,3448
1045568,1238520,154,0.740334,3448
1043280,1238520,153,0.744212,3448
1046392,1238520,153,0.739046,3448
1044336,1238520,154,0.742430,3448
1045704,1238520,153,0.740149,3472
1044864,1238520,154,0.741530,3472
1041984,1238520,155,0.746158,3472
1040304,1238520,155,0.748856,3472
1042952,1238520,155,0.744621,3472
1044848,1238520,154,0.741517,3496
1043520,1238520,154,0.743749,3496
1041840,1238520,154,0.746498,3496
1039224,1238520,153,0.750696,3496
1038664,1238520,153,0.751642,3480
1038728,1238520,152,0.751546,3480
1040728,1238520,152,0.748410,3480
1041544,1238520,151,0.747114,3496
1044968,1238520,151,0.741557,3496
1047976,1238520,151,0.736459,3496
1047376,1238520,152,0.737489,3488
1045128,1238520,153,0.741229,3488
1048120,1238520,153,0.736146,3488
1044336,1238520,154,0.742443,3488
1040848,1238520,153,0.748137,3488
1040960,1238520,152,0.747963,3488
1042616,1238520,152,0.745284,3488
1041688,1238520,152,0.746851,3472
1045048,1238520,152,0.741386,3472
1042784,1238520,153,0.745042,3472
1041368,1238520,153,0.747352,3472
1043448,1238520,153,0.743981,3472
1041968,1238520,154,0.746335,3472
1043120,1238520,153,0.744506,3472
1041328,1238520,153,0.747477,3432
1042408,1238520,152,0.745779,3432
1040984,1238520,153,0.748025,3424
1038088,1238520,153,0.752521,3424
1041104,1238520,153,0.747839,3424
1039224,1238520,154,0.750733,3424
1037528,1238520,154,0.753358,3424
1035416,1238520,155,0.756465,3424
1036768,1238520,155,0.754415,3424
1038400,1238520,155,0.751908,3424
1036824,1238520,156,0.754261,3424
1035232,1238520,155,0.756732,3424
1032456,1238520,156,0.760701,3416
1034856,1238520,156,0.757218,3416
1038664,1238520,155,0.751570,3432
1039416,1238520,154,0.750355,3480
1042000,1238520,154,0.746272,3480
1043696,1238520,154,0.743492,3480
1043600,1238520,154,0.743724,3480
1040240,1238520,154,0.749091,3480
1039504,1238520,155,0.750220,3480
1039664,1238520,154,0.749976,3480
1042008,1238520,154,0.746259,3480
1039648,1238520,155,0.749927,3480
1043560,1238520,154,0.743737,3512
1040136,1238520,154,0.749202,3512
1043016,1238520,154,0.744608,3512
1041000,1238520,154,0.747913,3480
1038720,1238520,155,0.751461,3448
1034976,1238520,155,0.757068,3448
1036872,1238520,155,0.754225,3448
1032896,1238520,156,0.759970,3448
1035320,1238520,156,0.756430,3448
1038864,1238520,156,0.751097,3448
1035272,1238520,157,0.756430,3448
1037360,1238520,156,0.753323,3472
1041032,1238520,156,0.747652,3472
1045008,1238520,155,0.741295,3472
1047616,1238520,155,0.736867,3472
1045208,1238520,155,0.740966,3472
1042336,1238520,155,0.745677,3472
1042928,1238520,154,0.744711,3488
1042576,1238520,154,0.745373,3472
1041584,1238520,155,0.746938,3472
1042688,1238520,154,0.745157,3496
1041088,1238520,154,0.747751,3496
1040088,1238520,154,0.749399,3480
1043520,1238520,154,0.743929,3480
1043200,1238520,155,0.744442,3480
1046304,1238520,155,0.739299,3480
1043712,1238520,156,0.743543,3480
1045264,1238520,155,0.740979,3504
1049128,1238520,155,0.734388,3504
1050632,1238520,154,0.731764,3504
1052496,1238520,153,0.728410,3520
1049872,1238520,154,0.733124,3488
1051152,1238520,154,0.730787,3488
1049984,1238520,155,0.732901,3456
1051072,1238520,154,0.730986,3456
1054288,1238520,154,0.725074,3456
1053840,1238520,155,0.725901,3456
1056984,1238520,155,0.719899,3456
1055120,1238520,156,0.723465,3440
1056256,1238520,155,0.721321,3440
1055728,1238520,155,0.722413,3440
1056192,1238520,155,0.721443,3440
1052240,1238520,156,0.728828,3400
1051488,1238520,157,0.730261,3352
1055360,1238520,157,0.723090,3352
1054256,1238520,158,0.725192,3328
1055264,1238520,158,0.723225,3328
1051344,1238520,159,0.730389,3328
1048640,1238520,159,0.735201,3328
1050456,1238520,158,0.731975,3368
1051040,1238520,157,0.730915,3384
1054032,1238520,157,0.725414,3384
1052648,1238520,157,0.728033,3384
1056552,1238520,156,0.720742,3400
1055296,1238520,156,0.723225,3392
1051648,1238520,157,0.729904,3392
1049672,1238520,156,0.733556,3392
1052456,1238520,156,0.728540,3392
1054008,1238520,155,0.725709,3392
1054152,1238520,154,0.725444,3392
1052336,1238520,155,0.728828,3352
1054968,1238520,154,0.723959,3376
1054560,1238520,155,0.724763,3352
1058536,1238520,155,0.717089,3352
1054712,1238520,155,0.724480,3352
1057384,1238520,154,0.719406,3360
1055016,1238520,155,0.723899,3360
1054232,1238520,154,0.725547,3352
1055896,1238520,153,0.722397,3376
1056000,1238520,152,0.722201,3376
1055328,1238520,151,0.723645,3376
1053384,1238520,151,0.727321,3376
1050696,1238520,151,0.732214,3376
1049968,1238520,152,0.733500,3368
1053672,1238520,152,0.726810,3368
1051792,1238520,153,0.730204,3368
1049464,1238520,152,0.734457,3368
1049832,1238520,151,0.733806,3376
1052520,1238520,151,0.728972,3376
1054696,1238520,150,0.724956,3400
1056048,1238520,149,0.722397,3416
1059048,1238520,149,0.716523,3416
1055936,1238520,149,0.722609,3416
1053384,1238520,150,0.727336,3416
1055152,1238520,150,0.723989,3416
1057936,1238520,150,0.718602,3416
1055392,1238520,150,0.723540,3416
1053536,1238520,151,0.727000,3400
1049680,1238520,152,0.733889,3384
1050400,1238520,151,0.732607,3400
1050696,1238520,150,0.732073,3408
1047152,1238520,151,0.738162,3408
1050416,1238520,151,0.732481,3408
1050264,1238520,151,0.732831,3408
1046864,1238520,152,0.738645,3408
1047200,1238520,151,0.738082,3408
1049736,1238520,150,0.733723,3424
1047840,1238520,150,0.737056,3424
1048776,1238520,149,0.735462,3424
1050712,1238520,149,0.732017,3424
1049040,1238520,149,0.735009,3424
1045280,1238520,150,0.741373,3392
1044464,1238520,151,0.742729,3376
1043816,1238520,152,0.743839,3336
1040448,1238520,153,0.749214,3288
1037888,1238520,152,0.736076,3288
1041248,1238520,151,0.730540,3328
1042072,1238520,150,0.729163,3328
1045384,1238520,150,0.723399,3328
1044552,1238520,150,0.724932,3328
1047608,1238520,150,0.719447,3328
1051360,1238520,150,0.712427,3328
1048656,1238520,151,0.717458,3328
1048960,1238520,150,0.716872,3344
1052488,1238520,150,0.710152,3344
1052600,1238520,149,0.709921,3352
1049640,1238520,149,0.715692,3304
1052992,1238520,149,0.709256,3304
1051720,1238520,150,0.711698,3304
1052952,1238520,149,0.709287,3328
1049776,1238520,150,0.715306,3328
1051776,1238520,149,0.711454,3376
1049280,1238520,148,0.716312,3376
1050640,1238520,148,0.713694,3376
1050344,1238520,147,0.714428,3376
1051144,1238520,146,0.712926,3376
1048024,1238520,146,0.718782,3376
1049984,1238520,146,0.715098,3376
1048920,1238520,147,0.717121,3344
1050776,1238520,146,0.713634,3368
1048080,1238520,145,0.718782,3368
1050464,1238520,145,0.714308,3368
1047136,1238520,146,0.720395,3368
1045224,1238520,146,0.723861,3368
1047592,1238520,145,0.719663,3368
1044752,1238520,145,0.724766,3368
1047224,1238520,145,0.720324,3368
1049912,1238520,144,0.715395,3384
1049608,1238520,145,0.715988,3368
1052336,1238520,144,0.710843,3376
1048656,1238520,144,0.717808,3376
1047392,1238520,144,0.720180,3376
1049336,1238520,144,0.716563,3376
1052328,1238520,144,0.710858,3376
1050704,1238520,144,0.714069,3352
1052096,1238520,144,0.711347,3352
1048416,1238520,144,0.718318,3336
1047368,1238520,145,0.720238,3320
1045000,1238520,146,0.724418,3320
1042432,1238520,147,0.728853,3296
1041544,1238520,147,0.730420,3296
1040416,1238520,148,0.732297,3288
1040720,1238520,147,0.731797,3288
1040616,1238520,148,0.731968,3288
1043416,1238520,148,0.727200,3288
1040880,1238520,147,0.731613,3288
1037312,1238520,147,0.737447,3288
1039488,1238520,147,0.733889,3288
1040272,1238520,146,0.732612,3288
1042208,1238520,146,0.729324,3288
1044600,1238520,145,0.725167,3336
1046888,1238520,145,0.721067,3336
1049688,1238520,145,0.715899,3336
1051992,1238520,145,0.711485,3336
1050808,1238520,144,0.713904,3336
1052272,1238520,144,0.711042,3336
1052128,1238520,145,0.711317,3336
1051440,1238520,145,0.712730,3328
1048488,1238520,145,0.718289,3328
1044880,1238520,145,0.724779,3328
1046544,1238520,145,0.721778,3328
1049984,1238520,145,0.715455,3328
1048888,1238520,146,0.717472,3328
1050832,1238520,146,0.713784,3328
1049144,1238520,147,0.716916,3328
1051720,1238520,147,0.712017,3328
1048712,1238520,147,0.717706,3328
1050568,1238520,147,0.714188,3328
1047000,1238520,148,0.720753,3304
1049496,1238520,148,0.716135,3304
1048664,1238520,148,0.717750,3304
1052376,1238520,148,0.710720,3304
1054904,1238520,148,0.705698,3304
1051896,1238520,148,0.711637,3304
1050808,1238520,148,0.713784,3304
1047096,1238520,148,0.720667,3304
1043424,1238520,148,0.727159,3304
1045984,1238520,148,0.722640,3304
1048640,1238520,148,0.717794,3304
1049192,1238520,147,0.716769,3312
1050256,1238520,146,0.714801,3312
1052256,1238520,146,0.710935,3312
1049600,1238520,146,0.716017,3312
1047224,1238520,145,0.720510,3312
1050928,1238520,145,0.713634,3312
1049968,1238520,146,0.715440,3304
1053312,1238520,146,0.709009,3304
1054872,1238520,146,0.705857,3304
1050904,1238520,146,0.713604,3304
1053144,1238520,146,0.709241,3304
1052976,1238520,146,0.709674,3296
1056432,1238520,146,0.702750,3296
1053728,1238520,146,0.708215,3296
1055800,1238520,146,0.704023,3296
1054944,1238520,147,0.705762,3280
1053248,1238520,147,0.709179,3280
1055424,1238520,147,0.704807,3280
1053544,1238520,147,0.708605,3280
1057184,1238520,147,0.701253,3280
1057936,1238520,147,0.699609,3280
1054648,1238520,148,0.706253,3280
1057552,1238520,148,0.700302,3280
1057176,1238520,149,0.701073,3280
1053856,1238520,150,0.707715,3280
1052784,1238520,149,0.709982,3280
1052200,1238520,148,0.711286,3280
1052680,1238520,148,0.710275,3280
1055064,1238520,148,0.705524,3280
1057760,1238520,148,0.699973,3280
1059152,1238520,147,0.697025,3304
1055080,1238520,148,0.705365,3296
1058896,1238520,148,0.697479,3296
1057504,1238520,149,0.700417,3272
1059288,1238520,148,0.696689,3280
1055352,1238520,149,0.704759,3280
1054768,1238520,150,0.705952,3264
1056848,1238520,150,0.701678,3264
1056264,1238520,151,0.702879,3256
1058808,1238520,151,0.697546,3256
1058976,1238520,150,0.697176,3264
1057616,1238520,150,0.700104,3264
1055072,1238520,150,0.705349,3264
1053160,1238520,150,0.709195,3264
1050888,1238520,150,0.713619,3264
1053696,1238520,150,0.708153,3264
1055112,1238520,149,0.705365,3264
1055360,1238520,148,0.704855,3272
1057280,1238520,147,0.700926,3296
1053368,1238520,148,0.708791,3264
1055856,1238520,148,0.703782,3264
1053216,1238520,149,0.708993,3264
1055648,1238520,149,0.704103,3264
1053968,1238520,150,0.707433,3264
1056080,1238520,149,0.703138,3312
1052648,1238520,149,0.709998,3312
1054440,1238520,149,0.706411,3312
1052360,1238520,150,0.710490,3296
1049216,1238520,151,0.716401,3296
1049752,1238520,150,0.715351,3328
1049632,1238520,150,0.715662,3328
1050424,1238520,149,0.714114,3368
1053096,1238520,149,0.708931,3368
1052520,1238520,149,0.710183,3344
1053336,1238520,148,0.708574,3360
1051632,1238520,149,0.711941,3312
1053680,1238520,148,0.707903,3360
1050544,1238520,149,0.713994,3312
1046712,1238520,149,0.721081,3312
1044072,1238520,150,0.725706,3312
1042848,1238520,151,0.727839,3288
1045992,1238520,150,0.722330,3328
1043408,1238520,150,0.726900,3328
1042944,1238520,150,0.727826,3296
1041640,1238520,151,0.730020,3296
1042288,1238520,150,0.728867,3336
1044216,1238520,149,0.725499,3384
1047808,1238520,149,0.719072,3384
1047424,1238520,150,0.719778,3376
1048832,1238520,149,0.717180,3400
1052728,1238520,149,0.709767,3400
1050944,1238520,150,0.713182,3392
1054976,1238520,149,0.705285,3440
1058512,1238520,149,0.697981,3440
1061208,1238520,149,0.692139,3440
1057152,1238520,149,0.700795,3440
1053624,1238520,150,0.707856,3440
1051104,1238520,150,0.712790,3440
1047512,1238520,151,0.719418,3440
1049280,1238520,150,0.716150,3464
1051568,1238520,150,0.711774,3464
1048768,1238520,150,0.717092,3464
1052384,1238520,150,0.710213,3464
1055912,1238520,149,0.703267,3464
1055720,1238520,149,0.703750,3464
1058152,1238520,148,0.698764,3472
1056688,1238520,148,0.701873,3472
1060208,1238520,148,0.694430,3472
1062576,1238520,148,0.689176,3472
1060456,1238520,148,0.693899,3472
1064336,1238520,148,0.685233,3472
1064264,1238520,148,0.685505,3472
1066136,1238520,148,0.681096,3472
1063944,1238520,148,0.686228,3472
1061336,1238520,149,0.692000,3472
1063680,1238520,148,0.686732,3512
1059616,1238520,148,0.695708,3512
1062648,1238520,148,0.689034,3512
1061400,1238520,148,0.691930,3488
1057880,1238520,149,0.699394,3488
1055200,1238520,150,0.704855,3480
1051592,1238520,149,0.712063,3480
1054400,1238520,149,0.706537,3480
1057464,1238520,149,0.700269,3480
1060160,1238520,149,0.694516,3480
1058552,1238520,149,0.698014,3480
1057672,1238520,149,0.699940,3480
1061048,1238520,149,0.692710,3480
1057824,1238520,150,0.699543,3472
1057680,1238520,151,0.699841,3472
1061552,1238520,151,0.691530,3472
1063080,1238520,150,0.688128,3488
1065392,1238520,149,0.682893,3488
1063392,1238520,150,0.687539,3440
1064104,1238520,149,0.685885,3464
1066688,1238520,148,0.679880,3488
1064640,1238520,149,0.684724,3440
1067120,1238520,149,0.678863,3440
1063936,1238520,149,0.686318,3440
1066544,1238520,149,0.680218,3440
1068280,1238520,148,0.676062,3456
1066504,1238520,148,0.680499,3408
1069584,1238520,148,0.673016,3408
1066520,1238520,147,0.680573,3408
1069816,1238520,147,0.672565,3408
1066744,1238520,147,0.680049,3408
1068248,1238520,147,0.676369,3408
1065744,1238520,147,0.682376,3408
1063712,1238520,148,0.687020,3400
1059920,1238520,149,0.695300,3400
1061584,1238520,149,0.691617,3400
1063888,1238520,148,0.686463,3424
1065040,1238520,147,0.683811,3440
1063408,1238520,147,0.687611,3440
1063520,1238520,146,0.687360,3440
1062144,1238520,147,0.690480,3408
1064536,1238520,147,0.685033,3408
1063168,1238520,148,0.688164,3384
1059968,1238520,148,0.695232,3384
1062760,1238520,148,0.689070,3384
1063936,1238520,147,0.686409,3400
1063824,1238520,148,0.686661,3400
1064208,1238520,147,0.685795,3400
1062024,1238520,147,0.690796,3384
1062304,1238520,146,0.690182,3384
1061216,1238520,147,0.692555,3384
1062984,1238520,147,0.688573,3384
1061512,1238520,148,0.691808,3384
1063264,1238520,148,0.687843,3384
1060072,1238520,148,0.694909,3384
1063808,1238520,148,0.686625,3384
1060304,1238520,148,0.694413,3384
1062968,1238520,148,0.688502,3384
1062760,1238520,149,0.688981,3376
1065632,1238520,149,0.682376,3376
1062664,1238520,149,0.689194,3376
1066536,1238520,149,0.680274,3376
1064664,1238520,149,0.684706,3376
1066648,1238520,149,0.680012,3376
1063800,1238520,149,0.686661,3376
1066792,1238520,149,0.679674,3376
1065856,1238520,150,0.681858,3376
1063496,1238520,151,0.687342,3328
1063568,1238520,150,0.687181,3328
1062896,1238520,150,0.688786,3328
1063888,1238520,149,0.686571,3328
1065408,1238520,149,0.683003,3328
1061728,1238520,150,0.691250,3328
1065272,1238520,149,0.683298,3336
1062584,1238520,149,0.689459,3336
1065624,1238520,149,0.682487,3336
1062752,1238520,149,0.689194,3288
1063592,1238520,148,0.687325,3288
1062280,1238520,149,0.690234,3288
1066032,1238520,149,0.681654,3288
1063648,1238520,149,0.687199,3288
1066752,1238520,149,0.679974,3288
1065360,1238520,149,0.683316,3288
1066016,1238520,148,0.681802,3288
1064600,1238520,149,0.685052,3288
1066488,1238520,149,0.680592,3288
1064384,1238520,148,0.685650,3288
1068208,1238520,148,0.676638,3288
1064536,1238520,148,0.685306,3288
1064696,1238520,147,0.684943,3288
1064248,1238520,148,0.685958,3288
1064520,1238520,147,0.685342,3288
1062592,1238520,148,0.689759,3240
1064592,1238520,148,0.685179,3240
1061576,1238520,149,0.691913,3224
1064352,1238520,149,0.685650,3224
1060656,1238520,150,0.693813,3216
1061672,1238520,149,0.691582,3232
1059176,1238520,149,0.697025,3232
1056448,1238520,149,0.702750,3232
1053088,1238520,150,0.709396,3232
1055440,1238520,150,0.704679,3232
1057352,1238520,150,0.700713,3232
1060632,1238520,150,0.693728,3232
1059528,1238520,151,0.696148,3200
1063592,1238520,150,0.687307,3200
1063208,1238520,151,0.688164,3200
1066152,1238520,150,0.681394,3232
1063512,1238520,151,0.687468,3208
1061512,1238520,151,0.691982,3208
1062136,1238520,150,0.690621,3208
1064104,1238520,150,0.686138,3208
1061432,1238520,151,0.692052,3208
1064656,1238520,151,0.684779,3208
1062312,1238520,152,0.690023,3208
1066160,1238520,152,0.681208,3208
1063200,1238520,152,0.688057,3208
1062848,1238520,153,0.688875,3192
1064856,1238520,153,0.684250,3192
1061864,1238520,154,0.690936,3192
1061264,1238520,154,0.692433,3152
1060144,1238520,154,0.694994,3128
1063408,1238520,154,0.687772,3128
1064328,1238520,153,0.685668,3144
1064072,1238520,154,0.686264,3136
1064264,1238520,153,0.685831,3136
1062600,1238520,154,0.689600,3112
1064168,1238520,154,0.685994,3112
1063968,1238520,154,0.686553,3112
1064680,1238520,153,0.684906,3128
1068240,1238520,153,0.676485,3128
1068672,1238520,152,0.675407,3144
1065128,1238520,153,0.683756,3136
1063768,1238520,153,0.686948,3136
1060432,1238520,153,0.694362,3136
1061728,1238520,152,0.691547,3144
1063256,1238520,152,0.688075,3144
1062896,1238520,153,0.688910,3128
1061936,1238520,153,0.691128,3128
1058160,1238520,154,0.699162,3128
1060616,1238520,154,0.693882,3128
1064272,1238520,153,0.685777,3152
1066352,1238520,153,0.680891,3152
1068048,1238520,153,0.676772,3152
1064056,1238520,154,0.686048,3152
1067488,1238520,154,0.677992,3152
1067320,1238520,155,0.678409,3144
1063504,1238520,155,0.687307,3144
1061944,1238520,155,0.690866,3144
1059872,1238520,156,0.695334,3144
1061608,1238520,156,0.691495,3144
1065528,1238520,156,0.682598,3144
1061568,1238520,157,0.691477,3144
1062744,1238520,156,0.688839,3168
1064288,1238520,156,0.685270,3168
1062840,1238520,157,0.688520,3168
1060496,1238520,158,0.693693,3144
1061984,1238520,158,0.690357,3144
1064072,1238520,158,0.685596,3144
1063864,1238520,159,0.686066,3144
1061320,1238520,159,0.691808,3144
1057416,1238520,160,0.700104,3128
1055648,1238520,160,0.703798,3128
1054360,1238520,159,0.706553,3128
1053776,1238520,160,0.707715,3120
1057336,1238520,160,0.700483,3120
1058096,1238520,159,0.698913,3120
1059312,1238520,159,0.696267,3120
1058096,1238520,159,0.698947,3104
1060616,1238520,159,0.693521,3104
1057960,1238520,159,0.699229,3104
1056072,1238520,158,0.703283,3104
1058880,1238520,158,0.697411,3104
1059104,1238520,157,0.696941,3104
1061064,1238520,157,0.692658,3104
1063352,1238520,156,0.687611,3112
1061608,1238520,157,0.691460,3112
1061720,1238520,156,0.691216,3112
1064744,1238520,155,0.684414,3136
1066176,1238520,154,0.681077,3152
1063824,1238520,154,0.686571,3152
1067264,1238520,154,0.678523,3152
1065768,1238520,155,0.682025,3152
1069800,1238520,154,0.672290,3200
1068272,1238520,155,0.676043,3184
1069824,1238520,155,0.672152,3184
1067176,1238520,154,0.678769,3184
1069432,1238520,154,0.673231,3184
1067248,1238520,155,0.678485,3184
1068944,1238520,155,0.674303,3184
1066280,1238520,155,0.680779,3176
1067600,1238520,154,0.677612,3200
1065944,1238520,154,0.681617,3200
1069480,1238520,154,0.673075,3200
1066936,1238520,155,0.679184,3200
1070640,1238520,155,0.670091,3200
1067264,1238520,156,0.678296,3200
1063592,1238520,157,0.686768,3200
1065152,1238520,157,0.683114,3200
1062736,1238520,157,0.688698,3192
1065864,1238520,157,0.681487,3192
1062872,1238520,158,0.688289,3192
1065344,1238520,158,0.682579,3192
1065984,1238520,157,0.680984,3240
1064992,1238520,158,0.683279,3240
1061088,1238520,157,0.692208,3240
1064696,1238520,157,0.684067,3240
1064920,1238520,156,0.683555,3240
1061208,1238520,156,0.691947,3240
1061568,1238520,155,0.691146,3248
1060432,1238520,156,0.693607,3248
1064392,1238520,155,0.684779,3280
1063592,1238520,156,0.686589,3280
1062160,1238520,157,0.689812,3264
1059136,1238520,158,0.696385,3240
1055592,1238520,159,0.703686,3240
1056480,1238520,158,0.701889,3240
1059208,1238520,157,0.696216,3248
1062000,1238520,157,0.690094,3248
1064776,1238520,157,0.683756,3248
1062776,1238520,157,0.688378,3248
1061192,1238520,157,0.691965,3248
1064520,1238520,157,0.684451,3248
1065048,1238520,156,0.683224,3256
1061768,1238520,155,0.690796,3256
1058816,1238520,155,0.697227,3256
1062888,1238520,155,0.688324,3256
1066720,1238520,155,0.679448,3256
1064192,1238520,155,0.685396,3256
1066992,1238520,155,0.678807,3256
1065896,1238520,154,0.681598,3256
1067520,1238520,153,0.677707,3288
1066024,1238520,153,0.681338,3288
1062600,1238520,153,0.689212,3288
1062792,1238520,152,0.688786,3288
1061552,1238520,153,0.691530,3280
1060512,1238520,153,0.693882,3280
1064200,1238520,152,0.685723,3296
1061392,1238520,152,0.692052,3296
1063360,1238520,152,0.687611,3296
1065792,1238520,152,0.681969,3296
1067144,1238520,151,0.678807,3296
1066712,1238520,152,0.679862,3280
1068504,1238520,152,0.675484,3280
1066352,1238520,153,0.680686,3240
1066992,1238520,153,0.679071,3240
1064688,1238520,154,0.684469,3216
1067208,1238520,154,0.678504,3216
1064216,1238520,154,0.685541,3216
1065528,1238520,154,0.682432,3216
1062608,1238520,155,0.689070,3200
1061888,1238520,156,0.690691,3184
1062136,1238520,155,0.690111,3200
1065288,1238520,154,0.682966,3224
1062112,1238520,154,0.690270,3200
1061400,1238520,155,0.691860,3184
1058128,1238520,155,0.698913,3184
1060600,1238520,155,0.693590,3184
1064304,1238520,155,0.685306,3184
1065664,1238520,154,0.682117,3216
1063824,1238520,155,0.686318,3216
1064960,1238520,154,0.683738,3216
1062264,1238520,154,0.689935,3200
1065704,1238520,154,0.682062,3200
1062904,1238520,155,0.688413,3200
1064832,1238520,155,0.683958,3200
1062056,1238520,155,0.690287,3200
1060992,1238520,156,0.692607,3200
1064952,1238520,156,0.683683,3200
1064512,1238520,156,0.684797,3200
1066016,1238520,156,0.681226,3200
1062576,1238520,156,0.689141,3200
1062712,1238520,155,0.688839,3200
1065712,1238520,155,0.681932,3200
1065560,1238520,156,0.682284,3200
1068824,1238520,156,0.674439,3200
1066488,1238520,156,0.680124,3200
1066048,1238520,156,0.681264,3200
1066512,1238520,155,0.680180,3200
1066784,1238520,154,0.679542,3200
1066144,1238520,154,0.681152,3200
1063088,1238520,155,0.688111,3200
1065904,1238520,155,0.681598,3200
1062192,1238520,156,0.689988,3200
1062304,1238520,155,0.689741,3200
1061880,1238520,156,0.690691,3192
1059448,1238520,156,0.696030,3192
1061384,1238520,156,0.691773,3192
1060688,1238520,157,0.693349,3160
1059280,1238520,158,0.696351,3160
1061576,1238520,158,0.691320,3160
1062184,1238520,157,0.689970,3168
1063616,1238520,156,0.686750,3184
1064808,1238520,156,0.683939,3184
1063216,1238520,156,0.687647,3184
1065760,1238520,156,0.681747,3184
1062400,1238520,157,0.689353,3184
1064808,1238520,157,0.683829,3184
1064688,1238520,158,0.684122,3176
1061952,1238520,158,0.690357,3176
1058336,1238520,159,0.698098,3176
1060472,1238520,159,0.693470,3176
1060912,1238520,158,0.692503,3184
1060968,1238520,157,0.692381,3184
1058776,1238520,158,0.697059,3184
1057760,1238520,159,0.699212,3168
1058672,1238520,158,0.697311,3168
1062616,1238520,158,0.688698,3168
1060080,1238520,159,0.694259,3152
1057328,1238520,160,0.700038,3152
1057584,1238520,159,0.699477,3168
1055352,1238520,160,0.704023,3168
1057400,1238520,160,0.699758,3168
1056352,1238520,161,0.701906,3168
1060344,1238520,161,0.693452,3168
1058368,1238520,162,0.697646,3168
1055640,1238520,163,0.703267,3160
1056352,1238520,162,0.701792,3176
1059128,1238520,162,0.695928,3176
1060128,1238520,161,0.693796,3176
1058208,1238520,162,0.697964,3128
1058400,1238520,161,0.697562,3128
1055288,1238520,162,0.703943,3128
1055048,1238520,162,0.704520,3128
1052344,1238520,161,0.710013,3128
1051168,1238520,162,0.712291,3112
1047904,1238520,162,0.718434,3112
1047504,1238520,161,0.719360,3096
1048360,1238520,160,0.717779,3112
1046200,1238520,161,0.721707,3088
1047896,1238520,161,0.718579,3088
1046056,1238520,161,0.721962,3088
1041992,1238520,162,0.728974,3088
1042384,1238520,161,0.728313,3088
1044632,1238520,161,0.724376,3088
1046584,1238520,160,0.720910,3104
1047768,1238520,159,0.718768,3112
1048632,1238520,158,0.717180,3120
1052096,1238520,158,0.710597,3120
1056192,1238520,158,0.702426,3120
1052632,1238520,158,0.709566,3120
1053920,1238520,158,0.706962,3120
1052920,1238520,159,0.708915,3120
1050728,1238520,160,0.713182,3080
1050072,1238520,160,0.714502,3080
1053960,1238520,159,0.706978,3120
1055000,1238520,158,0.704903,3128
1056080,1238520,157,0.702701,3144
1054512,1238520,157,0.705936,3144
1051560,1238520,158,0.711667,3144
1055248,1238520,157,0.704424,3168
1056696,1238520,156,0.701417,3208
1054664,1238520,156,0.705698,3160
1055248,1238520,155,0.704520,3168
1054792,1238520,155,0.705524,3168
1056224,1238520,155,0.702555,3168
1055408,1238520,156,0.704231,3152
1056560,1238520,155,0.701906,3152
1054992,1238520,154,0.705253,3152
1055664,1238520,153,0.703862,3176
1053240,1238520,153,0.708745,3176
1056232,1238520,153,0.702717,3176
1055840,1238520,154,0.703509,3176
1056216,1238520,153,0.702750,3176
1054376,1238520,153,0.706521,3176
1050960,1238520,153,0.713197,3176
1052912,1238520,152,0.709427,3200
1054224,1238520,152,0.706773,3200
1053072,1238520,152,0.709148,3184
1054768,1238520,152,0.705730,3184
1051664,1238520,152,0.711850,3184
1052488,1238520,151,0.710260,3192
1048472,1238520,151,0.717881,3184
1049488,1238520,150,0.715988,3200
1046160,1238520,150,0.722089,3200
1047168,1238520,150,0.720209,3200
1046912,1238520,151,0.720696,3184
1050976,1238520,150,0.713213,3200
1050944,1238520,151,0.713273,3200
1047000,1238520,152,0.720510,3200
1043288,1238520,151,0.727159,3200
1040488,1238520,152,0.731850,3200
1041592,1238520,151,0.730006,3208
1042272,1238520,150,0.728786,3256
1042752,1238520,149,0.727975,3256
1044848,1238520,149,0.724293,3256
1043112,1238520,149,0.727364,3256
1043880,1238520,148,0.725995,3288
1039888,1238520,148,0.732769,3288
1037968,1238520,148,0.735987,3264
1034008,1238520,149,0.742208,3232
1031712,1238520,150,0.745655,3232
1034328,1238520,150,0.741647,3232
1034216,1238520,151,0.741818,3232
1036368,1238520,151,0.738416,3232
1040272,1238520,151,0.732074,3232
1038128,1238520,151,0.735629,3232
1035680,1238520,151,0.739626,3192
1039288,1238520,150,0.733889,3200
1036984,1238520,150,0.737649,3200
1036904,1238520,151,0.737775,3200
1037520,1238520,150,0.736789,3208
1038296,1238520,150,0.735475,3208
1039336,1238520,150,0.733720,3208
1036664,1238520,149,0.738152,3200
1037592,1238520,148,0.736687,3200
1040840,1238520,148,0.731348,3200
1044312,1238520,147,0.725471,3208
1042224,1238520,148,0.729068,3184
1043048,1238520,148,0.727595,3184
1041288,1238520,149,0.730553,3184
1038480,1238520,150,0.735141,3184
1036096,1238520,149,0.739066,3184
1036384,1238520,148,0.738616,3184
1039400,1238520,148,0.733733,3184
1040512,1238520,147,0.731889,3200
1036776,1238520,147,0.737976,3200
1039728,1238520,146,0.733252,3200
1039320,1238520,147,0.733941,3184
1042216,1238520,147,0.729082,3184
1042160,1238520,148,0.729176,3184
1044856,1238520,147,0.724502,3224
1044280,1238520,148,0.725540,3200
1041168,1238520,149,0.730805,3200
1037520,1238520,149,0.736878,3152
1039776,1238520,148,0.733239,3160
1043648,1238520,148,0.726695,3160
1045392,1238520,147,0.723651,3176
1044720,1238520,148,0.724863,3152
1042472,1238520,148,0.728786,3152
1041616,1238520,149,0.730247,3136
1040464,1238520,150,0.732152,3136
1042024,1238520,150,0.729485,3136
1042840,1238520,150,0.728029,3136
1042184,1238520,151,0.729136,3136
1045000,1238520,150,0.724251,3176
1045992,1238520,149,0.722499,3184
1046352,1238520,148,0.721834,3200
1045600,1238520,149,0.723160,3200
1049680,1238520,149,0.715722,3200
1047352,1238520,149,0.720109,3168
1044736,1238520,149,0.724807,3168
1048504,1238520,148,0.718071,3192
1050624,1238520,148,0.714069,3192
1048696,1238520,148,0.717721,3192
1047136,1238520,148,0.720624,3192
1049184,1238520,147,0.716886,3208
1046536,1238520,147,0.721749,3208
1047560,1238520,147,0.719836,3208
1049024,1238520,147,0.717092,3208
1047360,1238520,146,0.720281,3208
1050960,1238520,146,0.713589,3208
1047952,1238520,147,0.719129,3208
1050184,1238520,147,0.714950,3208
1047456,1238520,147,0.720037,3200
1049008,1238520,147,0.717136,3200
1048184,1238520,147,0.718724,3200
1047664,1238520,148,0.719663,3200
1044560,1238520,149,0.725140,3200
1045880,1238520,149,0.722753,3200
1047432,1238520,149,0.719908,3200
1044072,1238520,149,0.725899,3200
1047456,1238520,148,0.719936,3208
1047928,1238520,147,0.719014,3248
1046696,1238520,147,0.721352,3224
1042816,1238520,148,0.728097,3216
1040536,1238520,148,0.731982,3216
1041936,1238520,148,0.729578,3216
1038384,1238520,148,0.735475,3216
1035976,1238520,148,0.739353,3216
1036512,1238520,147,0.738516,3216
1034568,1238520,148,0.741525,3216
1031552,1238520,148,0.746128,3216
1029656,1238520,148,0.749000,3192
1028864,1238520,148,0.750263,3152
1026560,1238520,149,0.753511,3152
1026160,1238520,150,0.754099,3128
1022256,1238520,150,0.759452,3128
1023192,1238520,149,0.758184,3144
1021424,1238520,150,0.760528,3144
1025304,1238520,149,0.755312,3152
1025608,1238520,148,0.754894,3152
1028872,1238520,148,0.750252,3152
1027320,1238520,148,0.752516,3152
1031176,1238520,147,0.746964,3168
1034816,1238520,147,0.741439,3168
1035136,1238520,146,0.740936,3176
1034488,1238520,146,0.742062,3136
1038224,1238520,146,0.736165,3136
1036312,1238520,146,0.739253,3136
1037640,1238520,146,0.737093,3136
1034944,1238520,147,0.741292,3136
1032808,1238520,148,0.744525,3136
1034696,1238520,148,0.741598,3136
1032240,1238520,148,0.745371,3136
1031896,1238520,149,0.745880,3136
1032608,1238520,148,0.744775,3168
1034440,1238520,148,0.741940,3168
1037032,1238520,147,0.737901,3184
1040536,1238520,147,0.732192,3184
1038912,1238520,148,0.734858,3168
1036048,1238520,148,0.739465,3168
1039832,1238520,148,0.733369,3168
1041920,1238520,147,0.729846,3216
1043648,1238520,146,0.726859,3256
1044960,1238520,146,0.724516,3256
1042264,1238520,147,0.729189,3216
1044296,1238520,146,0.725720,3224
1045440,1238520,145,0.723721,3232
1043856,1238520,146,0.726462,3232
1040608,1238520,146,0.731995,3232
1038808,1238520,146,0.735000,3232
1041928,1238520,146,0.729806,3232
1038392,1238520,147,0.735590,3232
1039784,1238520,147,0.733265,3232
1035920,1238520,148,0.739415,3232
1037280,1238520,148,0.737207,3232
1038896,1238520,148,0.734549,3232
1042832,1238520,148,0.727961,3232
1045456,1238520,147,0.723357,3280
1044136,1238520,147,0.725775,3256
1045256,1238520,146,0.723805,3272
1044392,1238520,147,0.725306,3272
1041736,1238520,147,0.729900,3272
1038616,1238520,147,0.735090,3272
1040264,1238520,147,0.732336,3272
1040944,1238520,146,0.731216,3272
1041512,1238520,145,0.730260,3280
1038072,1238520,145,0.735949,3280
1037608,1238520,146,0.736687,3280
1035224,1238520,146,0.740492,3280
1037992,1238520,145,0.736102,3312
1041664,1238520,145,0.730033,3312
1043976,1238520,145,0.726036,3312
1042280,1238520,146,0.728920,3312
1044288,1238520,146,0.725416,3312
1040552,1238520,145,0.731876,3312
1043736,1238520,144,0.726503,3328
1041872,1238520,144,0.729739,3328
1038368,1238520,144,0.735552,3328
1039312,1238520,144,0.733954,3328
1038328,1238520,144,0.735616,3328
1040744,1238520,144,0.731613,3328
1042984,1238520,144,0.727785,3328
1039296,1238520,145,0.733928,3312
1038288,1238520,146,0.735552,3312
1035344,1238520,147,0.740258,3264
1036968,1238520,147,0.737649,3264
1037984,1238520,147,0.735961,3264
1039280,1238520,147,0.733798,3264
1038200,1238520,148,0.735565,3248
1034304,1238520,149,0.741659,3248
1036280,1238520,148,0.738566,3272
1032304,1238520,149,0.744644,3272
1029832,1238520,150,0.748317,3248
1025768,1238520,151,0.754099,3232
1025080,1238520,152,0.755092,3200
1024032,1238520,153,0.756523,3200
1022736,1238520,154,0.758291,3184
1026520,1238520,154,0.753053,3184
1030248,1238520,154,0.747666,3184
1032768,1238520,154,0.743865,3184
1030296,1238520,154,0.747596,3184
1034008,1238520,154,0.741989,3184
1034672,1238520,154,0.740899,3184
1033064,1238520,155,0.743347,3184
1032768,1238520,156,0.743805,3176
1028688,1238520,157,0.749794,3176
1029328,1238520,156,0.748873,3176
1033360,1238520,155,0.742864,3208
1035952,1238520,155,0.738804,3208
1032952,1238520,156,0.743408,3208
1030456,1238520,156,0.747187,3208
1033200,1238520,155,0.743094,3216
1036864,1238520,154,0.737371,3256
1034920,1238520,155,0.740406,3256
1030944,1238520,156,0.746400,3256
1029864,1238520,156,0.748050,3256
1032752,1238520,155,0.743781,3256
1034280,1238520,155,0.741390,3256
1038224,1238520,154,0.735154,3288
1039632,1238520,154,0.732795,3288
1043304,1238520,154,0.726572,3288
1042464,1238520,153,0.728165,3288
1040496,1238520,153,0.731533,3288
1044136,1238520,153,0.725306,3288
1041824,1238520,153,0.729324,3288
1045448,1238520,153,0.723020,3288
1043824,1238520,154,0.725885,3264
1046680,1238520,153,0.720824,3296
1046616,1238520,154,0.720939,3296
1043920,1238520,155,0.725665,3296
1046280,1238520,155,0.721451,3296
1046008,1238520,156,0.721934,3296
1048584,1238520,156,0.717209,3296
1045336,1238520,156,0.723118,3296
1046632,1238520,155,0.720796,3312
1047440,1238520,155,0.719259,3312
1046672,1238520,156,0.720696,3280
1045856,1238520,156,0.722231,3280
1048824,1238520,155,0.716857,3296
1051864,1238520,154,0.711118,3320
1051480,1238520,155,0.711865,3312
1055328,1238520,155,0.704264,3312
1055960,1238520,154,0.702992,3312
1056680,1238520,153,0.701466,3344
1054792,1238520,153,0.705365,3344
1054544,1238520,154,0.705873,3336
1057328,1238520,153,0.700203,3360
1060608,1238520,152,0.693246,3384
1057464,1238520,153,0.699956,3344
1058224,1238520,152,0.698298,3384
1056504,1238520,153,0.701922,3344
1059232,1238520,153,0.696165,3344
1057200,1238520,154,0.700483,3304
1053192,1238520,155,0.708496,3304
1054352,1238520,155,0.706126,3304
1054536,1238520,154,0.705762,3304
1050480,1238520,154,0.713754,3264
1053568,1238520,153,0.707794,3288
1051680,1238520,154,0.711469,3272
1052176,1238520,153,0.710475,3296
1050528,1238520,153,0.713694,3296
1050920,1238520,152,0.712956,3296
1046976,1238520,153,0.720266,3264
1044552,1238520,153,0.724627,3264
1045040,1238520,152,0.723721,3296
1048648,1238520,152,0.717180,3296
1048080,1238520,153,0.718231,3288
1046896,1238520,153,0.720467,3280
1050768,1238520,153,0.713273,3280
1046896,1238520,152,0.720553,3280
1049648,1238520,152,0.715455,3280
1047560,1238520,153,0.719360,3232
1051648,1238520,153,0.711698,3232
1053952,1238520,152,0.707229,3240
1050392,1238520,152,0.714144,3240
1051648,1238520,152,0.711683,3240
1051456,1238520,152,0.712139,3240
1053896,1238520,152,0.707339,3240
1050024,1238520,152,0.714830,3240
1052664,1238520,152,0.709736,3240
1051248,1238520,153,0.712457,3232
1048216,1238520,154,0.718129,3208
1047504,1238520,155,0.719447,3192
1045616,1238520,155,0.722893,3192
1048608,1238520,154,0.717516,3200
1049928,1238520,154,0.714994,3200
1046224,1238520,154,0.721806,3200
1042416,1238520,154,0.728503,3184
1046368,1238520,154,0.721579,3184
1047576,1238520,154,0.719332,3184
1051216,1238520,153,0.712578,3200
1051656,1238520,152,0.711744,3200
1047904,1238520,152,0.718869,3160
1050352,1238520,152,0.714278,3160
1047568,1238520,153,0.719389,3160
1049888,1238520,153,0.715054,3160
1049168,1238520,153,0.716533,3128
1049000,1238520,154,0.716842,3128
1045392,1238520,154,0.723399,3128
1044632,1238520,154,0.724807,3128
1045128,1238520,153,0.723916,3144
1044488,1238520,154,0.725029,3144
1047184,1238520,154,0.720195,3144
1049944,1238520,154,0.715069,3144
1053904,1238520,154,0.707418,3144
1055480,1238520,154,0.704199,3144
1053528,1238520,155,0.708090,3128
1051392,1238520,156,0.712199,3128
1050912,1238520,156,0.713213,3120
1046952,1238520,156,0.720567,3120
1049824,1238520,156,0.715247,3120
1049048,1238520,156,0.716769,3120
1052936,1238520,155,0.709380,3152
1051416,1238520,155,0.712381,3152
1055408,1238520,155,0.704520,3152
1052608,1238520,155,0.710106,3152
1050744,1238520,156,0.713709,3120
1051056,1238520,155,0.713122,3120
1051160,1238520,154,0.712926,3120
1050672,1238520,155,0.713904,3088
1054600,1238520,155,0.706253,3088
1052624,1238520,154,0.710290,3088
1053592,1238520,153,0.708418,3088
1055744,1238520,153,0.704071,3088
1053264,1238520,153,0.709055,3088
1052464,1238520,153,0.710751,3056
1056256,1238520,153,0.703202,3056
1052616,1238520,153,0.710459,3056
1053536,1238520,152,0.708636,3080
1051192,1238520,153,0.713122,3080
1050776,1238520,154,0.713904,3080
1051608,1238520,153,0.712336,3080
1054312,1238520,153,0.707025,3080
1055624,1238520,153,0.704328,3080
1058568,1238520,153,0.698214,3080
1059232,1238520,153,0.696722,3080
1057184,1238520,154,0.700975,3080
1057936,1238520,154,0.699328,3080
1056384,1238520,155,0.702507,3080
1055296,1238520,155,0.704791,3080
1058456,1238520,155,0.698248,3080
1055296,1238520,155,0.704791,3080
1052672,1238520,155,0.710121,3032
1050120,1238520,156,0.715009,3000
1052144,1238520,155,0.711149,3024
1054080,1238520,154,0.707386,3032
1052400,1238520,155,0.710643,3032
1050448,1238520,156,0.714383,3008
1052952,1238520,156,0.709535,3008
1057048,1238520,156,0.701302,3008
1059864,1238520,156,0.695334,3008
1061584,1238520,156,0.691530,3008
1058112,1238520,157,0.698930,3000
1056720,1238520,157,0.701889,3000
1058920,1238520,157,0.697244,3000
1059112,1238520,156,0.696840,3000
1058824,1238520,157,0.697445,3000
1061872,1238520,157,0.690813,3000
1059936,1238520,157,0.695096,3000
1062624,1238520,156,0.689265,3000
1058664,1238520,156,0.697880,3000
1057104,1238520,157,0.701106,3000
1055552,1238520,157,0.704344,3000
1052560,1238520,158,0.710229,2992
1056544,1238520,157,0.702345,3000
1060216,1238520,157,0.694601,3000
1061760,1238520,156,0.691250,3008
1059672,1238520,157,0.695793,2984
1057640,1238520,158,0.700055,2976
1055680,1238520,158,0.704135,2976
1058968,1238520,158,0.697294,2976
1059032,1238520,157,0.697160,2976
1060168,1238520,157,0.694653,2976
1064000,1238520,157,0.686138,2976
1063384,1238520,158,0.687539,2968
1063192,1238520,159,0.687968,2968
1064272,1238520,158,0.685505,2984
1066144,1238520,157,0.681189,2992
1062984,1238520,158,0.688378,2992
1064352,1238520,158,0.685197,2992
1062808,1238520,159,0.688680,2984
1064112,1238520,159,0.685650,2984
1063584,1238520,160,0.686858,2976
1059912,1238520,160,0.694994,2976
1057024,1238520,161,0.701024,2976
1056632,1238520,161,0.701922,2976
1058984,1238520,161,0.696958,2976
1056904,1238520,161,0.701368,2976
1059688,1238520,161,0.695470,2976
1062712,1238520,161,0.688804,2976
1063360,1238520,160,0.687342,2984
1060936,1238520,160,0.692780,2984
1057576,1238520,160,0.700055,2944
1059272,1238520,160,0.696419,2944
1055616,1238520,161,0.703991,2920
1054184,1238520,162,0.706836,2920
1057344,1238520,162,0.700384,2920
1057688,1238520,161,0.699659,2928
1055816,1238520,161,0.703573,2928
1054368,1238520,161,0.706632,2888
1053016,1238520,162,0.709272,2888
1054712,1238520,162,0.705857,2888
1053232,1238520,163,0.708760,2888
1051224,1238520,164,0.712609,2888
1048056,1238520,164,0.718565,2888
1049888,1238520,164,0.715113,2888
1050024,1238520,163,0.714860,2888
1048320,1238520,164,0.718041,2864
1051160,1238520,164,0.712684,2864
1053184,1238520,163,0.708776,2880
1057232,1238520,163,0.700598,2880
1059976,1238520,163,0.694755,2880
1063536,1238520,163,0.686858,2880
1061168,1238520,164,0.692086,2880
1060544,1238520,163,0.693642,2880
1061672,1238520,163,0.691093,2880
1064208,1238520,163,0.685342,2880
1064744,1238520,162,0.684122,2880
1064088,1238520,163,0.685614,2880
1065640,1238520,162,0.682043,2888
1061768,1238520,162,0.690866,2888
1065176,1238520,162,0.683114,2888
1063016,1238520,163,0.688004,2888
1064032,1238520,162,0.685650,2920
1063016,1238520,162,0.688039,2920
1066856,1238520,162,0.679128,2920
1064568,1238520,162,0.684542,2920
1065448,1238520,161,0.682469,2944
1063512,1238520,162,0.686876,2944
1066424,1238520,162,0.680087,2944
1063080,1238520,161,0.687950,2944
1066240,1238520,161,0.680629,2944
1064192,1238520,162,0.685378,2928
1065992,1238520,162,0.681133,2928
1064216,1238520,163,0.685215,2928
1067952,1238520,163,0.676389,2928
1066160,1238520,163,0.680742,2928
1062112,1238520,163,0.690023,2928
1063808,1238520,162,0.686174,2960
1064464,1238520,161,0.684688,2960
1061584,1238520,161,0.691216,2960
1062936,1238520,160,0.688235,2960
1061384,1238520,161,0.691652,2960
1065184,1238520,161,0.683040,2960
1062760,1238520,161,0.688627,2960
1062544,1238520,162,0.689105,2960
1063472,1238520,162,0.686930,2960
1067264,1238520,162,0.678068,2960
1063752,1238520,163,0.686192,2960
1059776,1238520,163,0.695011,2960
1057560,1238520,163,0.699775,2952
1060280,1238520,163,0.693951,2952
1060904,1238520,162,0.692589,2960
1057512,1238520,163,0.699758,2960
1054640,1238520,163,0.705667,2960
1051184,1238520,163,0.712457,2960
1055032,1238520,162,0.704903,3000
1058144,1238520,162,0.698464,3000
1058808,1238520,162,0.696975,3000
1062656,1238520,162,0.688555,3000
1058568,1238520,162,0.697479,3000
1062496,1238520,162,0.688910,3000
1058416,1238520,163,0.697696,3000
1061856,1238520,163,0.690217,3000
1059744,1238520,164,0.694892,2952
1059304,1238520,165,0.695827,2952
1055272,1238520,166,0.704231,2904
1054752,1238520,167,0.705285,2896
1054112,1238520,167,0.706647,2896
1058208,1238520,167,0.698248,2896
1060200,1238520,166,0.694037,2896
1058896,1238520,165,0.697008,2896
1062536,1238520,165,0.689052,2896
1062920,1238520,164,0.688200,2896
1063832,1238520,164,0.686048,2896
1063096,1238520,165,0.687718,2888
1060536,1238520,166,0.693332,2888
1060600,1238520,165,0.693194,2888
1061512,1238520,165,0.691111,2888
1064056,1238520,164,0.685415,2904
1063768,1238520,164,0.686174,2904
1064568,1238520,164,0.684250,2904
1064296,1238520,163,0.685088,2904
1066640,1238520,162,0.679617,2928
1065824,1238520,162,0.681635,2928
1068592,1238520,162,0.674963,2928
1066016,1238520,162,0.681189,2928
1069424,1238520,162,0.672938,2928
1067248,1238520,162,0.678353,2904
1066456,1238520,163,0.680237,2896
1066848,1238520,162,0.679316,2896
1070552,1238520,162,0.670231,2896
1067032,1238520,161,0.678996,2896
1069208,1238520,161,0.673661,2896
1067880,1238520,160,0.677097,2896
1065088,1238520,161,0.683628,2896
1068208,1238520,161,0.676197,2896
1069312,1238520,161,0.673407,2896
1068936,1238520,162,0.674323,2896
1065712,1238520,161,0.682191,2896
1062688,1238520,161,0.689141,2896
1065416,1238520,160,0.682985,2896
1063160,1238520,161,0.688111,2888
1065456,1238520,160,0.682856,2912
1066320,1238520,160,0.680742,2912
1067816,1238520,160,0.677097,2912
1066240,1238520,160,0.680928,2912
1065216,1238520,160,0.683408,2912
1063728,1238520,160,0.686894,2912
1065192,1238520,160,0.683463,2912
1062176,1238520,161,0.690234,2912
1059864,1238520,161,0.695334,2912
1058944,1238520,162,0.697328,2888
1061640,1238520,161,0.691564,2888
1058744,1238520,161,0.697847,2888
1062112,1238520,161,0.690533,2888
1064944,1238520,161,0.684086,2888
1063992,1238520,160,0.686463,2888
1061320,1238520,161,0.692364,2888
1060512,1238520,161,0.694208,2888
1060320,1238520,162,0.694618,2888
1057800,1238520,163,0.699907,2888
1060856,1238520,162,0.693418,2912
1062864,1238520,161,0.689034,2912
1066648,1238520,161,0.680312,2912
1069824,1238520,161,0.672584,2912
1067528,1238520,162,0.678220,2872
1070192,1238520,161,0.671758,2880
1072856,1238520,161,0.664928,2880
1070872,1238520,161,0.670091,2872
1068352,1238520,162,0.676254,2872
1070272,1238520,162,0.671461,2872
1068704,1238520,163,0.675291,2872
1065280,1238520,164,0.683353,2872
1062584,1238520,165,0.689424,2872
1064952,1238520,164,0.684104,2872
1063464,1238520,165,0.687468,2872
1060736,1238520,165,0.693556,2872
1058368,1238520,166,0.698564,2872
1059160,1238520,166,0.696806,2872
1060960,1238520,166,0.692866,2872
1064032,1238520,166,0.685976,2872
1060104,1238520,166,0.694704,2872
1056816,1238520,166,0.701661,2872
1053768,1238520,166,0.707841,2872
1055528,1238520,165,0.704328,2888
1051744,1238520,165,0.711804,2888
1054128,1238520,165,0.707104,2888
1057656,1238520,165,0.699907,2888
1056480,1238520,166,0.702361,2864
1059872,1238520,165,0.695249,2896
1061712,1238520,165,0.691181,2896
1065288,1238520,165,0.683059,2896
1061648,1238520,165,0.691320,2896
1065384,1238520,165,0.682838,2896
1067792,1238520,165,0.677078,2896
1068712,1238520,164,0.674808,2920
1067512,1238520,165,0.677688,2920
1063472,1238520,166,0.687020,2920
1066576,1238520,166,0.679786,2920
1067360,1238520,166,0.677821,2920
1067632,1238520,165,0.677154,2928
1071344,1238520,165,0.667924,2928
1073392,1238520,164,0.662608,2952
1071896,1238520,164,0.666585,2952
1075656,1238520,164,0.656602,2952
1071704,1238520,164,0.667073,2952
1073824,1238520,163,0.661562,2968
1071056,1238520,164,0.668670,2968
1069296,1238520,165,0.673075,2952
1068824,1238520,166,0.674323,2912
1070248,1238520,166,0.670708,2912
1071872,1238520,166,0.666504,2912
1071736,1238520,167,0.666850,2912
1072400,1238520,167,0.665030,2912
1075904,1238520,167,0.655649,2912
1072240,1238520,168,0.665420,2872
1072344,1238520,167,0.665154,2872
1069544,1238520,168,0.672191,2872
1072096,1238520,168,0.665666,2872
1071928,1238520,168,0.666218,2872
1072304,1238520,167,0.665256,2872
1072200,1238520,168,0.665523,2872
1072368,1238520,167,0.665092,2872
1069256,1238520,166,0.673133,2872
1069416,1238520,165,0.672741,2872
1067952,1238520,165,0.676408,2872
1070968,1238520,164,0.669011,2872
1068288,1238520,164,0.675716,2872
1064304,1238520,165,0.685052,2864
1060384,1238520,164,0.693916,2864
1057072,1238520,164,0.700959,2864
1058176,1238520,163,0.698614,2896
1054304,1238520,164,0.706458,2896
1058344,1238520,164,0.698164,2896
1054552,1238520,164,0.705968,2896
1051664,1238520,164,0.711667,2896
1052160,1238520,163,0.710705,2904
1054968,1238520,163,0.705126,2904
1058856,1238520,163,0.697076,2904
1062128,1238520,163,0.689935,2904
1065792,1238520,162,0.681561,2944
1062192,1238520,161,0.689918,2944
1063968,1238520,160,0.685958,2944
1063688,1238520,161,0.686589,2944
1065912,1238520,160,0.681412,2984
1064752,1238520,160,0.684195,2984
1068832,1238520,160,0.674478,2984
1067096,1238520,161,0.678674,2968
1068560,1238520,161,0.675060,2968
1066904,1238520,161,0.679128,2968
1067176,1238520,160,0.678466,2976
1066632,1238520,160,0.679880,2968
1068216,1238520,160,0.676005,2968
1065472,1238520,160,0.682635,2944
1069480,1238520,160,0.672996,2944
1068112,1238520,160,0.676427,2944
1067168,1238520,161,0.678674,2944
1070464,1238520,161,0.670569,2944
1074320,1238520,160,0.660658,2960
1071768,1238520,160,0.667378,2960
1074640,1238520,160,0.659812,2960
1070824,1238520,160,0.669772,2952
1069632,1238520,160,0.672840,2952
1072216,1238520,160,0.666259,2952
1075272,1238520,160,0.658150,2952
1071192,1238520,160,0.668850,2952
1073840,1238520,160,0.661940,2952
1071072,1238520,160,0.669152,2952
1067968,1238520,160,0.676868,2952
1070888,1238520,160,0.669612,2952
1074520,1238520,160,0.660151,2952
1072344,1238520,160,0.665932,2952
1075416,1238520,160,0.657764,2952
1073344,1238520,160,0.663357,2952
1073424,1238520,159,0.663149,2952
1071336,1238520,159,0.668609,2952
1073000,1238520,159,0.664247,2952
1072464,1238520,160,0.665625,2952
1068432,1238520,161,0.675754,2904
1066784,1238520,162,0.679674,2904
1070064,1238520,162,0.671659,2904
1071352,1238520,162,0.668327,2904
1067912,1238520,162,0.676887,2904
1065368,1238520,163,0.682893,2888
1063176,1238520,164,0.687861,2888
1060568,1238520,163,0.693779,2888
1061080,1238520,162,0.692676,2888
1064248,1238520,162,0.685560,2888
1066976,1238520,162,0.679147,2888
1067816,1238520,161,0.677116,2904
1071320,1238520,160,0.668509,2912
1068560,1238520,161,0.675311,2912
1072312,1238520,161,0.665871,2912
1071176,1238520,161,0.668871,2912
1070176,1238520,162,0.671362,2912
1069296,1238520,163,0.673583,2888
1069816,1238520,162,0.672309,2888
1067960,1238520,162,0.676982,2864
1069488,1238520,162,0.673172,2864
1069704,1238520,161,0.672643,2864
1073392,1238520,161,0.663212,2864
1069848,1238520,162,0.672172,2864
1072704,1238520,162,0.664866,2864
1070232,1238520,161,0.671343,2864
1067488,1238520,162,0.677992,2864
1064632,1238520,163,0.684706,2832
1067504,1238520,162,0.677992,2848
1068408,1238520,161,0.675831,2848
1069824,1238520,160,0.672368,2856
1069072,1238520,160,0.674323,2856
1070176,1238520,160,0.671501,2856
1070080,1238520,160,0.671856,2856
1069240,1238520,161,0.673914,2856
1068704,1238520,162,0.675291,2824
1068944,1238520,161,0.674672,2840
1072896,1238520,161,0.664681,2840
1071640,1238520,161,0.668005,2840
1069632,1238520,162,0.672996,2840
1070824,1238520,161,0.670031,2848
1069080,1238520,161,0.674478,2832
1072680,1238520,160,0.665502,2832
1073736,1238520,160,0.662650,2832
1075064,1238520,160,0.659026,2832
1071592,1238520,160,0.668146,2832
1070496,1238520,160,0.671045,2816
1073144,1238520,160,0.664227,2816
1070088,1238520,161,0.671935,2816
1073272,1238520,161,0.663772,2816
1074024,1238520,161,0.661688,2816
1070640,1238520,162,0.670350,2808
1072360,1238520,162,0.665891,2808
1069456,1238520,163,0.673153,2808
1072920,1238520,163,0.664330,2808
1071000,1238520,163,0.669332,2808
1071856,1238520,162,0.667175,2808
1070576,1238520,162,0.670509,2808
1074360,1238520,162,0.660700,2808
1072128,1238520,163,0.666483,2808
1073848,1238520,163,0.661919,2808
1071400,1238520,164,0.668206,2808
1075160,1238520,164,0.658321,2808
1071896,1238520,165,0.666829,2808
1071416,1238520,165,0.668166,2808
1072088,1238520,164,0.666443,2816
1072392,1238520,163,0.665666,2816
1071864,1238520,163,0.667195,2792
1074376,1238520,162,0.660573,2840
1072440,1238520,163,0.665625,2832
1076064,1238520,163,0.655953,2832
1075720,1238520,164,0.656904,2824
1077328,1238520,164,0.652382,2824
1073576,1238520,165,0.662462,2824
1074656,1238520,165,0.659494,2824
1071536,1238520,166,0.667580,2824
1074904,1238520,165,0.658770,2848
1072904,1238520,165,0.664144,2848
1075928,1238520,164,0.656061,2880
1075856,1238520,164,0.656386,2880
1075296,1238520,165,0.657893,2880
1078224,1238520,165,0.649727,2880
1078248,1238520,164,0.649660,2880
1077624,1238520,164,0.651561,2872
1076752,1238520,164,0.646813,2872
1078448,1238520,164,0.641866,2872
1078144,1238520,165,0.642738,2872
1080952,1238520,165,0.634372,2872
1080200,1238520,165,0.636778,2864
1081848,1238520,165,0.631690,2864
1081352,1238520,165,0.633410,2840
1079272,1238520,166,0.639573,2840
1080032,1238520,165,0.637227,2880
1084040,1238520,165,0.624849,2880
1083528,1238520,164,0.626758,2880
1086784,1238520,163,0.616274,2888
1086304,1238520,163,0.618010,2888
1089272,1238520,163,0.607879,2888
1092952,1238520,163,0.594589,2888
1091176,1238520,164,0.601031,2888
1089248,1238520,164,0.607962,2888
1089024,1238520,163,0.609062,2888
1090520,1238520,162,0.603697,2936
1087616,1238520,161,0.613989,2936
1089800,1238520,160,0.606550,2936
1088344,1238520,161,0.611541,2936
1085616,1238520,162,0.620558,2936
1087296,1238520,162,0.614896,2936
1090648,1238520,161,0.603359,2952
1088448,1238520,161,0.611216,2928
1088968,1238520,160,0.609418,2936
1089016,1238520,159,0.609253,2936
1092736,1238520,159,0.630057,2936
1089296,1238520,159,0.641391,2936
1088016,1238520,159,0.645527,2936
1089144,1238520,159,0.641870,2936
1086208,1238520,158,0.651148,2936
1083376,1238520,159,0.659391,2936
1086768,1238520,159,0.649327,2936
1088600,1238520,159,0.643571,2936
1087888,1238520,159,0.646018,2904
1091928,1238520,159,0.669759,2904
1091088,1238520,160,0.672281,2888
1093272,1238520,159,0.665745,2896
1090856,1238520,159,0.673074,2896
1091672,1238520,158,0.670659,2904
1092328,1238520,158,0.668567,2904
1088656,1238520,157,0.679464,2904
1091176,1238520,157,0.672117,2904
1088776,1238520,157,0.679128,2904
1089616,1238520,156,0.676711,2920
1087688,1238520,157,0.682105,2920
1090248,1238520,157,0.674765,2920
1089584,1238520,157,0.676802,2920
1087888,1238520,158,0.681553,2920
1087936,1238520,157,0.681421,2920
1089912,1238520,156,0.675729,2968
1089416,1238520,156,0.677324,2952
1086896,1238520,156,0.684442,2952
1085384,1238520,157,0.688488,2952
1088784,1238520,157,0.679106,2952
1086064,1238520,157,0.686681,2952
1088248,1238520,156,0.680712,2960
1085760,1238520,156,0.687598,2960
1086712,1238520,155,0.684918,3008
1089272,1238520,154,0.677800,3024
1088168,1238520,155,0.680978,2992
1091344,1238520,155,0.671789,2992
1090808,1238520,155,0.673493,2992
1089344,1238520,155,0.677822,2992
1089896,1238520,154,0.676232,3000
1093256,1238520,154,0.666206,3000
1092904,1238520,155,0.667319,2984
1096072,1238520,155,0.687337,2984
1096928,1238520,154,0.684702,3024
1094408,1238520,153,0.692274,3024
1096512,1238520,153,0.686072,3024
1092880,1238520,153,0.696531,3024
1096568,1238520,153,0.685907,3024
1092968,1238520,154,0.696157,3024
1090128,1238520,154,0.703908,3024
1088664,1238520,154,0.707810,3024
1090080,1238520,153,0.704054,3064
1092968,1238520,153,0.696179,3064
1092000,1238520,152,0.699081,3064
1091480,1238520,153,0.700500,3056
1092648,1238520,153,0.697211,3056
1090280,1238520,154,0.703552,3056
1086392,1238520,155,0.713504,3016
1088624,1238520,154,0.707933,3016
1087616,1238520,154,0.710595,3016
1088288,1238520,154,0.708785,3016
1088200,1238520,154,0.709129,3016
1084104,1238520,154,0.719225,3016
1087328,1238520,154,0.711313,3016
1088488,1238520,154,0.708278,3016
1090528,1238520,154,0.702879,3016
1091464,1238520,154,0.700265,3016
1091856,1238520,153,0.699124,3048
1088056,1238520,153,0.709169,3048
1086336,1238520,153,0.713563,3048
1083672,1238520,154,0.719957,3040
1082048,1238520,153,0.723924,3040
1080552,1238520,154,0.727391,2992
1076544,1238520,155,0.735996,2992
1079160,1238520,154,0.730408,3008
1082480,1238520,154,0.722902,3008
1086296,1238520,154,0.713759,3008
1082560,1238520,154,0.722719,3008
1085584,1238520,154,0.715489,3008
1087016,1238520,154,0.711869,3008
1087848,1238520,154,0.709673,3008
1089128,1238520,154,0.706295,3008
1086712,1238520,153,0.712620,3008
1087768,1238520,152,0.709974,3016
1087720,1238520,153,0.710095,3016
1085736,1238520,153,0.715102,3016
1086096,1238520,152,0.714208,3024
1089296,1238520,152,0.706068,3024
1088008,1238520,152,0.709472,3024
1088768,1238520,151,0.707545,3024
1087640,1238520,151,0.710515,3024
1087968,1238520,150,0.709673,3032
1084280,1238520,151,0.718716,3008
1086184,1238520,150,0.714091,3032
1084680,1238520,149,0.717940,3032
1087288,1238520,148,0.711552,3056
1085344,1238520,149,0.716298,3056
1086136,1238520,148,0.714305,3088
1082400,1238520,148,0.723231,3088
1083984,1238520,148,0.719451,3088
1080760,1238520,148,0.726929,3088
1080512,1238520,148,0.727586,3088
1079960,1238520,149,0.728820,3080
1077232,1238520,149,0.734777,3080
1075704,1238520,149,0.738043,3080
1072736,1238520,149,0.744075,3080
1068904,1238520,150,0.751350,3080
1067584,1238520,151,0.753761,3080
1069032,1238520,151,0.751025,3080
1065424,1238520,150,0.757691,3080
1068992,1238520,150,0.751188,3080
1071424,1238520,149,0.746552,3112
1072480,1238520,148,0.744481,3128
1072088,1238520,147,0.745428,3128
1069000,1238520,148,0.751306,3104
1071656,1238520,147,0.746276,3120
1073128,1238520,147,0.743323,3120
1075104,1238520,147,0.739282,3120
1074168,1238520,148,0.741198,3104
1076256,1238520,148,0.736859,3104
1076112,1238520,149,0.737156,3104
1075648,1238520,149,0.738223,3096
1077872,1238520,149,0.733494,3096
1078048,1238520,148,0.733121,3096
1079872,1238520,147,0.729101,3136
1083288,1238520,146,0.721298,3184
1083904,1238520,145,0.719864,3184
1086016,1238520,145,0.714714,3184
1082008,1238520,145,0.724233,3184
1082072,1238520,144,0.724088,3184
1080488,1238520,143,0.727851,3184
1077304,1238520,144,0.734743,3168
1076088,1238520,143,0.737469,3168
1075272,1238520,144,0.739152,3160
1076320,1238520,144,0.736908,3160
1077592,1238520,143,0.734154,3208
1078208,1238520,142,0.732781,3240
1075864,1238520,143,0.737682,3240
1073856,1238520,144,0.741741,3240
1073200,1238520,144,0.743134,3240
1070696,1238520,143,0.748152,3240
1070912,1238520,142,0.747742,3240
1074664,1238520,142,0.740316,3240
1072704,1238520,143,0.744200,3240
1075552,1238520,143,0.738419,3240
1076376,1238520,142,0.736726,3240
1075272,1238520,143,0.738990,3240
1074144,1238520,142,0.741454,3240
1071240,1238520,143,0.747118,3240
1069712,1238520,142,0.750179,3240
1071144,1238520,142,0.747393,3240
1070320,1238520,143,0.748951,3240
1072888,1238520,143,0.743934,3240
1074760,1238520,143,0.740123,3240
1076664,1238520,142,0.736146,3280
1075192,1238520,142,0.739266,3280
1076808,1238520,142,0.735847,3280
1079688,1238520,141,0.729660,3304
1076872,1238520,142,0.735663,3304
1075184,1238520,143,0.739185,3280
1074816,1238520,143,0.740042,3272
1078904,1238520,143,0.731427,3272
1081784,1238520,143,0.724975,3272
1085176,1238520,143,0.716988,3272
1089184,1238520,143,0.706952,3272
1089840,1238520,143,0.705137,3272
1087968,1238520,143,0.710035,3272
1084280,1238520,143,0.719112,3272
1087176,1238520,143,0.712008,3272
1091232,1238520,143,0.701482,3272
1087720,1238520,144,0.710615,3240
1090384,1238520,144,0.703678,3240
1090120,1238520,144,0.704513,3232
1092256,1238520,144,0.698713,3232
1092192,1238520,145,0.698886,3232
1090376,1238520,146,0.703719,3232
1093888,1238520,145,0.694138,3264
1096008,1238520,145,0.687965,3264
1092128,1238520,146,0.698843,3264
1092288,1238520,145,0.698409,3264
1091696,1238520,146,0.700050,3248
1089592,1238520,146,0.705717,3248
1085872,1238520,147,0.715024,3248
1086408,1238520,146,0.713720,3248
1087824,1238520,146,0.710095,3248
1085128,1238520,147,0.716700,3248
1085968,1238520,147,0.714558,3248
1086784,1238520,146,0.712541,3256
1086168,1238520,147,0.714052,3256
1089192,1238520,147,0.706356,3256
1086136,1238520,148,0.714071,3232
1090128,1238520,148,0.703866,3232
1089272,1238520,149,0.706192,3192
1093048,1238520,149,0.696002,3192
1091736,1238520,149,0.699706,3192
1093360,1238520,149,0.695140,3192
1089672,1238520,150,0.705033,3192
1093408,1238520,150,0.694873,3192
1090816,1238520,151,0.701949,3176
1090152,1238520,150,0.703950,3176
1087584,1238520,150,0.710635,3176
1089616,1238520,149,0.705365,3216
1089752,1238520,148,0.705013,3216
1086536,1238520,149,0.713132,3216
1090192,1238520,148,0.703782,3248
1092960,1238520,147,0.696311,3264
1092160,1238520,148,0.698496,3264
1093024,1238520,147,0.696046,3296
1091832,1238520,147,0.699448,3288
1089992,1238520,148,0.704326,3288
1092544,1238520,148,0.697386,3288
1091904,1238520,149,0.699124,3288
1094056,1238520,148,0.693175,3296
1097464,1238520,148,0.683152,3296
1096920,1238520,148,0.684915,3296
1096728,1238520,148,0.685624,3296
1097048,1238520,147,0.684678,3296
1094488,1238520,146,0.692409,3280
1093408,1238520,146,0.695561,3280
1096960,1238520,145,0.685365,3296
1097768,1238520,145,0.682816,3296
1096984,1238520,145,0.685294,3296
1100496,1238520,145,0.674411,3296
1103384,1238520,145,0.664854,3296
1102880,1238520,145,0.666693,3296
1104720,1238520,144,0.660481,3296
1100888,1238520,145,0.673167,3296
1096808,1238520,146,0.685719,3280
1099368,1238520,146,0.677841,3280
1101848,1238520,146,0.669819,3280
1099504,1238520,147,0.677345,3256
1103232,1238520,147,0.665175,3256
1102480,1238520,147,0.667829,3256
1103576,1238520,146,0.664155,3264
1102792,1238520,147,0.666773,3264
1106560,1238520,147,0.653633,3264
1105880,1238520,147,0.656219,3264
1107048,1238520,146,0.651878,3312
1104616,1238520,146,0.660619,3312
1104712,1238520,145,0.660289,3312
1101496,1238520,146,0.671011,3312
1104936,1238520,146,0.694797,3312
1100896,1238520,146,0.706971,3312
1098024,1238520,146,0.715088,3312
1102080,1238520,146,0.703546,3312
1103640,1238520,146,0.698764,3312
1100864,1238520,147,0.706925,3312
1097608,1238520,147,0.716101,3304
1095704,1238520,148,0.721182,3280
1098792,1238520,147,0.712931,3288
1100424,1238520,147,0.708246,3288
1102048,1238520,147,0.703429,3288
1099872,1238520,148,0.709735,3264
1103856,1238520,148,0.697964,3264
1102952,1238520,149,0.700686,3264
1105200,1238520,149,0.693676,3264
1103656,1238520,148,0.698716,3264
1099704,1238520,149,0.710205,3264
1103264,1238520,149,0.699752,3264
1105400,1238520,149,0.693050,3264
1103880,1238520,149,0.697940,3248
1101440,1238520,149,0.705314,3248
1099208,1238520,150,0.711630,3248
1100696,1238520,150,0.707313,3248
1101080,1238520,149,0.706214,3248
1102320,1238520,148,0.702606,3248
1098464,1238520,149,0.713588,3232
1096280,1238520,149,0.719579,3224
1099840,1238520,149,0.709802,3224
1102632,1238520,148,0.701732,3232
1099240,1238520,149,0.711453,3232
1102968,1238520,149,0.700590,3232
1098976,1238520,150,0.712050,3232
1099792,1238520,149,0.709645,3280
1097920,1238520,150,0.714828,3272
1101984,1238520,150,0.743874,3272
1097920,1238520,150,0.714828,3272
1096224,1238520,150,0.719474,3272
1099776,1238520,150,0.709712,3272
1100992,1238520,149,0.706260,3272
1100832,1238520,149,0.706856,3272
1104384,1238520,149,0.732600,3272
1100536,1238520,149,0.742739,3272
1102352,1238520,149,0.737986,3272
1098688,1238520,149,0.747381,3232
1101904,1238520,148,0.739371,3232
1100224,1238520,148,0.743737,3232
1101584,1238520,147,0.740292,3240
1098184,1238520,147,0.748803,3240
1096768,1238520,148,0.752231,3200
1097896,1238520,148,0.749469,3200
1094208,1238520,148,0.758037,3200
1096216,1238520,147,0.753506,3200
1094280,1238520,147,0.757984,3200
1097592,1238520,147,0.750302,3200
1097488,1238520,148,0.750547,3200
1099232,1238520,147,0.746295,3232
1100320,1238520,147,0.743498,3232
1099760,1238520,148,0.744904,3224
1103520,1238520,148,0.735172,3224
1102568,1238520,148,0.737923,3176
1104128,1238520,148,0.733677,3176
1102680,1238520,148,0.737632,3176
1105240,1238520,148,0.730659,3176
1104096,1238520,149,0.733785,3168
1100112,1238520,150,0.744055,3168
1103752,1238520,150,0.734576,3168
1104656,1238520,149,0.732144,3168
1101800,1238520,149,0.739802,3168
1102040,1238520,148,0.739185,3168
1099480,1238520,148,0.745729,3168
1095560,1238520,147,0.755187,3168
1096928,1238520,147,0.751933,3168
1097400,1238520,146,0.750717,3216
1096136,1238520,146,0.753764,3216
1097952,1238520,146,0.749412,3216
1096184,1238520,147,0.753598,3192
1092968,1238520,148,0.760770,3192
1095144,1238520,148,0.755856,3192
1096960,1238520,148,0.751579,3192
1094840,1238520,148,0.756540,3192
1097656,1238520,147,0.750057,3192
1094504,1238520,148,0.757344,3168
1090992,1238520,148,0.765091,3136
1088944,1238520,149,0.769338,3112
1089536,1238520,148,0.768124,3120
1093400,1238520,148,0.759884,3120
1095152,1238520,147,0.755982,3128
1093824,1238520,148,0.758938,3128
1091848,1238520,149,0.763205,3128
1094112,1238520,149,0.758197,3128
1096464,1238520,149,0.752769,3128
1093112,1238520,149,0.760389,3128
1089232,1238520,149,0.768627,3128
1092928,1238520,149,0.760788,3128
1092288,1238520,149,0.762371,3080
1095792,1238520,149,0.754532,3080
1097248,1238520,149,0.751055,3080
1094224,1238520,150,0.757949,3080
1097240,1238520,149,0.751055,3088
1094352,1238520,149,0.757754,3088
1091224,1238520,148,0.764706,3088
1091312,1238520,147,0.764521,3088
1093000,1238520,147,0.760822,3088
1091368,1238520,147,0.764404,3088
1092800,1238520,147,0.761254,3088
1090368,1238520,147,0.766502,3080
1093528,1238520,146,0.759762,3096
1090032,1238520,146,0.767340,3056
1093880,1238520,146,0.759078,3056
1091856,1238520,147,0.763493,3032
1093608,1238520,147,0.759622,3032
1093472,1238520,148,0.759919,3032
1094688,1238520,148,0.757130,3032
1091488,1238520,148,0.764168,3032
1090320,1238520,149,0.766700,2984
1092928,1238520,149,0.761099,2984
1089152,1238520,149,0.769080,2984
1092248,1238520,149,0.762558,2984
1088160,1238520,148,0.771159,2984
1084312,1238520,148,0.778626,2984
1085552,1238520,148,0.776212,2984
1085928,1238520,147,0.775482,2992
1086216,1238520,146,0.774932,2992
1083968,1238520,145,0.779336,2992
1085656,1238520,145,0.776091,2992
1083544,1238520,145,0.780114,2992
1085712,1238520,145,0.775985,2992
1085064,1238520,146,0.777223,2984
1088592,1238520,146,0.770300,2984
1086040,1238520,147,0.775284,2984
1089264,1238520,146,0.768935,2992
1085944,1238520,147,0.775452,2992
1083256,1238520,147,0.780611,2960
1080448,1238520,147,0.785691,2960
1081408,1238520,147,0.783925,2960
1080048,1238520,148,0.786315,2952
1080240,1238520,147,0.785983,2952
1083928,1238520,146,0.779395,2952
1085576,1238520,146,0.776228,2952
1084672,1238520,147,0.777927,2952
1086144,1238520,147,0.775054,2952
1082264,1238520,148,0.782259,2944
1083640,1238520,148,0.779675,2944
1081456,1238520,149,0.783628,2936
1082392,1238520,149,0.781871,2936
1082256,1238520,150,0.782116,2936
1081984,1238520,151,0.782603,2936
1084944,1238520,150,0.777088,2984
1087640,1238520,150,0.771807,2984
1086168,1238520,151,0.774671,2984
1089040,1238520,150,0.768951,3016
1087424,1238520,150,0.772264,3016
1091296,1238520,149,0.764387,3024
1090472,1238520,149,0.766221,3016
1091208,1238520,148,0.764656,3032
1089392,1238520,148,0.768498,3032
1089696,1238520,147,0.767880,3032
1088072,1238520,148,0.771207,3000
1088376,1238520,147,0.770587,3008
1086072,1238520,148,0.775100,3000
1082184,1238520,148,0.782388,3000
1081640,1238520,148,0.783444,3000
1078616,1238520,149,0.788733,2968
1081496,1238520,149,0.783671,2968
1084520,1238520,148,0.778151,2984
1085328,1238520,147,0.776636,2984
1085008,1238520,148,0.777238,2984
1086456,1238520,147,0.774440,3008
1085688,1238520,148,0.775954,2984
1087928,1238520,148,0.771523,2984
1087536,1238520,149,0.772358,2952
1090208,1238520,149,0.766897,2952
1093968,1238520,149,0.758797,2952
1090448,1238520,149,0.766403,2952
1094144,1238520,149,0.758409,2952
1093048,1238520,150,0.760822,2944
1095608,1238520,150,0.755042,2944
1094744,1238520,150,0.757095,2944
1096704,1238520,150,0.752528,2944
1095816,1238520,150,0.754678,2944
1098296,1238520,150,0.748783,2944
1095128,1238520,150,0.756234,2944
1098648,1238520,150,0.747940,2944
1094776,1238520,151,0.756934,2936
1096888,1238520,151,0.752008,2936
1095360,1238520,151,0.755621,2936
1095688,1238520,150,0.754860,2944
1092256,1238520,150,0.762524,2944
1094040,1238520,150,0.758550,2944
1093032,1238520,151,0.760753,2944
1096912,1238520,150,0.752045,2944
1092872,1238520,150,0.761203,2944
1094368,1238520,150,0.757825,2944
1092120,1238520,150,0.762814,2944
1089984,1238520,151,0.767275,2944
1087192,1238520,152,0.772874,2936
1083688,1238520,152,0.779601,2936
1080792,1238520,153,0.784798,2936
1080488,1238520,153,0.785413,2936
1076984,1238520,154,0.791348,2936
1075456,1238520,154,0.793912,2936
1078440,1238520,154,0.788922,2936
1078080,1238520,155,0.789541,2928
1078136,1238520,154,0.789447,2928
1078400,1238520,153,0.789003,2928
1079984,1238520,152,0.786273,2944
1077040,1238520,153,0.791243,2944
1079176,1238520,152,0.787661,2944
1082136,1238520,152,0.782403,2944
1084192,1238520,152,0.778567,2944
1086384,1238520,152,0.774332,2944
1085064,1238520,151,0.777028,2944
1085976,1238520,151,0.775208,2944
1082752,1238520,151,0.781308,2936
1082432,1238520,151,0.781986,2928
1080048,1238520,151,0.786273,2928
1076784,1238520,151,0.791887,2904
1076168,1238520,151,0.793008,2880
1072528,1238520,152,0.798745,2880
1069456,1238520,153,0.803345,2880
1066688,1238520,154,0.807336,2864
1069224,1238520,154,0.803637,2864
1067536,1238520,154,0.806137,2864
1067688,1238520,153,0.805921,2864
1070928,1238520,153,0.801120,2864
1072136,1238520,152,0.799283,2872
1068608,1238520,151,0.804659,2872
1065000,1238520,152,0.809743,2864
1061240,1238520,153,0.814757,2864
1062744,1238520,152,0.812751,2888
1064232,1238520,152,0.810692,2888
1062968,1238520,152,0.812454,2888
1063816,1238520,151,0.811308,2896
1060376,1238520,152,0.815831,2896
1060400,1238520,151,0.815800,2896
1061464,1238520,150,0.814372,2936
1063832,1238520,150,0.811168,2936
1060208,1238520,150,0.815995,2936
1058176,1238520,151,0.818611,2896
1058816,1238520,150,0.817801,2904
1059216,1238520,149,0.817277,2920
1055160,1238520,149,0.822318,2920
1059168,1238520,149,0.817337,2920
1058328,1238520,150,0.818412,2904
1059928,1238520,150,0.816332,2904
1056616,1238520,151,0.820464,2904
1053920,1238520,151,0.823749,2904
1051560,1238520,152,0.826480,2904
1053872,1238520,151,0.823749,2952
1051352,1238520,152,0.826662,2952
1049112,1238520,153,0.829171,2952
1046464,1238520,154,0.832046,2952
1048656,1238520,153,0.829620,3000
1051600,1238520,152,0.826325,3000
1050640,1238520,153,0.827413,3000
1054496,1238520,152,0.822899,3048
1051408,1238520,153,0.826498,3040
1047472,1238520,153,0.830920,3040
1048144,1238520,152,0.830172,3056
1049024,1238520,151,0.829180,3080
1049064,1238520,150,0.829136,3080
1050520,1238520,150,0.827458,3080
1052568,1238520,150,0.825065,3080
1053584,1238520,150,0.823824,3080
1050408,1238520,151,0.827476,3080
1046712,1238520,151,0.831592,3080
1048712,1238520,151,0.829365,3080
1051016,1238520,151,0.826734,3080
1052400,1238520,151,0.825093,3080
1053712,1238520,150,0.823551,3088
1052280,1238520,150,0.825278,3088
1055256,1238520,150,0.821714,3088
1054288,1238520,151,0.822889,3072
1050776,1238520,151,0.827016,3072
1051376,1238520,150,0.826334,3072
1052056,1238520,149,0.825536,3088
1049272,1238520,149,0.828737,3088
1049944,1238520,149,0.827935,3088
1051208,1238520,149,0.826452,3088
1051232,1238520,148,0.826425,3088
1055064,1238520,147,0.821916,3112
1052080,1238520,147,0.825481,3112
1055080,1238520,147,0.821896,3112
1052208,1238520,147,0.825333,3112
1054848,1238520,147,0.822174,3112
1053480,1238520,148,0.823796,3112
1051112,1238520,148,0.826589,3112
1049488,1238520,149,0.828417,3112
1048424,1238520,150,0.829638,3072
1050552,1238520,150,0.827215,3072
1051768,1238520,150,0.825775,3072
1051584,1238520,151,0.825986,3072
1053672,1238520,151,0.823504,3072
1049576,1238520,152,0.828203,3072
1053528,1238520,151,0.823627,3112
1055488,1238520,151,0.821231,3112
1055848,1238520,150,0.820785,3120
1054912,1238520,150,0.821973,3120
1050984,1238520,150,0.826616,3120
1048320,1238520,149,0.829700,3120
1047960,1238520,150,0.830111,3104
1045152,1238520,150,0.833173,3104
1046944,1238520,149,0.831239,3128
1046704,1238520,149,0.831566,3112
1044224,1238520,150,0.834186,3112
1041264,1238520,150,0.837305,3064
1038272,1238520,150,0.840294,3064
1037592,1238520,151,0.840963,3048
1039752,1238520,151,0.838821,3048
1042360,1238520,151,0.836168,3048
1042528,1238520,150,0.835997,3048
1042616,1238520,149,0.835908,3048
1043408,1238520,148,0.835097,3048
1045248,1238520,148,0.833131,3048
1045312,1238520,147,0.833064,3048
1043256,1238520,147,0.835253,3048
1044704,1238520,147,0.833702,3048
1041688,1238520,147,0.836848,3048
1043624,1238520,147,0.834825,3048
1046592,1238520,147,0.831652,3048
1045936,1238520,147,0.832403,3048
1047488,1238520,147,0.830686,3048
1045512,1238520,148,0.832853,3000
1045152,1238520,149,0.833241,2992
1041288,1238520,149,0.837257,2992
1043072,1238520,149,0.835401,2992
1042768,1238520,150,0.835720,2984
1042128,1238520,151,0.836379,2976
1043664,1238520,150,0.834767,3016
1041152,1238520,150,0.837370,3016
1039896,1238520,151,0.838617,3016
1036176,1238520,152,0.842201,3016
1038088,1238520,152,0.840332,3016
1035016,1238520,152,0.843286,3016
1036568,1238520,152,0.841785,3016
1032856,1238520,153,0.845224,3016
1035936,1238520,153,0.842336,3016
1036408,1238520,152,0.841868,3040
1039952,1238520,152,0.838396,3040
1042112,1238520,152,0.836184,3040
1040688,1238520,152,0.837665,3040
1041944,1238520,151,0.836403,3040
1040680,1238520,151,0.837721,3040
1042808,1238520,151,0.835524,3040
1042984,1238520,150,0.835335,3048
1045432,1238520,150,0.832734,3048
1047904,1238520,150,0.830024,3048
1046544,1238520,151,0.831532,3016
1047768,1238520,150,0.830207,3016
1046272,1238520,150,0.831875,3016
1048424,1238520,150,0.829489,3016
1045008,1238520,151,0.833216,2968
1044896,1238520,152,0.833333,2968
1045880,1238520,151,0.832293,2968
1041824,1238520,151,0.836549,2968
1044432,1238520,151,0.833820,2968
1046144,1238520,151,0.831960,2968
1043144,1238520,151,0.835154,2968
1043616,1238520,150,0.834635,3000
1043368,1238520,151,0.834907,2984
1039680,1238520,152,0.838625,2984
1041496,1238520,152,0.836767,2984
1039808,1238520,153,0.838451,2984
1041824,1238520,153,0.836387,2984
1042848,1238520,152,0.835335,2992
1042648,1238520,152,0.835597,2984
1041856,1238520,152,0.836484,2952
1045840,1238520,152,0.832301,2952
1042272,1238520,153,0.836014,2952
1043336,1238520,153,0.834874,2952
1047088,1238520,152,0.830902,2960
1046416,1238520,152,0.831678,2960
1046152,1238520,153,0.831960,2960
1050136,1238520,153,0.827539,2960
1050112,1238520,154,0.827566,2960
1046424,1238520,154,0.831703,2928
1050400,1238520,154,0.827278,2928
1051848,1238520,153,0.825582,2968
1054856,1238520,153,0.821992,2968
1054768,1238520,154,0.822098,2968
1057272,1238520,154,0.818989,2968
1054568,1238520,155,0.822280,2968
1058024,1238520,155,0.817992,2968
1055488,1238520,155,0.821173,2968
1057424,1238520,155,0.818740,2968
1054456,1238520,156,0.822375,2952
1057232,1238520,155,0.818989,2960
1054032,1238520,155,0.822927,2960
1052792,1238520,156,0.824386,2960
1052320,1238520,157,0.824991,2912
1055832,1238520,157,0.820766,2912
1055720,1238520,157,0.820960,2912
1058280,1238520,157,0.817741,2912
1056528,1238520,156,0.820034,2912
1057208,1238520,155,0.819147,2952
1058216,1238520,154,0.817891,2952
1059832,1238520,153,0.815779,3000
1057872,1238520,154,0.818262,3000
1056088,1238520,154,0.820523,3000
1054120,1238520,153,0.823003,3000
1056160,1238520,153,0.820493,3000
1058040,1238520,153,0.818112,3000
1059152,1238520,152,0.816699,3008
1055872,1238520,153,0.820805,2984
1054208,1238520,152,0.822918,2984
1054408,1238520,151,0.822680,2984
1054584,1238520,150,0.822461,2992
1053128,1238520,151,0.824181,2992
1052448,1238520,152,0.825028,2944
1054432,1238520,151,0.822652,2984
1056736,1238520,151,0.819808,2984
1053344,1238520,151,0.823974,2952
1052480,1238520,152,0.824991,2944
1056424,1238520,152,0.820239,2944
1054336,1238520,151,0.822870,2944
1052584,1238520,151,0.824981,2944
1054296,1238520,151,0.822918,2944
1054888,1238520,150,0.822194,2960
1058800,1238520,150,0.817327,2960
1056408,1238520,150,0.820357,2960
1057808,1238520,149,0.818611,2976
1057136,1238520,149,0.819523,2960
1054920,1238520,149,0.822270,2960
1053544,1238520,149,0.823956,2960
1056056,1238520,149,0.820902,2960
1051960,1238520,150,0.825738,2960
1052248,1238520,149,0.825398,2968
1048392,1238520,149,0.829840,2920
1045880,1238520,150,0.832599,2872
1048416,1238520,149,0.829840,2896
1050472,1238520,149,0.827503,2896
1050304,1238520,150,0.827692,2896
1048704,1238520,150,0.829524,2896
1052760,1238520,149,0.824898,2936
1054040,1238520,148,0.823353,2976
1056624,1238520,148,0.820190,2976
1059128,1238520,148,0.817014,2976
1056280,1238520,149,0.820552,2976
1053928,1238520,149,0.823429,2976
1049944,1238520,149,0.828060,2976
1053976,1238520,149,0.823372,2976
1053048,1238520,149,0.824517,2976
1050360,1238520,150,0.827611,2960
1046800,1238520,150,0.831575,2960
1045696,1238520,150,0.832802,2960
1045856,1238520,149,0.832633,2960
1049280,1238520,149,0.828870,2960
1047104,1238520,150,0.831248,2960
1049520,1238520,149,0.828560,3000
1050488,1238520,148,0.827440,3032
1052064,1238520,147,0.825646,3032
1049136,1238520,146,0.829056,3032
1050496,1238520,145,0.827539,3032
1046664,1238520,146,0.831772,3008
1043128,1238520,146,0.835524,3008
1044088,1238520,145,0.834486,3056
1040432,1238520,146,0.838222,3024
1040768,1238520,145,0.837888,3024
1042040,1238520,145,0.836565,3024
1039816,1238520,145,0.838829,3024
1037120,1238520,145,0.841482,3024
1040088,1238520,145,0.838562,3024
1042632,1238520,145,0.835965,3024
1046328,1238520,145,0.832063,3024
1046488,1238520,144,0.831883,3032
1044952,1238520,145,0.833552,2992
1044144,1238520,145,0.834444,2992
1048224,1238520,145,0.830050,2992
1051296,1238520,145,0.826571,2992
1047768,1238520,146,0.830495,2992
1043912,1238520,147,0.834602,2976
1041256,1238520,148,0.837322,2960
1038696,1238520,148,0.839891,2960
1036560,1238520,149,0.841937,2960
1038360,1238520,148,0.840217,2960
1042296,1238520,147,0.836322,2960
1043928,1238520,147,0.834602,2960
1046376,1238520,146,0.831977,3008
1047336,1238520,145,0.830894,3056
1045624,1238520,145,0.832777,3056
1046136,1238520,144,0.832233,3056
1044784,1238520,144,0.833711,3056
1046016,1238520,143,0.832412,3056
1042648,1238520,144,0.835940,3032
1038888,1238520,144,0.839728,3032
1039432,1238520,143,0.839174,3056
1041896,1238520,143,0.836678,3056
1038168,1238520,142,0.840448,3056
1036144,1238520,142,0.842434,3040
1037072,1238520,141,0.841542,3056
1035528,1238520,141,0.843040,3056
1032720,1238520,141,0.845658,3056
1036744,1238520,141,0.841899,3056
1037072,1238520,140,0.841580,3064
1037752,1238520,139,0.840924,3072
1036520,1238520,140,0.842095,3072
1035592,1238520,141,0.842966,3072
1036584,1238520,140,0.841997,3112
1033408,1238520,140,0.844985,3112
1036640,1238520,140,0.841944,3112
1037616,1238520,140,0.840970,3112
1033888,1238520,141,0.844459,3112
1037528,1238520,140,0.841016,3152
1036408,1238520,140,0.842140,3136
1033488,1238520,140,0.844890,3136
1035200,1238520,140,0.843271,3136
1033888,1238520,141,0.844481,3136
1032456,1238520,142,0.845795,3120
1029848,1238520,142,0.848148,3120
1029240,1238520,143,0.848676,3120
1027112,1238520,144,0.850498,3120
1028864,1238520,144,0.848960,3120
1027416,1238520,144,0.850261,3096
1025984,1238520,145,0.851466,3096
1024264,1238520,145,0.852927,3096
1021816,1238520,146,0.854941,3048
1017824,1238520,147,0.858051,3048
1014120,1238520,147,0.860855,3048
1017312,1238520,146,0.858447,3088
1013760,1238520,145,0.835525,3088
1013840,1238520,144,0.835456,3088
1017904,1238520,144,0.831822,3088
1019136,1238520,143,0.830695,3096
1015856,1238520,143,0.833687,3096
1018088,1238520,143,0.831649,3096
1014856,1238520,143,0.834566,3096
1018416,1238520,143,0.831351,3096
1015056,1238520,144,0.834349,3096
1016680,1238520,144,0.832871,3096
1016568,1238520,145,0.832978,3088
1014584,1238520,146,0.834762,3048
1012968,1238520,147,0.836159,3048
1014440,1238520,146,0.834852,3088
1018536,1238520,146,0.831162,3088
1021560,1238520,146,0.828318,3088
1023208,1238520,146,0.826707,3088
1025160,1238520,146,0.824767,3088
1021480,1238520,146,0.828348,3088
1023128,1238520,146,0.826737,3088
1019576,1238520,147,0.830077,3088
1020936,1238520,146,0.828806,3096
1022736,1238520,146,0.827059,3096
1025984,1238520,146,0.823852,3096
1023424,1238520,146,0.826399,3096
1026760,1238520,146,0.823080,3096
1027744,1238520,146,0.822042,3096
1029856,1238520,145,0.819855,3120
1032232,1238520,145,0.817308,3120
1036016,1238520,144,0.813183,3120
1032232,1238520,145,0.817308,3120
1033304,1238520,145,0.816106,3120
1031336,1238520,145,0.818258,3120
1029552,1238520,145,0.820170,3120
1031808,1238520,145,0.817759,3120
1034688,1238520,144,0.814643,3128
1033976,1238520,144,0.815499,3104
1030096,1238520,145,0.819623,3104
1032984,1238520,144,0.816571,3104
1036920,1238520,144,0.812188,3104
1034936,1238520,143,0.814502,3104
1037384,1238520,143,0.811718,3104
1033648,1238520,144,0.815855,3104
1036640,1238520,144,0.812503,3104
1033328,1238520,144,0.816201,3104
1035616,1238520,144,0.813646,3104
1031984,1238520,145,0.817640,3056
1033680,1238520,145,0.815768,3056
1033600,1238520,146,0.815855,3056
1033312,1238520,146,0.816218,3056
1030808,1238520,147,0.818880,3056
1027424,1238520,147,0.822406,3056
1024248,1238520,148,0.825548,3056
1025880,1238520,148,0.823900,3056
1025256,1238520,149,0.824516,3056
1028264,1238520,149,0.821458,3056
1029760,1238520,149,0.819872,3056
1033128,1238520,149,0.816261,3056
1030976,1238520,149,0.818603,3056
1028720,1238520,150,0.820943,3056
1030480,1238520,150,0.819073,3056
1032160,1238520,150,0.817248,3056
1031648,1238520,151,0.817792,3056
1031488,1238520,152,0.817962,3056
1031560,1238520,151,0.817886,3056
1027920,1238520,152,0.821661,3056
1026464,1238520,153,0.823128,3056
1027400,1238520,152,0.822172,3072
1026248,1238520,153,0.823328,3072
1026392,1238520,152,0.823184,3072
1026016,1238520,153,0.823559,3072
1026552,1238520,152,0.823016,3080
1027184,1238520,151,0.822382,3080
1025768,1238520,152,0.823805,3072
1022008,1238520,152,0.827501,3072
1021936,1238520,153,0.827569,3072
1025992,1238520,152,0.823630,3072
1023480,1238520,152,0.826137,3072
1027248,1238520,151,0.822406,3088
1024088,1238520,151,0.825579,3088
1024904,1238520,150,0.824744,3128
1023416,1238520,151,0.826191,3128
1026192,1238520,150,0.823471,3128
1025976,1238520,151,0.823686,3128
1025064,1238520,151,0.824634,3128
1027312,1238520,150,0.822390,3136
1024520,1238520,150,0.825205,3136
1023440,1238520,151,0.826268,3120
1025968,1238520,151,0.823749,3120
1029440,1238520,151,0.820187,3120
1029720,1238520,150,0.819897,3120
1026048,1238520,150,0.823670,3120
1022296,1238520,151,0.827318,3120
1024168,1238520,151,0.825470,3120
1025440,1238520,151,0.824177,3120
1026264,1238520,151,0.823312,3120
1024208,1238520,151,0.825385,3120
1023432,1238520,151,0.826183,3120
1025352,1238520,151,0.824264,3120
1027328,1238520,151,0.822244,3120
1026416,1238520,151,0.823208,3120
1026664,1238520,150,0.822960,3120
1028624,1238520,150,0.820927,3120
1026448,1238520,151,0.823128,3120
1029360,1238520,151,0.820120,3120
1028000,1238520,152,0.821515,3120
1030304,1238520,152,0.819089,3120
1030352,1238520,151,0.819039,3120
1031256,1238520,150,0.818063,3144
1035280,1238520,150,0.813655,3144
1033312,1238520,150,0.815864,3144
1036016,1238520,150,0.812835,3144
1033128,1238520,151,0.816011,3144
1032912,1238520,151,0.816296,3144
1036568,1238520,151,0.812215,3144
1036336,1238520,151,0.812548,3128
1037056,1238520,150,0.811727,3136
1036264,1238520,150,0.812673,3136
1035192,1238520,150,0.813920,3136
1034272,1238520,151,0.814950,3120
1037512,1238520,151,0.811283,3120
1039984,1238520,151,0.808372,3120
1042696,1238520,151,0.805080,3120
1044728,1238520,151,0.802523,3120
1041848,1238520,150,0.806161,3120
1044248,1238520,150,0.803178,3120
1040184,1238520,150,0.808137,3120
1041840,1238520,150,0.806113,3120
1039968,1238520,150,0.808391,3120
1039640,1238520,151,0.808784,3112
1036080,1238520,151,0.812906,3112
1035528,1238520,152,0.813530,3104
1036520,1238520,151,0.812413,3112
1039648,1238520,151,0.808775,3112
1042488,1238520,151,0.805341,3112
1041496,1238520,152,0.806582,3072
1043304,1238520,152,0.804339,3072
1045544,1238520,152,0.801501,3072
1043712,1238520,153,0.803780,3072
1047496,1238520,153,0.798952,3072
1044784,1238520,153,0.802453,3072
1047536,1238520,153,0.798900,3072
1044072,1238520,154,0.803277,3072
1041192,1238520,154,0.806831,3072
1041016,1238520,154,0.807097,3072
1037776,1238520,154,0.810927,3072
1037904,1238520,153,0.810781,3072
1039936,1238520,153,0.808372,3072
1039632,1238520,154,0.808728,3072
1040728,1238520,153,0.807439,3072
1044680,1238520,153,0.802582,3072
1044344,1238520,153,0.803059,3072
1047096,1238520,153,0.799529,3072
1043392,1238520,154,0.804173,3072
1040808,1238520,155,0.807287,3072
1042560,1238520,155,0.805128,3072
1045608,1238520,155,0.801300,3072
1046216,1238520,154,0.800530,3072
1042624,1238520,154,0.805051,3072
1044160,1238520,154,0.803109,3072
1042360,1238520,154,0.805370,3072
1043912,1238520,154,0.803415,3072
1042616,1238520,154,0.805060,3072
1045592,1238520,154,0.801320,3072
1044912,1238520,154,0.802243,3064
1046128,1238520,153,0.800662,3104
1044128,1238520,153,0.803228,3104
1048080,1238520,153,0.798154,3104
1046696,1238520,153,0.800000,3104
1047272,1238520,152,0.799261,3104
1045312,1238520,153,0.801753,3104
1046248,1238520,152,0.800571,3104
1043640,1238520,152,0.803918,3080
1047200,1238520,152,0.799385,3080
1045504,1238520,151,0.801662,3080
1045288,1238520,152,0.801933,3080
1045592,1238520,151,0.801541,3088
1043968,1238520,150,0.803682,3088
1042224,1238520,150,0.805901,3056
1039352,1238520,150,0.809389,3024
1037064,1238520,151,0.812017,3016
1038712,1238520,150,0.810111,3040
1036064,1238520,151,0.813112,3040
1037376,1238520,150,0.811582,3088
1036456,1238520,151,0.812647,3064
1035200,1238520,152,0.814044,3064
1037984,1238520,152,0.810863,3064
1034248,1238520,153,0.815037,3064
1038048,1238520,153,0.810735,3064
1041432,1238520,153,0.806726,3064
1044520,1238520,152,0.802970,3064
1044144,1238520,153,0.803445,3056
1043480,1238520,153,0.804320,3056
1042208,1238520,154,0.805921,3008
1039456,1238520,154,0.809231,3008
1042056,1238520,153,0.806103,3056
1043152,1238520,153,0.804720,3056
1046960,1238520,153,0.799908,3056
1049440,1238520,153,0.796622,3056
1047400,1238520,154,0.799282,3056
1051344,1238520,154,0.794011,3056
1050296,1238520,154,0.795485,3056
1049256,1238520,154,0.796939,3048
1047208,1238520,155,0.799601,3048
1049152,1238520,154,0.797055,3064
1053208,1238520,154,0.791509,3064
1051720,1238520,155,0.793555,3064
1052288,1238520,154,0.792768,3072
1051016,1238520,154,0.794562,3072
1052496,1238520,153,0.792537,3080
1054576,1238520,152,0.789581,3120
1056080,1238520,152,0.787364,3120
1053336,1238520,152,0.791320,3120
1053664,1238520,151,0.790852,3128
1052424,1238520,151,0.792636,3128
1053632,1238520,150,0.790896,3176
1055632,1238520,149,0.788008,3216
1052848,1238520,149,0.792030,3192
1050072,1238520,150,0.795795,3192
1052272,1238520,150,0.792757,3192
1051760,1238520,150,0.793522,3192
1053536,1238520,150,0.791008,3192
1051104,1238520,150,0.794454,3160
1051288,1238520,149,0.794206,3160
1049408,1238520,149,0.796781,3160
1048000,1238520,149,0.798683,3160
1049064,1238520,148,0.797297,3160
1045120,1238520,148,0.802403,3160
1043736,1238520,148,0.804173,3160
1046728,1238520,148,0.800377,3160
1048024,1238520,147,0.798683,3184
1048368,1238520,146,0.798237,3184
1050968,1238520,146,0.794735,3184
1053776,1238520,145,0.790874,3192
1052344,1238520,145,0.792921,3192
1051032,1238520,145,0.794778,3184
1051072,1238520,144,0.794724,3184
1053512,1238520,143,0.791353,3208
1052480,1238520,143,0.792899,3168
1050256,1238520,144,0.795955,3128
1053688,1238520,143,0.791276,3136
1050048,1238520,144,0.796273,3096
1051608,1238520,143,0.794152,3120
1047856,1238520,144,0.799117,3112
1051536,1238520,143,0.794260,3112
1055040,1238520,143,0.789343,3112
1054848,1238520,144,0.789615,3112
1051040,1238520,144,0.794928,3112
1047400,1238520,145,0.799724,3096
1046296,1238520,145,0.801189,3096
1048360,1238520,145,0.798486,3096
1044376,1238520,145,0.803583,3096
1047424,1238520,145,0.799693,3096
1045672,1238520,146,0.801913,3096
1049000,1238520,146,0.797590,3096
1050920,1238520,145,0.795025,3112
1051120,1238520,144,0.794756,3112
1053376,1238520,144,0.791609,3112
1049816,1238520,145,0.796432,3112
1048592,1238520,146,0.798039,3112
1050880,1238520,146,0.794950,3112
1051808,1238520,145,0.793674,3128
1050128,1238520,145,0.795997,3128
1048960,1238520,146,0.797538,3128
1047376,1238520,147,0.799611,3112
1050608,1238520,147,0.795314,3112
1050584,1238520,147,0.795411,3112
1050976,1238520,146,0.794874,3120
1050808,1238520,147,0.795100,3120
1053384,1238520,147,0.791520,3120
1052072,1238520,147,0.793391,3120
1055200,1238520,147,0.788969,3120
1052392,1238520,148,0.792899,3112
1055520,1238520,148,0.788455,3112
1056320,1238520,148,0.787236,3112
1054144,1238520,149,0.790336,3112
1054104,1238520,148,0.790527,3112
1056472,1238520,148,0.787086,3112
1059760,1238520,148,0.782144,3112
1062224,1238520,148,0.778269,3112
1060032,1238520,148,0.781804,3064
1064032,1238520,148,0.775470,3064
1061360,1238520,149,0.779692,3064
1061032,1238520,150,0.780211,3056
1058880,1238520,151,0.783482,3056
1058344,1238520,152,0.784281,3056
1060640,1238520,152,0.780741,3056
1059968,1238520,153,0.781767,3056
1062248,1238520,153,0.778168,3056
1064016,1238520,153,0.775277,3056
1066944,1238520,153,0.770373,3056
1069272,1238520,153,0.766300,3056
1065384,1238520,154,0.772943,3024
1065344,1238520,155,0.773009,3024
1061744,1238520,155,0.778858,3024
1060192,1238520,156,0.781267,3016
1061016,1238520,156,0.779927,3016
1058552,1238520,156,0.783745,3016
1057696,1238520,156,0.785087,3016
1060232,1238520,156,0.781206,3016
1059664,1238520,157,0.782083,3008
1057952,1238520,157,0.784720,3008
1060616,1238520,157,0.780630,3008
1057328,1238520,157,0.785640,3008
1060816,1238520,157,0.780322,3008
1062760,1238520,156,0.777259,3024
1063344,1238520,155,0.776305,3040
1067320,1238520,155,0.769683,3040
1068808,1238520,155,0.767052,3040
1065528,1238520,155,0.772680,3040
1066360,1238520,154,0.771232,3080
1066024,1238520,154,0.771872,3080
1069432,1238520,154,0.765979,3080
1065992,1238520,154,0.771925,3080
1065256,1238520,155,0.773167,3064
1066384,1238520,154,0.771272,3080
1065368,1238520,155,0.772957,3080
1061936,1238520,156,0.778482,3072
1065968,1238520,156,0.771898,3072
1066792,1238520,155,0.770467,3104
1069360,1238520,155,0.765979,3104
1070328,1238520,154,0.764188,3152
1067360,1238520,154,0.769426,3152
1070976,1238520,154,0.763032,3152
1069760,1238520,154,0.765277,3152
1066272,1238520,154,0.771338,3152
1064720,1238520,155,0.773901,3152
1064584,1238520,156,0.774123,3152
1068040,1238520,156,0.768265,3152
1064248,1238520,156,0.774734,3112
1063280,1238520,157,0.776368,3064
1065424,1238520,156,0.772878,3072
1063760,1238520,156,0.775663,3072
1063376,1238520,156,0.776356,3072
1066096,1238520,156,0.771845,3072
1066072,1238520,156,0.771965,3072
1067552,1238520,156,0.769398,3072
1067080,1238520,157,0.770251,3040
1068520,1238520,156,0.767743,3072
1071448,1238520,156,0.762500,3072
1072712,1238520,155,0.760186,3080
1074096,1238520,154,0.757602,3088
1075216,1238520,153,0.755390,3136
1074160,1238520,153,0.757482,3136
1073024,1238520,154,0.759597,3136
1072088,1238520,155,0.761341,3120
1068680,1238520,154,0.767550,3120
1068736,1238520,153,0.767453,3120
1072664,1238520,152,0.760421,3144
1075728,1238520,152,0.754577,3144
1078880,1238520,152,0.748263,3144
1079344,1238520,151,0.747321,3144
1075288,1238520,152,0.755329,3144
1073000,1238520,153,0.759627,3144
1073544,1238520,152,0.758589,3160
1071384,1238520,153,0.762543,3160
1072360,1238520,152,0.760699,3200
1071304,1238520,152,0.762730,3184
1074920,1238520,152,0.755955,3184
1072928,1238520,152,0.759774,3184
1071968,1238520,152,0.761618,3184
1072592,1238520,151,0.760480,3184
1072432,1238520,152,0.760773,3184
1076488,1238520,152,0.753029,3184
1078224,1238520,151,0.749568,3200
1078696,1238520,150,0.748619,3200
1076720,1238520,151,0.752545,3200
1079080,1238520,151,0.747744,3200
1075512,1238520,151,0.754885,3200
1073864,1238520,151,0.758096,3200
1074248,1238520,150,0.757377,3200
1077816,1238520,150,0.750383,3200
1076312,1238520,151,0.753387,3176
1079496,1238520,151,0.746945,3176
1076624,1238520,150,0.752873,3176
1073712,1238520,151,0.758425,3176
1072160,1238520,152,0.761283,3176
1072744,1238520,151,0.760172,3200
1072168,1238520,152,0.761225,3200
1070368,1238520,153,0.764458,3200
1069536,1238520,154,0.765923,3200
1066544,1238520,153,0.771205,3200
1067640,1238520,152,0.769344,3208
1069152,1238520,151,0.766718,3224
1069184,1238520,150,0.766663,3224
1070320,1238520,150,0.764586,3224
1071688,1238520,149,0.762081,3256
1072760,1238520,148,0.760069,3288
1072040,1238520,149,0.761400,3280
1068896,1238520,149,0.767065,3280
1069264,1238520,148,0.766412,3288
1069424,1238520,147,0.766133,3288
1065488,1238520,147,0.772891,3288
1063288,1238520,147,0.776534,3288
1063776,1238520,146,0.775741,3296
1064344,1238520,145,0.774812,3304
1061568,1238520,146,0.779219,3304
1058576,1238520,145,0.783924,3304
1059560,1238520,144,0.782374,3352
1057808,1238520,144,0.785063,3352
1056440,1238520,145,0.787109,3320
1057600,1238520,145,0.785346,3320
1056152,1238520,146,0.787514,3280
1057248,1238520,146,0.785851,3280
1057088,1238520,147,0.786085,3280
1060888,1238520,147,0.780310,3280
1063928,1238520,147,0.775445,3280
1067952,1238520,147,0.768690,3280
1064008,1238520,146,0.775393,3280
1065840,1238520,145,0.772402,3280
1062680,1238520,145,0.777588,3280
1066336,1238520,145,0.771579,3280
1062360,1238520,146,0.778017,3280
1058592,1238520,145,0.783936,3280
1055256,1238520,146,0.788798,3280
1055424,1238520,145,0.788558,3280
1055456,1238520,144,0.788512,3280
1054096,1238520,145,0.790449,3272
1057528,1238520,145,0.785452,3272
1060592,1238520,145,0.780777,3272
1057064,1238520,145,0.786132,3272
1055776,1238520,145,0.788066,3272
1056080,1238520,144,0.787629,3272
1060080,1238520,144,0.781634,3272
1059808,1238520,145,0.782059,3264
1056192,1238520,145,0.787479,3264
1056584,1238520,144,0.786900,3272
1055424,1238520,145,0.788570,3272
1058480,1238520,145,0.784043,3272
1058352,1238520,146,0.784234,3272
1055800,1238520,146,0.788043,3264
1054080,1238520,146,0.790550,3264
1053064,1238520,146,0.792052,3248
1055808,1238520,145,0.788146,3280
1058336,1238520,145,0.784388,3280
1056016,1238520,144,0.787917,3280
1052464,1238520,145,0.792921,3264
1052024,1238520,146,0.793533,3256
1054592,1238520,146,0.789909,3256
1057576,1238520,146,0.785546,3256
1055776,1238520,146,0.788226,3256
1056248,1238520,145,0.787514,3280
1056512,1238520,144,0.787132,3280
1053600,1238520,145,0.791264,3280
1054232,1238520,144,0.790348,3304
1058032,1238520,144,0.784803,3304
1055152,1238520,145,0.788980,3304
1055896,1238520,144,0.787905,3312
1052896,1238520,145,0.792129,3312
1048840,1238520,146,0.797580,3312
1045200,1238520,147,0.802233,3312
1047216,1238520,146,0.799662,3328
1047680,1238520,145,0.799024,3360
1047776,1238520,144,0.798900,3360
1050968,1238520,144,0.794627,3360
1047944,1238520,145,0.798642,3344
1046464,1238520,145,0.800601,3344
1050208,1238520,145,0.795667,3344
1051968,1238520,144,0.793293,3344
1049936,1238520,145,0.796029,3344
1047152,1238520,146,0.799662,3344
1049864,1238520,146,0.796061,3344
1047608,1238520,146,0.799076,3344
1049680,1238520,146,0.796305,3344
1050824,1238520,145,0.794756,3360
1053072,1238520,144,0.791631,3400
1051488,1238520,143,0.793967,3376
1053672,1238520,143,0.790896,3376
1052048,1238520,143,0.793205,3376
1054496,1238520,143,0.789739,3376
1051304,1238520,143,0.794271,3336
1049472,1238520,144,0.796718,3336
1053296,1238520,144,0.791476,3336
1055096,1238520,143,0.788946,3336
1053184,1238520,143,0.791698,3336
1054216,1238520,142,0.790258,3336
1051448,1238520,142,0.794184,3304
1054416,1238520,141,0.790089,3304
1051224,1238520,141,0.794551,3304
1050752,1238520,142,0.795218,3280
1054688,1238520,142,0.789739,3280
1052928,1238520,142,0.792262,3280
1055744,1238520,142,0.788238,3280
1057608,1238520,142,0.785464,3280
1055328,1238520,143,0.788764,3280
1057488,1238520,142,0.785640,3280
1053808,1238520,143,0.790908,3280
1050864,1238520,142,0.795068,3280
1052240,1238520,141,0.793195,3288
1050304,1238520,141,0.795869,3288
1053248,1238520,141,0.791809,3288
1054104,1238520,141,0.790550,3288
1053944,1238520,141,0.790841,3288
1056016,1238520,141,0.787836,3288
1055544,1238520,141,0.788581,3288
1057936,1238520,141,0.785040,3288
1055864,1238520,141,0.788123,3288
1058680,1238520,141,0.783936,3288
1058112,1238520,142,0.784791,3280
1061064,1238520,142,0.780260,3280
1058520,1238520,142,0.784186,3280
1056888,1238520,142,0.786656,3280
1060192,1238520,142,0.781670,3280
1063168,1238520,142,0.776967,3280
1061768,1238520,143,0.779169,3280
1058208,1238520,143,0.784649,3280
1056648,1238520,142,0.787074,3280
1054648,1238520,143,0.789988,3240
1055168,1238520,142,0.789196,3280
1053552,1238520,142,0.791598,3232
1056048,1238520,142,0.788008,3232
1058760,1238520,142,0.783972,3232
1060576,1238520,141,0.781206,3248
1059264,1238520,141,0.783338,3200
1062912,1238520,141,0.777652,3200
1063160,1238520,140,0.777259,3200
1060384,1238520,140,0.781658,3192
1061440,1238520,139,0.780038,3192
1057360,1238520,139,0.786237,3192
1054096,1238520,139,0.790963,3192
1054384,1238520,138,0.790550,3200
1057552,1238520,138,0.785945,3200
1055152,1238520,138,0.789468,3200
1051632,1238520,139,0.794336,3200
1055224,1238520,139,0.789298,3200
1058104,1238520,139,0.785063,3200
1054856,1238520,139,0.789818,3200
1058744,1238520,139,0.784115,3200
1054712,1238520,140,0.789954,3200
1057256,1238520,140,0.786237,3200
1056432,1238520,140,0.787502,3200
1054800,1238520,140,0.789897,3200
1057880,1238520,140,0.785393,3200
1058248,1238520,139,0.784839,3208
1056696,1238520,139,0.787179,3208
1058512,1238520,138,0.784471,3240
1054920,1238520,138,0.789739,3240
1055576,1238520,137,0.788786,3256
1054912,1238520,138,0.789728,3256
1057192,1238520,137,0.786459,3256
1054112,1238520,138,0.790852,3256
1056168,1238520,137,0.787940,3256
1054560,1238520,137,0.790291,3256
1052168,1238520,137,0.793663,3256
1054928,1238520,137,0.789773,3256
1059024,1238520,137,0.783757,3256
1058864,1238520,138,0.784008,3248
1056336,1238520,139,0.787709,3248
1056944,1238520,138,0.786819,3256
1057192,1238520,137,0.786447,3264
1056584,1238520,137,0.787398,3264
1059048,1238520,137,0.783709,3264
1055200,1238520,138,0.789309,3264
1054840,1238520,139,0.789830,3256
1052592,1238520,140,0.792965,3248
1056032,1238520,140,0.788077,3248
1056112,1238520,139,0.787951,3256
1058928,1238520,139,0.783757,3256
1058872,1238520,140,0.783841,3256
1060080,1238520,139,0.781974,3288
1056984,1238520,140,0.786575,3288
1058576,1238520,140,0.784162,3288
1057968,1238520,141,0.785075,3280
1059976,1238520,140,0.782035,3304
1058864,1238520,141,0.783733,3288
1061648,1238520,141,0.779418,3288
1058768,1238520,141,0.783888,3280
1057216,1238520,141,0.786284,3256
1053288,1238520,141,0.791963,3232
1051528,1238520,142,0.794368,3232
1048880,1238520,143,0.797883,3232
1048296,1238520,144,0.798652,3224
1049624,1238520,143,0.796918,3224
1051864,1238520,142,0.793902,3240
1049560,1238520,143,0.796981,3240
1048624,1238520,144,0.798206,3240
1051720,1238520,144,0.794033,3240
1049280,1238520,143,0.797443,3216
1050344,1238520,143,0.795976,3216
1053888,1238520,143,0.791086,3216
1052136,1238520,144,0.793500,3216
1054968,1238520,144,0.789502,3216
1058160,1238520,144,0.784815,3216
1061640,1238520,144,0.779468,3216
1058184,1238520,143,0.784850,3216
1061520,1238520,143,0.779729,3216
1063504,1238520,143,0.776534,3216
1062408,1238520,143,0.778357,3208
1062440,1238520,142,0.778306,3208
1061176,1238520,143,0.780285,3200
1058576,1238520,144,0.784293,3152
1059080,1238520,143,0.783542,3152
1056512,1238520,144,0.787317,3152
1059040,1238520,143,0.783542,3192
1058576,1238520,143,0.784353,3160
1059376,1238520,142,0.783158,3160
1055992,1238520,142,0.788192,3160
1052432,1238520,142,0.793238,3160
1051760,1238520,143,0.794163,3152
1049224,1238520,143,0.797601,3152
1052704,1238520,143,0.792877,3152
1048768,1238520,143,0.798195,3152
1047144,1238520,143,0.789686,3152
1047664,1238520,143,0.788921,3152
1050064,1238520,143,0.785562,3152
1052800,1238520,143,0.781609,3152
1049824,1238520,143,0.785896,3152
1051256,1238520,142,0.783887,3152
1053888,1238520,141,0.780071,3168
1053936,1238520,140,0.780001,3168
1053120,1238520,140,0.781273,3160
1049408,1238520,140,0.786594,3160
1049496,1238520,139,0.786473,3160
1052576,1238520,139,0.782059,3160
1050536,1238520,140,0.784958,3160
1051416,1238520,140,0.783649,3160
1047464,1238520,140,0.789180,3160
1044760,1238520,141,0.792762,3160
1041736,1238520,142,0.796626,3160
1039456,1238520,143,0.799445,3160
1038104,1238520,142,0.801215,3144
1035440,1238520,142,0.804412,3144
1034008,1238520,143,0.806059,3144
1033864,1238520,144,0.806223,3144
1032592,1238520,144,0.807714,3144
1031536,1238520,145,0.808890,3144
1030400,1238520,145,0.810192,3144
1027168,1238520,145,0.813709,3144
1028560,1238520,144,0.812224,3152
1031760,1238520,144,0.808686,3152
1033016,1238520,143,0.807228,3200
1029952,1238520,144,0.810620,3200
1027384,1238520,144,0.813422,3200
1026344,1238520,144,0.814563,3200
1026640,1238520,143,0.814254,3200
1030336,1238520,143,0.810254,3200
1030424,1238520,142,0.810149,3208
1026880,1238520,142,0.813994,3208
1027120,1238520,141,0.813742,3208
1027216,1238520,140,0.813641,3208
1023952,1238520,140,0.817065,3208
1025616,1238520,139,0.815311,3256
1023800,1238520,138,0.817300,3224
1023864,1238520,137,0.817235,3224
1027056,1238520,137,0.813894,3224
1024240,1238520,137,0.816894,3184
1022000,1238520,137,0.819198,3176
1022688,1238520,136,0.818498,3192
1019104,1238520,137,0.822008,3192
1018040,1238520,137,0.823070,3192
1019600,1238520,137,0.821531,3192
1023016,1238520,137,0.818122,3192
1025872,1238520,137,0.815162,3192
1024912,1238520,138,0.816200,3144
1026712,1238520,138,0.814288,3144
1028344,1238520,138,0.812514,3144
1028848,1238520,137,0.811976,3144
1029032,1238520,136,0.811778,3144
1032224,1238520,136,0.808233,3144
1031384,1238520,137,0.809165,3144
1027816,1238520,137,0.813075,3144
1031536,1238520,136,0.809041,3152
1034496,1238520,136,0.805656,3152
1035952,1238520,135,0.803937,3184
1037248,1238520,134,0.802396,3200
1034056,1238520,134,0.806159,3200
1033368,1238520,135,0.806958,3184
1032152,1238520,136,0.808322,3184
1034872,1238520,135,0.805243,3184
1037768,1238520,135,0.801798,3184
1040832,1238520,135,0.798021,3184
1042128,1238520,134,0.796365,3216
1045504,1238520,134,0.791967,3216
1044576,1238520,135,0.793199,3200
1044640,1238520,134,0.793116,3200
1041096,1238520,134,0.797674,3200
1043224,1238520,133,0.794957,3232
1042256,1238520,134,0.796194,3224
1040560,1238520,134,0.798367,3224
1039648,1238520,133,0.799601,3224
1041728,1238520,133,0.796977,3224
1041640,1238520,134,0.797086,3224
1041176,1238520,135,0.797704,3192
1044064,1238520,135,0.793994,3192
1047992,1238520,135,0.788748,3192
1050808,1238520,135,0.784801,3192
1053864,1238520,135,0.780353,3192
1055512,1238520,135,0.777844,3192
1054576,1238520,135,0.779306,3192
1058456,1238520,135,0.773349,3192
1057632,1238520,135,0.774749,3160
1055048,1238520,136,0.778655,3160
1059128,1238520,136,0.772348,3160
1061848,1238520,135,0.767967,3176
1058840,1238520,135,0.751804,3176
1055504,1238520,135,0.757457,3176
1056584,1238520,134,0.755601,3224
1056552,1238520,135,0.755654,3224
1058816,1238520,134,0.751818,3240
1060016,1238520,133,0.749750,3240
1057704,1238520,134,0.753785,3192
1053680,1238520,134,0.760449,3192
1055272,1238520,134,0.757809,3192
1052392,1238520,134,0.762482,3192
1053048,1238520,133,0.761438,3200
1055360,1238520,132,0.757652,3248
1053952,1238520,132,0.760040,3224
1051320,1238520,133,0.764198,3208
1055368,1238520,133,0.757705,3208
1053272,1238520,133,0.761147,3208
1052968,1238520,133,0.761716,3200
1052688,1238520,134,0.762156,3200
1054128,1238520,133,0.759810,3240
1052144,1238520,133,0.763019,3240
1048264,1238520,133,0.768986,3240
1051824,1238520,133,0.763517,3240
1053984,1238520,133,0.760040,3240
1056728,1238520,133,0.755495,3240
1055496,1238520,134,0.757535,3232
1055680,1238520,133,0.757234,3232
1057720,1238520,132,0.753852,3232
1058952,1238520,131,0.751750,3240
1058296,1238520,132,0.752893,3224
1057536,1238520,132,0.754322,3184
1055912,1238520,132,0.757090,3184
1059840,1238520,132,0.750402,3184
1057440,1238520,132,0.754563,3184
1055744,1238520,133,0.757417,3152
1054048,1238520,134,0.760155,3152
1057064,1238520,134,0.755163,3152
1056216,1238520,135,0.756579,3144
1053152,1238520,135,0.761590,3144
1054448,1238520,134,0.759464,3184
1058472,1238520,134,0.752744,3184
1058720,1238520,133,0.752296,3200
1054920,1238520,134,0.758600,3200
1051032,1238520,134,0.764801,3200
1054624,1238520,134,0.759078,3200
1054712,1238520,133,0.758936,3200
1052632,1238520,134,0.762307,3160
1056728,1238520,133,0.755707,3160
1056264,1238520,134,0.756473,3160
1056560,1238520,133,0.755959,3176
1059040,1238520,133,0.751709,3176
1060408,1238520,132,0.749318,3192
1060144,1238520,133,0.749778,3192
1061216,1238520,132,0.747845,3224
1063144,1238520,131,0.744339,3256
1059352,1238520,130,0.751201,3256
1061592,1238520,129,0.747208,3304
1061416,1238520,130,0.747534,3296
1057648,1238520,131,0.754054,3280
1054584,1238520,131,0.759168,3280
1057280,1238520,131,0.754670,3280
1057248,1238520,132,0.754723,3280
1058776,1238520,132,0.752064,3280
1062480,1238520,132,0.745495,3280
1060848,1238520,132,0.748479,3280
1059352,1238520,131,0.751242,3280
1056608,1238520,131,0.755946,3280
1058112,1238520,131,0.753353,3280
1061416,1238520,131,0.747562,3280
1064936,1238520,131,0.741092,3280
1061768,1238520,131,0.746939,3280
1063296,1238520,131,0.744107,3280
1067112,1238520,131,0.736888,3280
1064496,1238520,131,0.741937,3264
1067656,1238520,131,0.735870,3264
1066824,1238520,132,0.737471,3264
1063856,1238520,132,0.743115,3264
1059776,1238520,133,0.750374,3264
1057760,1238520,134,0.753839,3248
1056768,1238520,135,0.755509,3240
1054600,1238520,135,0.759130,3240
1056288,1238520,134,0.756328,3272
1060072,1238520,134,0.749847,3272
1062536,1238520,134,0.745408,3272
1065776,1238520,134,0.739354,3272
1069632,1238520,134,0.731781,3272
1070248,1238520,133,0.730546,3272
1067552,1238520,133,0.735963,3272
1065904,1238520,133,0.739203,3272
1066936,1238520,132,0.737195,3296
1066296,1238520,132,0.738507,3296
1069008,1238520,132,0.733164,3296
1066176,1238520,132,0.738735,3296
1064960,1238520,132,0.741181,3256
1067328,1238520,132,0.736611,3256
1066112,1238520,132,0.739022,3256
1064744,1238520,133,0.741612,3240
1065976,1238520,133,0.739219,3240
1069656,1238520,133,0.731989,3240
1072648,1238520,133,0.725790,3240
1071848,1238520,134,0.727449,3240
1069032,1238520,135,0.733132,3240
1072352,1238520,134,0.726356,3264
1068512,1238520,135,0.734108,3264
1071032,1238520,135,0.728974,3264
1074896,1238520,135,0.720759,3264
1076000,1238520,135,0.718244,3264
1075536,1238520,136,0.719280,3256
1073960,1238520,136,0.722786,3256
1075792,1238520,136,0.718719,3256
1077808,1238520,135,0.714186,3272
1074152,1238520,135,0.722342,3272
1076904,1238520,135,0.716220,3272
1073224,1238520,136,0.724212,3272
1069368,1238520,136,0.732212,3272
1070336,1238520,135,0.730256,3280
1073200,1238520,135,0.724246,3280
1071080,1238520,135,0.728745,3280
1067384,1238520,136,0.736087,3280
1069912,1238520,136,0.731013,3280
1072416,1238520,136,0.725790,3280
1068600,1238520,137,0.733527,3280
1065840,1238520,136,0.739037,3280
1067488,1238520,136,0.735793,3280
1069576,1238520,135,0.731638,3304
1069176,1238520,135,0.732562,3288
1071992,1238520,135,0.726754,3288
1071840,1238520,136,0.727069,3288
1072992,1238520,136,0.724566,3288
1072000,1238520,136,0.726754,3280
1072720,1238520,135,0.725238,3288
1069064,1238520,134,0.732879,3288
1071936,1238520,134,0.726970,3288
1069328,1238520,135,0.732260,3288
1070744,1238520,134,0.729397,3296
1070728,1238520,135,0.729429,3296
1070544,1238520,135,0.729900,3296
1074520,1238520,135,0.721501,3296
1076400,1238520,135,0.717289,3296
1075800,1238520,135,0.718719,3296
1076376,1238520,134,0.717449,3296
1074600,1238520,133,0.721535,3296
1074256,1238520,133,0.722376,3296
1076344,1238520,132,0.717767,3328
1076552,1238520,131,0.717307,3328
1075488,1238520,132,0.719647,3328
1074048,1238520,132,0.722940,3288
1070808,1238520,133,0.729673,3288
1067504,1238520,133,0.736303,3288
1066144,1238520,134,0.738901,3288
1065080,1238520,134,0.740988,3288
1062488,1238520,135,0.745753,3272
1065288,1238520,135,0.740540,3272
1066416,1238520,135,0.738325,3272
1070504,1238520,134,0.730304,3280
1074168,1238520,133,0.722684,3288
1073584,1238520,134,0.723958,3272
1074536,1238520,133,0.721914,3280
1075272,1238520,132,0.720325,3280
1071848,1238520,133,0.727564,3280
1069792,1238520,133,0.731829,3280
1070056,1238520,132,0.731301,3280
1073296,1238520,132,0.724549,3280
1077040,1238520,131,0.716328,3328
1077864,1238520,130,0.714458,3336
1074824,1238520,130,0.721329,3312
1077416,1238520,129,0.715593,3328
1074552,1238520,129,0.721982,3328
1076464,1238520,129,0.717714,3328
1075480,1238520,130,0.719978,3280
1074864,1238520,131,0.721311,3280
1076744,1238520,131,0.717094,3280
1077048,1238520,130,0.716346,3312
1075184,1238520,131,0.720447,3312
1076056,1238520,131,0.718438,3312
1073336,1238520,131,0.724431,3296
1072176,1238520,131,0.726953,3296
1070200,1238520,130,0.731221,3272
1068200,1238520,130,0.735265,3272
1068880,1238520,129,0.733936,3272
1072336,1238520,129,0.726870,3272
1072736,1238520,128,0.726007,3288
1072976,1238520,127,0.725472,3304
1070416,1238520,128,0.730723,3304
1068304,1238520,129,0.734953,3280
1066976,1238520,130,0.737517,3280
1065144,1238520,130,0.741062,3280
1065064,1238520,131,0.741226,3272
1066096,1238520,130,0.739294,3272
1069664,1238520,130,0.732291,3272
1069336,1238520,131,0.732958,3264
1072560,1238520,131,0.726323,3264
1070728,1238520,132,0.730078,3264
1067672,1238520,133,0.736118,3264
1071152,1238520,133,0.729120,3264
1069088,1238520,133,0.733353,3264
1071768,1238520,133,0.727860,3264
1067984,1238520,134,0.735420,3264
1065552,1238520,135,0.740061,3264
1064344,1238520,136,0.742321,3256
1066864,1238520,135,0.737517,3296
1063936,1238520,136,0.742997,3296
1066968,1238520,136,0.737226,3296
1069656,1238520,136,0.731877,3296
1069568,1238520,137,0.732053,3296
1070392,1238520,136,0.730369,3312
1069264,1238520,137,0.732657,3296
1071672,1238520,136,0.727745,3320
1069008,1238520,136,0.733211,3320
1072016,1238520,136,0.727036,3320
1073360,1238520,135,0.724195,3336
1073264,1238520,134,0.724600,3336
1072936,1238520,135,0.725305,3328
1073328,1238520,134,0.724482,3328
1071448,1238520,134,0.728484,3328
1068072,1238520,134,0.735311,3328
1069440,1238520,134,0.732530,3328
1071648,1238520,134,0.727975,3328
1075064,1238520,134,0.720672,3328
1076440,1238520,134,0.717555,3328
1077088,1238520,133,0.716113,3328
1080496,1238520,133,0.708169,3328
1078848,1238520,133,0.712122,3328
1074752,1238520,134,0.721242,3328
1076136,1238520,134,0.718120,3328
1074208,1238520,134,0.722479,3296
1070968,1238520,134,0.729332,3296
1073008,1238520,133,0.725121,3296
1075520,1238520,133,0.719647,3296
1075128,1238520,133,0.720603,3296
1078568,1238520,133,0.712838,3296
1081144,1238520,133,0.706706,3296
1083184,1238520,133,0.701636,3296
1082200,1238520,134,0.704047,3296
1085848,1238520,134,0.694783,3296
1083160,1238520,135,0.701577,3296
1083248,1238520,134,0.701359,3296
1082840,1238520,134,0.702483,3296
1084952,1238520,134,0.697082,3296
1083152,1238520,134,0.701715,3296
1085424,1238520,134,0.695875,3296
1082232,1238520,133,0.704086,3296
1080584,1238520,132,0.708263,3296
1084040,1238520,132,0.699747,3296
1087856,1238520,132,0.689760,3296
1085824,1238520,132,0.695217,3296
1086952,1238520,131,0.692239,3312
1086160,1238520,132,0.694307,3312
1084512,1238520,132,0.698642,3312
1087120,1238520,132,0.691797,3312
1084128,1238520,131,0.699727,3312
1088064,1238520,131,0.689417,3312
1090672,1238520,131,0.682142,3312
1090608,1238520,132,0.682321,3312
1092144,1238520,131,0.677892,3336
1089064,1238520,132,0.686521,3336
1091232,1238520,131,0.680474,3344
1091024,1238520,132,0.681062,3344
1091104,1238520,131,0.680836,3344
1087672,1238520,131,0.690378,3344
1087040,1238520,131,0.692239,3320
1090344,1238520,131,0.683170,3320
1088720,1238520,132,0.687717,3288
1090080,1238520,132,0.683860,3288
1090664,1238520,131,0.682187,3304
1088752,1238520,131,0.687587,3304
1089032,1238520,130,0.686805,3312
1086056,1238520,130,0.694825,3312
1083352,1238520,130,0.701774,3312
1085736,1238520,130,0.695649,3312
1082296,1238520,131,0.704241,3312
1078472,1238520,132,0.713240,3312
1075384,1238520,133,0.720117,3312
1076680,1238520,132,0.717200,3344
1072592,1238520,133,0.726007,3336
1071144,1238520,133,0.729088,3336
1068856,1238520,134,0.733668,3336
1066264,1238520,133,0.738856,3336
1063784,1238520,133,0.743553,3336
1060224,1238520,134,0.749889,3336
1057688,1238520,135,0.754215,3336
1061784,1238520,134,0.747152,3336
1062696,1238520,133,0.745466,3368
1059424,1238520,133,0.751297,3368
1055744,1238520,134,0.757457,3368
1059536,1238520,133,0.751050,3400
1060440,1238520,133,0.749402,3400
1057032,1238520,134,0.755203,3400
1059856,1238520,134,0.750333,3400
1061640,1238520,133,0.747123,3448
1064312,1238520,133,0.742203,3448
1066768,1238520,133,0.737501,3448
1063952,1238520,134,0.742777,3448
1063152,1238520,135,0.744238,3448
1064304,1238520,135,0.742041,3448
1063904,1238520,136,0.742807,3432
1060856,1238520,136,0.748366,3432
1061608,1238520,135,0.746953,3480
1060952,1238520,136,0.748113,3480
1062856,1238520,136,0.744629,3480
1061560,1238520,137,0.746981,3464
1058872,1238520,136,0.751832,3464
1062888,1238520,136,0.744687,3464
1066072,1238520,136,0.738704,3464
1066400,1238520,135,0.738081,3464
1069840,1238520,134,0.731366,3464
1073816,1238520,134,0.723059,3464
1070032,1238520,134,0.730981,3464
1073112,1238520,133,0.724633,3472
1069312,1238520,134,0.732403,3472
1066744,1238520,135,0.737410,3472
1069704,1238520,135,0.731526,3472
1066888,1238520,135,0.737134,3472
1067888,1238520,134,0.735202,3472
1064736,1238520,135,0.741196,3472
1067936,1238520,135,0.735016,3472
1069336,1238520,135,0.732164,3472
1070016,1238520,134,0.730804,3472
1071504,1238520,134,0.727679,3472
1073688,1238520,134,0.723008,3472
1070336,1238520,135,0.729997,3456
1073264,1238520,135,0.723840,3456
1071432,1238520,135,0.727762,3456
1070712,1238520,136,0.729251,3448
1073656,1238520,135,0.723127,3448
1071856,1238520,135,0.727003,3448
1072512,1238520,134,0.725623,3456
1074280,1238520,134,0.721776,3456
1074976,1238520,133,0.720273,3456
1073288,1238520,134,0.723958,3424
1072784,1238520,134,0.725121,3424
1075880,1238520,134,0.718367,3424
1077664,1238520,134,0.714277,3424
1076456,1238520,135,0.716987,3424
1074672,1238520,136,0.721001,3376
1076256,1238520,136,0.717431,3376
1077872,1238520,136,0.713696,3376
1074080,1238520,137,0.722137,3344
1076896,1238520,136,0.715970,3344
1072824,1238520,137,0.724801,3344
1070104,1238520,138,0.730401,3344
1073472,1238520,138,0.723331,3344
1072656,1238520,139,0.725154,3296
1075232,1238520,138,0.719629,3304
1075816,1238520,137,0.718279,3336
1075000,1238520,138,0.720152,3296
1074512,1238520,138,0.721329,3288
1070680,1238520,138,0.729446,3288
1073592,1238520,138,0.723297,3288
1075440,1238520,138,0.719210,3288
1079504,1238520,137,0.710010,3296
1078432,1238520,138,0.712563,3264
1079528,1238520,137,0.710010,3272
1077240,1238520,138,0.715252,3272
1074000,1238520,139,0.722359,3272
1070376,1238520,139,0.729997,3272
1070864,1238520,139,0.728908,3272
1073528,1238520,139,0.723263,3272
1073632,1238520,138,0.723042,3272
1072720,1238520,139,0.725037,3240
1070560,1238520,139,0.713025,3240
1070232,1238520,140,0.713730,3240
1066720,1238520,141,0.721062,3240
1070152,1238520,141,0.713798,3240
1072336,1238520,141,0.708937,3240
1074768,1238520,141,0.703338,3240
1077904,1238520,141,0.695826,3240
1077600,1238520,141,0.696676,3240
1074656,1238520,141,0.703706,3240
1070704,1238520,142,0.712508,3240
1069008,1238520,143,0.716126,3240
1068960,1238520,144,0.716227,3240
1066616,1238520,144,0.721257,3200
1068984,1238520,144,0.716261,3200
1072072,1238520,144,0.709503,3200
1069048,1238520,145,0.716025,3200
1065200,1238520,146,0.723913,3200
1067608,1238520,146,0.718930,3200
1068336,1238520,145,0.717418,3200
1069784,1238520,145,0.714260,3200
1068632,1238520,145,0.716799,3200
1069504,1238520,145,0.714857,3200
1067704,1238520,145,0.718732,3200
1067224,1238520,146,0.719721,3200
1064688,1238520,147,0.724882,3176
1065656,1238520,147,0.722857,3176
1066288,1238520,146,0.721582,3176
1065160,1238520,147,0.723881,3160
1064408,1238520,148,0.725467,3112
1065096,1238520,147,0.724072,3128
1065064,1238520,147,0.724231,3128
1061624,1238520,147,0.730996,3128
1064976,1238520,147,0.724406,3128
1061968,1238520,147,0.730344,3128
1063424,1238520,147,0.727454,3128
1064744,1238520,147,0.724771,3128
1065784,1238520,146,0.722664,3144
1064472,1238520,147,0.725277,3144
1062528,1238520,147,0.729183,3128
1065856,1238520,147,0.722551,3128
1066096,1238520,146,0.722003,3160
1067024,1238520,146,0.720016,3160
1067536,1238520,145,0.718897,3192
1068784,1238520,145,0.716194,3192
1070240,1238520,145,0.712991,3192
1066248,1238520,146,0.721338,3192
1069968,1238520,146,0.713472,3192
1068064,1238520,146,0.717602,3192
1065104,1238520,146,0.723737,3192
1062320,1238520,147,0.729183,3192
1062896,1238520,147,0.727981,3192
1061520,1238520,147,0.730709,3192
1062200,1238520,146,0.729337,3232
1065704,1238520,146,0.722358,3232
1064848,1238520,146,0.724168,3232
1067120,1238520,146,0.719474,3232
1064544,1238520,146,0.724771,3232
1062280,1238520,147,0.729214,3216
1062976,1238520,147,0.727780,3216
1059848,1238520,147,0.733797,3216
1061872,1238520,146,0.729963,3232
1063544,1238520,146,0.726644,3232
1060600,1238520,147,0.732277,3232
1061224,1238520,146,0.731012,3280
1061328,1238520,145,0.730800,3288
1058648,1238520,144,0.735958,3288
1061112,1238520,144,0.731299,3288
1060384,1238520,145,0.732666,3288
1063592,1238520,145,0.726440,3288
1060920,1238520,145,0.731661,3288
1057464,1238520,145,0.738099,3288
1058760,1238520,144,0.735725,3304
1062072,1238520,143,0.729459,3344
1058568,1238520,143,0.736090,3344
1059552,1238520,143,0.734197,3344
1057280,1238520,143,0.738414,3344
1058120,1238520,142,0.736874,3360
1057384,1238520,143,0.738200,3360
1061280,1238520,142,0.730981,3384
1059896,1238520,142,0.733679,3376
1063448,1238520,142,0.726831,3376
1060808,1238520,142,0.731977,3376
1062240,1238520,142,0.729168,3376
1062080,1238520,141,0.729658,3376
1063088,1238520,141,0.727625,3376
1062992,1238520,142,0.727811,3376
1060872,1238520,141,0.732067,3360
1062192,1238520,141,0.729474,3360
1064376,1238520,141,0.725135,3360
1061048,1238520,141,0.731646,3360
1062248,1238520,140,0.729337,3376
1059664,1238520,140,0.734330,3352
1062200,1238520,140,0.729474,3352
1061072,1238520,140,0.731706,3352
1058344,1238520,141,0.736744,3352
1056032,1238520,142,0.740951,3304
1060024,1238520,141,0.733753,3304
1063984,1238520,141,0.726111,3304
1067904,1238520,140,0.718168,3320
1063808,1238520,141,0.726425,3320
1065528,1238520,141,0.722921,3320
1061960,1238520,142,0.729902,3320
1063360,1238520,142,0.727112,3320
1063112,1238520,143,0.727609,3312
1065232,1238520,143,0.723338,3312
1062240,1238520,144,0.729199,3312
1062904,1238520,143,0.727904,3320
1061848,1238520,144,0.729948,3312
1061880,1238520,143,0.729887,3312
1060224,1238520,144,0.733009,3312
1061864,1238520,143,0.729887,3328
1061504,1238520,143,0.730678,3320
1063736,1238520,143,0.726284,3320
1062320,1238520,144,0.729045,3312
1062912,1238520,144,0.727811,3312
1062608,1238520,145,0.728399,3312
1066584,1238520,145,0.720409,3312
1064744,1238520,145,0.724216,3312
1064992,1238520,144,0.723721,3312
1062664,1238520,145,0.728291,3312
1063344,1238520,144,0.726878,3360
1062856,1238520,144,0.727919,3360
1059760,1238520,144,0.733871,3360
1061120,1238520,144,0.731238,3360
1064584,1238520,144,0.724438,3360
1061920,1238520,144,0.729719,3360
1058464,1238520,145,0.736162,3360
1060888,1238520,145,0.731585,3360
1060376,1238520,146,0.732606,3328
1062536,1238520,146,0.728414,3328
1060352,1238520,146,0.732651,3328
1057032,1238520,147,0.738757,3304
1054240,1238520,148,0.743646,3304
1054736,1238520,147,0.742763,3320
1050816,1238520,148,0.749397,3304
1054544,1238520,148,0.743040,3304
1052880,1238520,149,0.745962,3256
1055016,1238520,149,0.742222,3256
1053920,1238520,149,0.744195,3256
1050056,1238520,149,0.750717,3256
1050720,1238520,149,0.749555,3256
1053576,1238520,149,0.744700,3256
1055560,1238520,149,0.741190,3256
1054528,1238520,150,0.742985,3256
1057792,1238520,150,0.737134,3256
1055912,1238520,150,0.740572,3256
1052616,1238520,150,0.746326,3256
1052552,1238520,150,0.746514,3256
1056216,1238520,149,0.740177,3272
1058392,1238520,149,0.736192,3272
1060200,1238520,149,0.732771,3272
1063456,1238520,149,0.726456,3272
1067064,1238520,149,0.719112,3272
1066304,1238520,150,0.720671,3272
1068080,1238520,150,0.716900,3272
1065960,1238520,150,0.721371,3272
1066768,1238520,149,0.719672,3296
1064952,1238520,150,0.723354,3296
1067192,1238520,150,0.718699,3296
1064480,1238520,150,0.724295,3296
1062352,1238520,151,0.728460,3296
1059880,1238520,151,0.733233,3296
1060776,1238520,150,0.731555,3296
1063672,1238520,150,0.725892,3296
1063864,1238520,149,0.725514,3296
1063592,1238520,149,0.726143,3296
1063712,1238520,148,0.725907,3296
1061184,1238520,149,0.730860,3256
1064864,1238520,149,0.723610,3256
1062920,1238520,150,0.727470,3240
1064312,1238520,150,0.724644,3240
1060336,1238520,150,0.732397,3240
1058152,1238520,151,0.736424,3240
1057272,1238520,150,0.738185,3240
1055800,1238520,151,0.740867,3200
1053432,1238520,151,0.745041,3200
1049408,1238520,151,0.751778,3200
1052464,1238520,151,0.746675,3200
1056256,1238520,151,0.740064,3200
1056720,1238520,150,0.739213,3216
1059304,1238520,150,0.734448,3216
1060128,1238520,149,0.732860,3248
1058112,1238520,150,0.736599,3232
1058640,1238520,149,0.735564,3272
1058592,1238520,149,0.735740,3272
1055776,1238520,150,0.740783,3272
1059000,1238520,150,0.734904,3272
1062384,1238520,150,0.728445,3272
1061792,1238520,150,0.729673,3272
1065504,1238520,150,0.722293,3272
1067600,1238520,149,0.717935,3304
1065440,1238520,149,0.722454,3304
1067888,1238520,149,0.717335,3304
1065440,1238520,150,0.722358,3304
1065600,1238520,149,0.722035,3304
1063344,1238520,149,0.726613,3304
1067088,1238520,149,0.718996,3304
1064560,1238520,149,0.724216,3304
1062480,1238520,149,0.728383,3304
1059872,1238520,149,0.733411,3304
1058280,1238520,148,0.736511,3304
1057456,1238520,149,0.737999,3304
1054792,1238520,150,0.742694,3304
1052560,1238520,150,0.746581,3304
1049400,1238520,150,0.751881,3288
1050112,1238520,149,0.750652,3336
1048584,1238520,149,0.753188,3336
1049384,1238520,148,0.751907,3336
1052240,1238520,147,0.747224,3336
1055832,1238520,147,0.740994,3336
1058776,1238520,147,0.735637,3336
1057320,1238520,147,0.738357,3336
1058328,1238520,146,0.736497,3360
1059232,1238520,145,0.734757,3408
1063032,1238520,145,0.727485,3408
1066688,1238520,145,0.720098,3408
1068688,1238520,144,0.715873,3440
1066112,1238520,144,0.721306,3440
1065016,1238520,145,0.723530,3432
1061352,1238520,146,0.730678,3424
1061424,1238520,145,0.730542,3424
1063296,1238520,145,0.726847,3424
1060816,1238520,146,0.731601,3424
1058624,1238520,147,0.735667,3424
1060624,1238520,147,0.731871,3424
1064688,1238520,147,0.723913,3424
1061496,1238520,147,0.730222,3424
1061512,1238520,146,0.730192,3424
1065296,1238520,146,0.722696,3424
1063840,1238520,145,0.725781,3424
1064552,1238520,145,0.724279,3424
1061960,1238520,146,0.729367,3408
1058240,1238520,146,0.736395,3408
1058288,1238520,145,0.736308,3408
1057208,1238520,146,0.738343,3360
1058272,1238520,145,0.736424,3360
1062008,1238520,145,0.729367,3360
1059144,1238520,146,0.734743,3360
1057848,1238520,146,0.737250,3328
1057264,1238520,147,0.738343,3304
1057664,1238520,146,0.737582,3328
1053640,1238520,147,0.744632,3328
1056640,1238520,147,0.739327,3328
1057328,1238520,147,0.738013,3328
1055376,1238520,147,0.741554,3328
1058568,1238520,147,0.735769,3328
1056120,1238520,148,0.740163,3328
1054832,1238520,148,0.742500,3328
1051368,1238520,149,0.748368,3328
1050272,1238520,149,0.750248,3328
1050368,1238520,148,0.750091,3328
1052600,1238520,147,0.746339,3360
1052976,1238520,146,0.745705,3360
1050264,1238520,146,0.750287,3360
1050520,1238520,145,0.749869,3360
1048584,1238520,146,0.752996,3360
1050880,1238520,145,0.749279,3360
1050640,1238520,146,0.749699,3344
1047184,1238520,146,0.755310,3344
1050368,1238520,145,0.750209,3352
1049168,1238520,146,0.752151,3352
1052128,1238520,146,0.747224,3352
1054616,1238520,146,0.742916,3352
1055064,1238520,145,0.742139,3352
1056792,1238520,144,0.739057,3376
1054560,1238520,145,0.743026,3344
1056968,1238520,144,0.738729,3384
1055552,1238520,145,0.741232,3384
1052608,1238520,146,0.746285,3384
1050200,1238520,147,0.750274,3384
1052576,1238520,146,0.746285,3416
1049704,1238520,146,0.751132,3400
1049888,1238520,145,0.750821,3408
1047464,1238520,145,0.754770,3408
1051312,1238520,145,0.748488,3408
1052288,1238520,145,0.746782,3408
1050440,1238520,145,0.749922,3408
1048312,1238520,146,0.753404,3376
1051048,1238520,146,0.748897,3376
1047848,1238520,147,0.754064,3376
1048568,1238520,147,0.752843,3376
1051432,1238520,147,0.748103,3376
1055480,1238520,147,0.741120,3376
1052504,1238520,147,0.746312,3376
1048720,1238520,147,0.752600,3376
1045008,1238520,147,0.758474,3376
1047192,1238520,146,0.755084,3384
1050576,1238520,146,0.749581,3384
1054128,1238520,146,0.743536,3384
1052128,1238520,147,0.746983,3352
1048200,1238520,147,0.753468,3352
1050216,1238520,146,0.750209,3360
1050784,1238520,145,0.749213,3400
1048368,1238520,146,0.753188,3360
1047712,1238520,147,0.754241,3352
1051416,1238520,147,0.748170,3352
1051024,1238520,147,0.748910,3344
1052232,1238520,146,0.746876,3360
1049272,1238520,146,0.751817,3360
1045176,1238520,147,0.758242,3360
1045856,1238520,147,0.757125,3360
1041880,1238520,147,0.763176,3360
1040344,1238520,148,0.765442,3336
1044168,1238520,148,0.759737,3336
1047800,1238520,148,0.754051,3336
1050456,1238520,147,0.749725,3368
1052744,1238520,147,0.745840,3368
1052712,1238520,148,0.745894,3368
1053520,1238520,148,0.744441,3368
1052120,1238520,149,0.746809,3368
1055528,1238520,149,0.740881,3368
1052704,1238520,149,0.745827,3368
1052096,1238520,148,0.747024,3360
1053008,1238520,148,0.745407,3360
1054288,1238520,147,0.743164,3392
1053696,1238520,147,0.744291,3376
1054648,1238520,146,0.742611,3400
1054304,1238520,145,0.743371,3400
1056920,1238520,145,0.738700,3400
1056208,1238520,145,0.740050,3400
1057512,1238520,145,0.737639,3400
1055048,1238520,145,0.742083,3400
1055536,1238520,144,0.741204,3416
1055488,1238520,145,0.741288,3416
1057848,1238520,145,0.737004,3416
1054776,1238520,145,0.742528,3416
1055280,1238520,145,0.741568,3416
1054320,1238520,145,0.743398,3368
1052336,1238520,145,0.746850,3368
1056232,1238520,145,0.740064,3368
1057360,1238520,145,0.737970,3368
1054136,1238520,144,0.743797,3368
1050480,1238520,144,0.750000,3368
1053984,1238520,143,0.744140,3368
1053056,1238520,143,0.745800,3368
1052896,1238520,144,0.746070,3368
1055496,1238520,143,0.741596,3376
1053040,1238520,143,0.745894,3376
1055376,1238520,143,0.741805,3376
1054288,1238520,144,0.743687,3376
1052784,1238520,144,0.746326,3376
1051352,1238520,145,0.748712,3376
1051040,1238520,146,0.749226,3376
1053168,1238520,145,0.745624,3408
1053936,1238520,144,0.744236,3456
1056704,1238520,143,0.739384,3472
1054408,1238520,144,0.743398,3472
1050856,1238520,144,0.749450,3472
1051224,1238520,143,0.748844,3472
1048192,1238520,143,0.753823,3472
1051608,1238520,143,0.748209,3472
1048224,1238520,143,0.753772,3472
1051328,1238520,143,0.748673,3472
1055304,1238520,143,0.741847,3472
1057120,1238520,142,0.738643,3472
1060792,1238520,141,0.731902,3480
1057048,1238520,141,0.738843,3480
1058768,1238520,141,0.735652,3480
1057936,1238520,141,0.737322,3440
1058960,1238520,140,0.735389,3480
1058432,1238520,141,0.736424,3440
1057528,1238520,141,0.738185,3416
1055608,1238520,140,0.741749,3416
1058792,1238520,140,0.735988,3416
1062600,1238520,140,0.728768,3416
1064584,1238520,140,0.724803,3416
1065720,1238520,140,0.722438,3416
1065536,1238520,141,0.722808,3416
1067736,1238520,141,0.718218,3416
1064784,1238520,142,0.724216,3416
1066808,1238520,142,0.720033,3416
1064576,1238520,143,0.724533,3416
1063984,1238520,144,0.725719,3408
1061872,1238520,143,0.729994,3408
1062784,1238520,142,0.728229,3416
1061392,1238520,142,0.730996,3408
1061968,1238520,141,0.729856,3432
1058504,1238520,141,0.736395,3432
1060008,1238520,140,0.733619,3440
1055912,1238520,140,0.741092,3440
1055232,1238520,141,0.742361,3392
1056872,1238520,140,0.739441,3416
1060120,1238520,140,0.733456,3416
1062296,1238520,140,0.729260,3416
1062984,1238520,139,0.727857,3456
1059480,1238520,140,0.734477,3456
1061120,1238520,140,0.731329,3456
1060824,1238520,140,0.732007,3440
1063280,1238520,139,0.727268,3464
1060536,1238520,139,0.732651,3432
1063536,1238520,138,0.726862,3464
1062656,1238520,138,0.728707,3440
1066296,1238520,138,0.721419,3440
1062648,1238520,138,0.728722,3440
1061416,1238520,138,0.731178,3432
1061656,1238520,137,0.730724,3432
1065048,1238520,137,0.724040,3432
1063696,1238520,137,0.726800,3432
1066680,1238520,137,0.720752,3432
1066024,1238520,138,0.722100,3424
1062984,1238520,138,0.728198,3424
1064784,1238520,138,0.724581,3424
1066760,1238520,138,0.720507,3424
1065392,1238520,138,0.723370,3424
1068448,1238520,138,0.717017,3424
1065032,1238520,138,0.724088,3424
1063224,1238520,139,0.727640,3424
1059248,1238520,139,0.735227,3424
1061296,1238520,139,0.731329,3424
1065208,1238520,139,0.723642,3424
1065448,1238520,138,0.723162,3424
1062944,1238520,139,0.728090,3424
1064136,1238520,139,0.725671,3424
1061560,1238520,140,0.730648,3424
1061776,1238520,139,0.730238,3424
1060528,1238520,139,0.732681,3424
1062160,1238520,139,0.729505,3424
1059416,1238520,140,0.734669,3416
1061488,1238520,140,0.730709,3416
1059856,1238520,140,0.733857,3416
1057256,1238520,141,0.738600,3408
1060760,1238520,141,0.732097,3408
1057728,1238520,141,0.737754,3408
1055752,1238520,142,0.741260,3408
1059104,1238520,142,0.735169,3408
1059352,1238520,141,0.734713,3408
1060688,1238520,141,0.732142,3408
1058280,1238520,142,0.736657,3368
1062120,1238520,142,0.729413,3368
1061656,1238520,143,0.730298,3368
1057704,1238520,143,0.737769,3328
1053608,1238520,143,0.745013,3328
1052312,1238520,143,0.747291,3320
1054760,1238520,142,0.743137,3320
1052968,1238520,143,0.746191,3320
1049552,1238520,144,0.751817,3320
1053632,1238520,144,0.744986,3320
1050688,1238520,144,0.750026,3288
1051080,1238520,143,0.749371,3296
1051736,1238520,142,0.748276,3304
1052952,1238520,142,0.746164,3304
1056336,1238520,141,0.740276,3336
1058040,1238520,141,0.737149,3336
1057032,1238520,141,0.739043,3336
1053704,1238520,142,0.744836,3336
1056640,1238520,141,0.739710,3352
1052832,1238520,140,0.746447,3352
1051848,1238520,140,0.748170,3352
1055648,1238520,140,0.741623,3352
1057888,1238520,140,0.737567,3352
1059704,1238520,140,0.734167,3352
1056088,1238520,141,0.740684,3352
1057816,1238520,141,0.737524,3352
1055096,1238520,142,0.742334,3352
1055184,1238520,141,0.742181,3352
1054120,1238520,141,0.744099,3352
1053904,1238520,142,0.744468,3352
1051296,1238520,142,0.748923,3352
1047232,1238520,143,0.755460,3344
1048664,1238520,142,0.753188,3352
1046488,1238520,142,0.756680,3352
1050072,1238520,141,0.750951,3384
1048792,1238520,142,0.753060,3352
1052432,1238520,142,0.747037,3352
1050904,1238520,141,0.749725,3352
1048272,1238520,142,0.754001,3328
1044192,1238520,142,0.760363,3328
1047880,1238520,142,0.754619,3328
1051952,1238520,142,0.747957,3328
1051328,1238520,142,0.749068,3328
1055224,1238520,142,0.742403,3328
1059168,1238520,142,0.735286,3328
1059320,1238520,141,0.735007,3328
1059840,1238520,140,0.733960,3376
1062872,1238520,140,0.728136,3376
1061312,1238520,140,0.731208,3376
1063888,1238520,140,0.726158,3376
1062080,1238520,141,0.729658,3376
1059120,1238520,140,0.735374,3376
1058536,1238520,140,0.736555,3360
1059720,1238520,140,0.734300,3360
1061432,1238520,140,0.731012,3360
1058776,1238520,141,0.736002,3328
1058008,1238520,142,0.737481,3280
1057720,1238520,143,0.738013,3272
1058192,1238520,143,0.737077,3272
1056104,1238520,144,0.740797,3272
1056288,1238520,143,0.740473,3272
1054616,1238520,143,0.743467,3272
1058320,1238520,143,0.736845,3272
1057936,1238520,144,0.737538,3272
1056488,1238520,144,0.740205,3272
1058144,1238520,143,0.737236,3280
1061632,1238520,143,0.730693,3280
1062968,1238520,143,0.728043,3280
1059488,1238520,144,0.734610,3280
1059984,1238520,144,0.733605,3280
1058168,1238520,144,0.737019,3280
1054176,1238520,145,0.744044,3280
1053208,1238520,145,0.745786,3272
1055936,1238520,144,0.741050,3296
1058056,1238520,144,0.737192,3296
1060200,1238520,144,0.733173,3296
1058400,1238520,144,0.736570,3296
1061048,1238520,143,0.731601,3336
1060960,1238520,144,0.731766,3336
1063424,1238520,144,0.726956,3336
1066800,1238520,144,0.720115,3336
1063920,1238520,145,0.725939,3312
1060920,1238520,146,0.731766,3280
1061000,1238520,145,0.731616,3280
1057592,1238520,146,0.737884,3280
1057888,1238520,145,0.737351,3280
1061904,1238520,145,0.729811,3280
1065688,1238520,145,0.722293,3280
1063648,1238520,146,0.726347,3280
1063360,1238520,146,0.727018,3272
1067360,1238520,146,0.718897,3272
1067744,1238520,145,0.718101,3272
1065560,1238520,146,0.722583,3264
1061768,1238520,145,0.730192,3264
1063384,1238520,145,0.726987,3264
1063992,1238520,145,0.725703,3264
1061632,1238520,145,0.730359,3264
1059848,1238520,146,0.733708,3264
1058024,1238520,146,0.737207,3224
1055568,1238520,147,0.741609,3200
1053384,1238520,146,0.745529,3200
1055288,1238520,145,0.742181,3248
1054800,1238520,146,0.743054,3232
1058360,1238520,146,0.736671,3232
1058240,1238520,147,0.736888,3232
1058496,1238520,146,0.736424,3232
1058344,1238520,147,0.736700,3232
1060520,1238520,146,0.732666,3248
1062616,1238520,146,0.728599,3248
1064360,1238520,145,0.725119,3288
1062592,1238520,144,0.728753,3288
1064912,1238520,143,0.724168,3312
1067392,1238520,142,0.719145,3312
1063320,1238520,142,0.727392,3312
1066096,1238520,141,0.721873,3320
1064968,1238520,142,0.724136,3320
1068664,1238520,142,0.716480,3320
1070056,1238520,142,0.713421,3320
1067968,1238520,143,0.717902,3288
1071184,1238520,143,0.710943,3288
1069048,1238520,144,0.715535,3288
1069216,1238520,143,0.715179,3288
1065208,1238520,143,0.723530,3288
1064664,1238520,143,0.724755,3264
1065160,1238520,142,0.723753,3272
1063440,1238520,142,0.727236,3272
1067144,1238520,142,0.719737,3272
1067056,1238520,143,0.719918,3272
1069784,1238520,143,0.714106,3272
1067672,1238520,143,0.718649,3272
1065944,1238520,144,0.722229,3248
1064744,1238520,145,0.724660,3232
1064224,1238520,146,0.725766,3192
1064616,1238520,145,0.724961,3208
1062536,1238520,144,0.729199,3208
1064800,1238520,143,0.724724,3240
1068592,1238520,143,0.716900,3240
1071368,1238520,143,0.710856,3240
1074264,1238520,143,0.704274,3240
1076448,1238520,143,0.699081,3240
1076368,1238520,143,0.699384,3240
1076712,1238520,142,0.698569,3240
1073896,1238520,142,0.705222,3240
1074544,1238520,142,0.703633,3240
1072400,1238520,141,0.708689,3240
1075736,1238520,140,0.701019,3272
1073552,1238520,139,0.706255,3272
1074288,1238520,139,0.704475,3272
1073480,1238520,140,0.706363,3248
1069432,1238520,141,0.715213,3248
1066592,1238520,141,0.721208,3248
1065960,1238520,142,0.722487,3248
1063440,1238520,143,0.727547,3208
1060712,1238520,144,0.732786,3184
1063240,1238520,143,0.727919,3216
1064728,1238520,142,0.724961,3240
1067760,1238520,141,0.718831,3240
1067784,1238520,140,0.718781,3240
1069080,1238520,140,0.715975,3240
1066328,1238520,141,0.721663,3240
1069512,1238520,140,0.715027,3256
1069976,1238520,139,0.714038,3256
1067824,1238520,140,0.718566,3256
1069096,1238520,139,0.715873,3272
1065728,1238520,139,0.722905,3272
1062912,1238520,138,0.728630,3272
1060424,1238520,137,0.733515,3272
1063584,1238520,137,0.727423,3272
1065728,1238520,136,0.723178,3280
1065080,1238520,136,0.724565,3280
1066648,1238520,135,0.721419,3280
1062632,1238520,136,0.729337,3280
1062968,1238520,135,0.728691,3280
1064880,1238520,134,0.724914,3304
1064304,1238520,134,0.726143,3304
1061320,1238520,134,0.731962,3304
1061672,1238520,133,0.731254,3328
1063880,1238520,133,0.726925,3328
1060176,1238520,134,0.733960,3328
1062920,1238520,133,0.728768,3336
1059224,1238520,134,0.735696,3336
1055520,1238520,135,0.742292,3336
1058648,1238520,134,0.736729,3344
1061440,1238520,134,0.731480,3344
1058432,1238520,134,0.737120,3344
1060352,1238520,133,0.733560,3368
1058512,1238520,134,0.736932,3368
1055424,1238520,135,0.742403,3368
1059416,1238520,134,0.735242,3392
1060224,1238520,133,0.733708,3416
1058184,1238520,134,0.737438,3416
1055200,1238520,134,0.742791,3416
1054568,1238520,135,0.743880,3416
1050656,1238520,135,0.750496,3416
1050888,1238520,134,0.750118,3416
1047072,1238520,134,0.756270,3416
1047368,1238520,133,0.755810,3416
1043808,1238520,133,0.761308,3416
1046848,1238520,132,0.756667,3432
1043160,1238520,132,0.762317,3432
1042768,1238520,133,0.762894,3432
1039024,1238520,133,0.768407,3384
1039144,1238520,132,0.768239,3384
1035928,1238520,132,0.772734,3384
1038736,1238520,132,0.768810,3384
1036432,1238520,132,0.772051,3384
1037960,1238520,132,0.769890,3384
1036472,1238520,133,0.771931,3384
1035488,1238520,134,0.773262,3384
1037824,1238520,134,0.770012,3384
1041880,1238520,134,0.764192,3384
1041808,1238520,135,0.764297,3384
1037960,1238520,135,0.769879,3344
1034472,1238520,136,0.774630,3328
1032008,1238520,136,0.777917,3328
1030096,1238520,137,0.780386,3304
1031920,1238520,137,0.778000,3304
1035864,1238520,136,0.772766,3328
1035392,1238520,136,0.773466,3328
1031872,1238520,137,0.778092,3328
1033160,1238520,137,0.776359,3328
1033592,1238520,136,0.775761,3352
1034744,1238520,136,0.774172,3352
1031888,1238520,137,0.777917,3352
1031936,1238520,136,0.777855,3352
1029048,1238520,137,0.781520,3352
1028208,1238520,136,0.782702,3336
1025320,1238520,137,0.786209,3336
1026888,1238520,137,0.784261,3336
1028400,1238520,137,0.782345,3336
1028176,1238520,137,0.782682,3336
1028384,1238520,136,0.782425,3336
1027848,1238520,136,0.783155,3328
1031752,1238520,136,0.778185,3328
1031288,1238520,136,0.778862,3312
1033352,1238520,135,0.776160,3336
1034056,1238520,134,0.775213,3352
1032288,1238520,134,0.777587,3352
1031672,1238520,135,0.778421,3320
1030984,1238520,136,0.779352,3280
1029264,1238520,137,0.781520,3280
1025624,1238520,138,0.785970,3280
1025856,1238520,137,0.785653,3312
1026144,1238520,136,0.785307,3312
1028728,1238520,136,0.782088,3312
1031136,1238520,136,0.778995,3312
1029488,1238520,137,0.781110,3288
1032864,1238520,136,0.776756,3320
1036112,1238520,135,0.772398,3352
1036664,1238520,134,0.771637,3360
1036424,1238520,134,0.772029,3360
1034416,1238520,135,0.774726,3360
1032240,1238520,136,0.777597,3344
1034688,1238520,136,0.774321,3344
1038368,1238520,135,0.769290,3360
1034432,1238520,135,0.774704,3360
1032472,1238520,136,0.777276,3360
1034280,1238520,136,0.774842,3360
1037440,1238520,136,0.770508,3360
1039944,1238520,136,0.766940,3360
1042992,1238520,135,0.762470,3400
1040344,1238520,136,0.766370,3360
1042056,1238520,135,0.763890,3368
1045368,1238520,135,0.758888,3368
1048472,1238520,135,0.754001,3368
1049736,1238520,135,0.751907,3368
1048088,1238520,135,0.754607,3368
1044736,1238520,135,0.759845,3368
1042360,1238520,136,0.763422,3336
1044896,1238520,136,0.759580,3336
1043560,1238520,136,0.761653,3336
1040400,1238520,136,0.766325,3336
1041128,1238520,135,0.765281,3336
1043712,1238520,135,0.761427,3336
1046112,1238520,134,0.757789,3344
1049208,1238520,134,0.752869,3344
1046816,1238520,135,0.756704,3296
1044000,1238520,134,0.761129,3296
1048016,1238520,133,0.754959,3312
1047112,1238520,134,0.756444,3264
1049648,1238520,134,0.752370,3264
1053128,1238520,134,0.746581,3264
1054160,1238520,133,0.744823,3272
1056880,1238520,133,0.740022,3272
1054080,1238520,133,0.744959,3272
1056992,1238520,133,0.739824,3272
1055920,1238520,133,0.741847,3240
1056896,1238520,132,0.740121,3248
1056216,1238520,133,0.741316,3248
1052832,1238520,134,0.747157,3216
1055296,1238520,134,0.742888,3216
1054184,1238520,134,0.744891,3208
1057480,1238520,134,0.739071,3208
1056984,1238520,135,0.739965,3200
1054408,1238520,136,0.744455,3192
1053112,1238520,137,0.746689,3168
1056336,1238520,137,0.741078,3168
1054776,1238520,138,0.743783,3168
1051648,1238520,139,0.749055,3160
1055248,1238520,139,0.742902,3160
1053952,1238520,139,0.745204,3160
1050400,1238520,140,0.751093,3160
1054200,1238520,140,0.744700,3160
1057552,1238520,140,0.738772,3160
1057488,1238520,141,0.738886,3160
1058376,1238520,140,0.737264,3176
1060696,1238520,140,0.732920,3176
1063360,1238520,140,0.727764,3176
1066280,1238520,140,0.721889,3176
1068872,1238520,140,0.716446,3176
1066408,1238520,141,0.721533,3176
1066672,1238520,140,0.720997,3176
1065800,1238520,140,0.722857,3176
1067944,1238520,139,0.718433,3200
1065088,1238520,139,0.724327,3200
1066856,1238520,139,0.720671,3200
1063072,1238520,139,0.728275,3200
1062992,1238520,140,0.728429,3200
1066528,1238520,140,0.721338,3200
1063040,1238520,141,0.728244,3200
1065400,1238520,141,0.723514,3200
1065528,1238520,140,0.723258,3200
1065032,1238520,141,0.724279,3184
1068680,1238520,141,0.716732,3184
1068432,1238520,142,0.717285,3168
1069688,1238520,141,0.714635,3168
1068344,1238520,141,0.717602,3152
1066328,1238520,142,0.721760,3144
1066504,1238520,141,0.721403,3144
1069360,1238520,141,0.715383,3144
1065856,1238520,140,0.722808,3144
1067120,1238520,139,0.720180,3176
1064752,1238520,139,0.725040,3176
1066936,1238520,138,0.720638,3184
1065672,1238520,138,0.723290,3184
1068776,1238520,138,0.716833,3184
1065344,1238520,138,0.723945,3184
1061768,1238520,139,0.730890,3184
1064984,1238520,139,0.724565,3184
1066968,1238520,138,0.720524,3208
1065240,1238520,138,0.724184,3168
1061576,1238520,139,0.731314,3152
1061128,1238520,140,0.732157,3152
1064128,1238520,140,0.726315,3152
1065376,1238520,140,0.723753,3152
1063632,1238520,141,0.727268,3112
1067120,1238520,141,0.720213,3112
1065680,1238520,142,0.723194,3080
1062968,1238520,143,0.728522,3080
1064640,1238520,142,0.725261,3080
1062464,1238520,142,0.729581,3080
1066176,1238520,142,0.722196,3080
1062128,1238520,143,0.730131,3080
1063752,1238520,142,0.726987,3088
1065704,1238520,141,0.723065,3120
1064144,1238520,141,0.726300,3096
1066512,1238520,141,0.721484,3096
1067832,1238520,141,0.718682,3096
1065496,1238520,141,0.723530,3096
1064224,1238520,142,0.726080,3080
1066280,1238520,142,0.721889,3080
1069104,1238520,142,0.715958,3080
1065688,1238520,143,0.722985,3080
1065032,1238520,144,0.724311,3072
1063936,1238520,145,0.726472,3072
1065120,1238520,144,0.724056,3112
1066752,1238520,144,0.720671,3112
1066928,1238520,143,0.720311,3112
1065888,1238520,144,0.722454,3096
1068152,1238520,144,0.717719,3096
1066648,1238520,144,0.720915,3096
1069824,1238520,144,0.714192,3096
1069432,1238520,145,0.715044,3088
1070992,1238520,144,0.711693,3088
1067280,1238520,144,0.719639,3088
1063376,1238520,144,0.727532,3088
1061664,1238520,144,0.730906,3088
1061328,1238520,144,0.731631,3088
1063968,1238520,144,0.726472,3088
1060496,1238520,143,0.733278,3088
1062280,1238520,142,0.729918,3088
1063576,1238520,142,0.727330,3088
1064776,1238520,142,0.724882,3088
1065304,1238520,141,0.723833,3088
1062720,1238520,141,0.728984,3088
1062752,1238520,140,0.728922,3088
1058728,1238520,141,0.736439,3088
1062824,1238520,141,0.728691,3088
1061528,1238520,141,0.731254,3088
1062360,1238520,140,0.729597,3128
1059992,1238520,140,0.734138,3128
1059752,1238520,140,0.734728,3096
1059368,1238520,140,0.735520,3096
1055784,1238520,141,0.741972,3064
1054392,1238520,141,0.744455,3064
1056960,1238520,140,0.739965,3080
1058072,1238520,139,0.737956,3096
1056216,1238520,139,0.741330,3096
1056688,1238520,138,0.740502,3096
1058936,1238520,138,0.736395,3096
1060064,1238520,137,0.734300,3112
1063968,1238520,137,0.726800,3112
1062176,1238520,138,0.730329,3072
1059712,1238520,139,0.734934,3072
1061912,1238520,138,0.730769,3104
1064264,1238520,138,0.726143,3104
1061224,1238520,139,0.732007,3088
1061496,1238520,138,0.731495,3088
1058448,1238520,139,0.737192,3048
1058368,1238520,139,0.737423,3048
1061720,1238520,139,0.731148,3048
1063008,1238520,139,0.728599,3048
1059976,1238520,140,0.734315,3048
1062992,1238520,139,0.728614,3056
1062728,1238520,140,0.729122,3056
1064840,1238520,139,0.724961,3080
1063088,1238520,140,0.728399,3072
1062136,1238520,141,0.730238,3064
1066064,1238520,141,0.722454,3064
1068488,1238520,141,0.717385,3064
1066448,1238520,142,0.721582,3064
1067672,1238520,142,0.718980,3064
1066456,1238520,142,0.721565,3064
1065136,1238520,141,0.724406,3064
1067864,1238520,141,0.718781,3064
1070728,1238520,141,0.712628,3064
1070528,1238520,142,0.713060,3064
1071048,1238520,141,0.711919,3072
1070344,1238520,141,0.713575,3056
1067448,1238520,140,0.719852,3056
1068048,1238520,139,0.718516,3104
1065760,1238520,139,0.723274,3104
1068832,1238520,138,0.716950,3120
1066040,1238520,138,0.722776,3120
1062936,1238520,138,0.728968,3120
1066064,1238520,138,0.722728,3120
1068848,1238520,138,0.716916,3120
1067936,1238520,138,0.718914,3120
1066912,1238520,139,0.721029,3112
1068320,1238520,139,0.718035,3112
1065808,1238520,140,0.723162,3112
1066280,1238520,139,0.722196,3120
1068440,1238520,139,0.717669,3120
1065280,1238520,139,0.724200,3120
1068632,1238520,139,0.717268,3120
1069232,1238520,139,0.715907,3120
1066136,1238520,140,0.722293,3120
1063672,1238520,140,0.727268,3120
1064792,1238520,140,0.724977,3120
1064272,1238520,141,0.726001,3120
1064424,1238520,140,0.725703,3120
1068248,1238520,140,0.717869,3120
1064936,1238520,141,0.724676,3080
1062488,1238520,142,0.729444,3080
1058936,1238520,143,0.736075,3080
1059768,1238520,143,0.734463,3080
1060544,1238520,143,0.732935,3080
1060656,1238520,142,0.732726,3080
1057736,1238520,143,0.738070,3080
1054840,1238520,144,0.743164,3080
1055672,1238520,144,0.741637,3080
1055976,1238520,143,0.741106,3080
1055608,1238520,144,0.741763,3072
1052296,1238520,144,0.747491,3072
1049792,1238520,144,0.751675,3072
1046384,1238520,144,0.757125,3072
1042744,1238520,145,0.762612,3072
1045816,1238520,144,0.757961,3096
1048896,1238520,144,0.753073,3096
1052568,1238520,144,0.746997,3096
1052640,1238520,143,0.746876,3096
1055040,1238520,142,0.742763,3112
1052880,1238520,143,0.746447,3112
1055200,1238520,143,0.742403,3112
1052272,1238520,142,0.747545,3112
1051752,1238520,143,0.748421,3104
1051496,1238520,143,0.748923,3104
1051384,1238520,143,0.749187,3104
1054464,1238520,143,0.743934,3104
1056448,1238520,142,0.740417,3144
1060256,1238520,142,0.733441,3144
1064296,1238520,142,0.725624,3144
1062056,1238520,142,0.730055,3144
1061960,1238520,141,0.730420,3144
1060576,1238520,141,0.733114,3144
1057744,1238520,142,0.738286,3144
1061080,1238520,142,0.732082,3144
1059720,1238520,142,0.734698,3144
1059224,1238520,143,0.735623,3136
1058624,1238520,143,0.736802,3136
1061960,1238520,143,0.730526,3136
1065824,1238520,143,0.722889,3136
1067856,1238520,142,0.718732,3144
1066728,1238520,142,0.721143,3144
1066992,1238520,141,0.720605,3144
1063152,1238520,142,0.728229,3144
1064536,1238520,141,0.725498,3160
1063032,1238520,141,0.717506,3160
1066672,1238520,141,0.709913,3160
1066616,1238520,141,0.709375,3160
1069528,1238520,140,0.703060,3168
1066576,1238520,140,0.709544,3168
1070632,1238520,140,0.700600,3168
1067584,1238520,141,0.707294,3168
1068408,1238520,141,0.705410,3168
1065496,1238520,142,0.711626,3160
1063624,1238520,143,0.715475,3160
1067096,1238520,142,0.708219,3176
1065776,1238520,142,0.711109,3176
1067856,1238520,142,0.706588,3176
1071864,1238520,142,0.697569,3176
1072488,1238520,141,0.696039,3216
1071680,1238520,142,0.697898,3216
1073800,1238520,142,0.692857,3216
1074416,1238520,142,0.691279,3216
1075536,1238520,142,0.688464,3216
1073920,1238520,143,0.692346,3216
1076400,1238520,142,0.686270,3248
1075680,1238520,142,0.688153,3248
1075824,1238520,141,0.687801,3248
1075624,1238520,142,0.688289,3248
1074472,1238520,142,0.691184,3248
1078072,1238520,142,0.682212,3248
1078376,1238520,141,0.681400,3264
1077512,1238520,142,0.683663,3232
1080696,1238520,142,0.675345,3232
1077616,1238520,142,0.683402,3232
1075880,1238520,143,0.687743,3216
1079968,1238520,142,0.677361,3240
1078336,1238520,142,0.681685,3240
1080840,1238520,142,0.675070,3240
1083640,1238520,141,0.667400,3272
1080032,1238520,141,0.677236,3272
1080864,1238520,140,0.674964,3304
1077848,1238520,140,0.682879,3304
1081448,1238520,140,0.673411,3304
1077624,1238520,141,0.683322,3304
1080272,1238520,140,0.676461,3328
1078840,1238520,140,0.680297,3328
1082040,1238520,140,0.671756,3328
1080816,1238520,140,0.675155,3328
1079920,1238520,140,0.677632,3328
1083496,1238520,140,0.667909,3328
1086128,1238520,140,0.660334,3328
1083256,1238520,141,0.668439,3328
1085056,1238520,140,0.663337,3352
1084080,1238520,141,0.666086,3352
1088016,1238520,141,0.689058,3352
1087784,1238520,142,0.689767,3320
1087576,1238520,143,0.690323,3320
1089832,1238520,143,0.684048,3320
1087384,1238520,144,0.690707,3320
1089424,1238520,143,0.685177,3320
1085864,1238520,143,0.694828,3320
1087976,1238520,143,0.689123,3320
1088424,1238520,142,0.687913,3320
1084920,1238520,142,0.697276,3312
1086144,1238520,141,0.694121,3312
1085480,1238520,142,0.695861,3304
1083976,1238520,143,0.699706,3296
1085176,1238520,142,0.696663,3296
1086840,1238520,141,0.692318,3304
1086736,1238520,142,0.692613,3296
1087320,1238520,142,0.690942,3296
1084856,1238520,143,0.697358,3296
1084288,1238520,143,0.699021,3256
1081560,1238520,143,0.705863,3256
1085440,1238520,143,0.696088,3256
1086920,1238520,142,0.692234,3256
1090728,1238520,142,0.681718,3256
1089760,1238520,142,0.684647,3224
1093016,1238520,142,0.675226,3224
1092568,1238520,143,0.676536,3224
1096224,1238520,142,0.665500,3232
1092472,1238520,142,0.676932,3232
1089344,1238520,142,0.685904,3232
1086448,1238520,143,0.693662,3232
1084352,1238520,144,0.699041,3232
1081952,1238520,144,0.705110,3224
1082840,1238520,143,0.702924,3232
1086912,1238520,143,0.692445,3232
1089664,1238520,143,0.684890,3232
1087616,1238520,143,0.690580,3232
1084208,1238520,142,0.699645,3232
1084032,1238520,143,0.700087,3232
1081032,1238520,144,0.707416,3232
1085104,1238520,144,0.697256,3232
1085832,1238520,144,0.695263,3232
1088280,1238520,143,0.688756,3248
1090112,1238520,142,0.683736,3248
1092232,1238520,142,0.677582,3248
1091984,1238520,142,0.678436,3248
1088912,1238520,143,0.687086,3232
1089824,1238520,143,0.684447,3232
1092176,1238520,143,0.677651,3232
1092848,1238520,143,0.675555,3232
1089776,1238520,144,0.684314,3232
1089752,1238520,145,0.684381,3232
1092560,1238520,145,0.676256,3232
1096160,1238520,145,0.699247,3232
1092656,1238520,146,0.708757,3232
1096208,1238520,145,0.699112,3232
1096192,1238520,146,0.699157,3232
1099592,1238520,146,0.689166,3232
1096224,1238520,146,0.699068,3232
1093264,1238520,147,0.707151,3232
1096032,1238520,146,0.699561,3248
1098528,1238520,146,0.692272,3248
1096232,1238520,146,0.699068,3224
1096168,1238520,147,0.699247,3224
1097296,1238520,146,0.695960,3256
1098496,1238520,146,0.692343,3256
1094824,1238520,147,0.702749,3256
1093936,1238520,148,0.705203,3240
1096040,1238520,148,0.699292,3240
1095008,1238520,149,0.702222,3216
1097232,1238520,149,0.695846,3216
1093576,1238520,150,0.705998,3208
1095568,1238520,150,0.700431,3208
1093784,1238520,151,0.705311,3208
1096088,1238520,151,0.698843,3208
1096768,1238520,150,0.696874,3224
1096032,1238520,151,0.698955,3224
1092168,1238520,152,0.709429,3224
1089368,1238520,153,0.716654,3192
1085960,1238520,154,0.724886,3192
1088552,1238520,154,0.718552,3192
1092392,1238520,153,0.708736,3216
1089336,1238520,153,0.716674,3216
1092888,1238520,153,0.707427,3216
1092288,1238520,154,0.709135,3168
1092768,1238520,153,0.707808,3192
1093736,1238520,153,0.705095,3192
1095568,1238520,152,0.699963,3232
1093664,1238520,153,0.705311,3184
1094408,1238520,153,0.703164,3184
1092256,1238520,154,0.708947,3176
1093824,1238520,153,0.704642,3224
1092576,1238520,153,0.708104,3224
1089808,1238520,154,0.715274,3208
1091632,1238520,154,0.710492,3208
1094304,1238520,154,0.703251,3208
1091584,1238520,155,0.710492,3208
1094000,1238520,155,0.703948,3208
1092360,1238520,155,0.708505,3192
1089624,1238520,156,0.715535,3192
1090624,1238520,156,0.712883,3192
1088808,1238520,156,0.717606,3176
1088232,1238520,157,0.719081,3152
1088200,1238520,157,0.719276,3152
1090752,1238520,157,0.712780,3152
1092040,1238520,156,0.709366,3184
1095576,1238520,155,0.699807,3184
1095984,1238520,154,0.698663,3184
1094856,1238520,155,0.701892,3152
1097616,1238520,155,0.693953,3152
1093976,1238520,155,0.704296,3152
1092312,1238520,155,0.708884,3144
1089664,1238520,156,0.715735,3120
1090664,1238520,156,0.713087,3120
1091152,1238520,155,0.711795,3136
1092944,1238520,155,0.706980,3136
1090864,1238520,155,0.712535,3136
1090312,1238520,156,0.713962,3128
1087184,1238520,156,0.721793,3128
1087120,1238520,156,0.722061,3128
1089560,1238520,156,0.715975,3128
1089888,1238520,155,0.715153,3128
1086552,1238520,155,0.723414,3128
1088632,1238520,155,0.718276,3128
1092240,1238520,155,0.708989,3128
1094824,1238520,155,0.701914,3128
1091744,1238520,155,0.710305,3120
1094648,1238520,155,0.702420,3120
1093624,1238520,155,0.705440,3080
1096080,1238520,155,0.698550,3080
1095640,1238520,155,0.700007,3048
1097304,1238520,154,0.695156,3096
1094392,1238520,154,0.703448,3096
1091096,1238520,154,0.712289,3096
1095072,1238520,154,0.701583,3096
1098632,1238520,154,0.691283,3096
1096432,1238520,155,0.697737,3064
1093688,1238520,156,0.705332,3056
1094032,1238520,155,0.704361,3072
1091792,1238520,156,0.710305,3072
1092952,1238520,155,0.707172,3104
1095592,1238520,155,0.699851,3104
1093608,1238520,156,0.705397,3064
1094600,1238520,156,0.702573,3064
1092616,1238520,156,0.708041,3064
1090032,1238520,156,0.714831,3064
1092368,1238520,156,0.708694,3064
1092408,1238520,155,0.708589,3064
1088480,1238520,155,0.718689,3064
1088216,1238520,156,0.719335,3064
1084320,1238520,157,0.728588,3040
1087128,1238520,157,0.721908,3040
1087248,1238520,156,0.721620,3040
1090976,1238520,156,0.712248,3040
1087272,1238520,156,0.721563,3040
1087496,1238520,155,0.721024,3040
1087208,1238520,155,0.721831,3040
1088480,1238520,155,0.718630,3040
1086224,1238520,154,0.724284,3040
1082688,1238520,155,0.732369,3040
1080208,1238520,155,0.737865,3040
1083096,1238520,155,0.731461,3040
1082704,1238520,156,0.732351,3032
1079504,1238520,156,0.739372,3032
1077584,1238520,157,0.743384,3016
1076696,1238520,158,0.745200,3008
1076784,1238520,157,0.745022,3008
1074600,1238520,157,0.749441,3008
1072232,1238520,157,0.754054,3008
1071936,1238520,157,0.754697,3008
1073816,1238520,157,0.751049,3008
1077456,1238520,157,0.743759,3008
1079976,1238520,157,0.738426,3008
1078776,1238520,158,0.740945,3008
1081736,1238520,158,0.734535,3008
1077760,1238520,158,0.743041,3008
1073952,1238520,159,0.750603,3008
1074752,1238520,158,0.749004,3032
1073200,1238520,158,0.752089,3032
1071928,1238520,158,0.754578,3032
1074736,1238520,157,0.749207,3040
1072400,1238520,157,0.753769,3040
1071120,1238520,158,0.756151,3040
1071528,1238520,157,0.755322,3080
1072664,1238520,157,0.753106,3080
1074992,1238520,157,0.748535,3080
1076648,1238520,156,0.745200,3104
1079408,1238520,156,0.739423,3104
1082592,1238520,156,0.732440,3104
1082904,1238520,155,0.731746,3104
1080848,1238520,155,0.736357,3104
1081128,1238520,154,0.735753,3104
1081520,1238520,154,0.734797,3104
1085376,1238520,154,0.726007,3104
1081576,1238520,155,0.734570,3104
1079280,1238520,155,0.739591,3104
1081992,1238520,155,0.733659,3104
1077936,1238520,156,0.742286,3104
1075112,1238520,157,0.747970,3104
1073288,1238520,156,0.751693,3104
1074304,1238520,156,0.749643,3104
1074128,1238520,157,0.749985,3104
1076824,1238520,156,0.744635,3112
1077424,1238520,155,0.743417,3112
1080872,1238520,155,0.736081,3112
1080624,1238520,155,0.736718,3112
1078176,1238520,156,0.741907,3096
1080512,1238520,156,0.736890,3096
1081072,1238520,155,0.735683,3096
1081688,1238520,154,0.734273,3128
1081312,1238520,154,0.735198,3128
1084992,1238520,154,0.726842,3128
1084904,1238520,155,0.727045,3128
1082128,1238520,155,0.733413,3128
1081296,1238520,154,0.735441,3128
1078432,1238520,154,0.741609,3128
1075336,1238520,154,0.747954,3128
1077008,1238520,153,0.744538,3168
1073824,1238520,154,0.750818,3168
1071392,1238520,154,0.755500,3168
1069592,1238520,155,0.758833,3144
1066392,1238520,156,0.764465,3144
1066560,1238520,155,0.764176,3144
1068952,1238520,155,0.759895,3144
1069792,1238520,155,0.758298,3144
1069864,1238520,154,0.758168,3144
1068456,1238520,154,0.760778,3144
1069232,1238520,154,0.759308,3144
1069648,1238520,154,0.758472,3144
1072560,1238520,154,0.753000,3144
1069504,1238520,154,0.758732,3144
1070400,1238520,154,0.757017,3144
1067320,1238520,154,0.762608,3144
1063624,1238520,155,0.768891,3144
1059928,1238520,156,0.774851,3144
1063936,1238520,155,0.768294,3192
1066120,1238520,154,0.764534,3232
1065928,1238520,154,0.764946,3232
1066184,1238520,153,0.764507,3232
1069824,1238520,153,0.757994,3232
1071528,1238520,153,0.754772,3232
1068264,1238520,154,0.760707,3232
1069344,1238520,154,0.758689,3232
1072848,1238520,154,0.752105,3232
1069472,1238520,154,0.758458,3232
1073360,1238520,154,0.751126,3232
1070344,1238520,155,0.756797,3224
1069152,1238520,154,0.759135,3224
1070088,1238520,154,0.757353,3224
1072280,1238520,153,0.753212,3264
1070608,1238520,154,0.756401,3224
1073304,1238520,154,0.751249,3224
1073152,1238520,154,0.751632,3224
1070248,1238520,155,0.757061,3224
1067712,1238520,156,0.761612,3224
1068208,1238520,156,0.760650,3224
1071616,1238520,156,0.754354,3224
1074136,1238520,155,0.749519,3240
1072016,1238520,155,0.753664,3240
1072112,1238520,154,0.753483,3240
1068104,1238520,155,0.760806,3240
1069360,1238520,155,0.758472,3240
1065768,1238520,156,0.764795,3240
1065144,1238520,157,0.765928,3200
1063040,1238520,158,0.769446,3200
1061744,1238520,159,0.771626,3160
1063656,1238520,158,0.768427,3200
1061496,1238520,157,0.772116,3200
1058904,1238520,158,0.776212,3200
1058000,1238520,158,0.777680,3200
1055272,1238520,158,0.781852,3200
1055472,1238520,157,0.781556,3200
1053288,1238520,157,0.784819,3192
1055864,1238520,156,0.781058,3192
1054296,1238520,157,0.783363,3192
1054848,1238520,156,0.782487,3240
1053936,1238520,156,0.783885,3240
1052736,1238520,156,0.785676,3240
1049976,1238520,157,0.789534,3240
1050328,1238520,156,0.789039,3248
1046416,1238520,156,0.794362,3248
1049832,1238520,156,0.789721,3248
1053640,1238520,156,0.784301,3248
1050264,1238520,157,0.789105,3216
1054304,1238520,157,0.783316,3216
1054576,1238520,156,0.782920,3216
1055664,1238520,156,0.781248,3216
1053416,1238520,157,0.784589,3176
1056008,1238520,156,0.780797,3176
1060064,1238520,156,0.774511,3176
1060144,1238520,155,0.774385,3176
1061440,1238520,154,0.772258,3216
1063472,1238520,154,0.768865,3216
1064336,1238520,154,0.767345,3216
1062624,1238520,153,0.770339,3216
1062760,1238520,152,0.770116,3216
1062408,1238520,153,0.770730,3192
1062288,1238520,154,0.770926,3192
1061312,1238520,155,0.772515,3184
1058992,1238520,156,0.776212,3160
1059920,1238520,156,0.774687,3160
1062016,1238520,156,0.771263,3160
1063848,1238520,156,0.768174,3160
1065528,1238520,155,0.765288,3192
1062968,1238520,156,0.769578,3192
1065944,1238520,155,0.764493,3240
1065120,1238520,155,0.766009,3224
1061440,1238520,156,0.772090,3224
1061352,1238520,157,0.772245,3216
1061280,1238520,158,0.772360,3216
1062608,1238520,158,0.770129,3216
1058904,1238520,158,0.776113,3216
1055096,1238520,159,0.781875,3216
1057640,1238520,158,0.778035,3232
1060816,1238520,157,0.773065,3240
1064120,1238520,156,0.767613,3272
1067280,1238520,155,0.762132,3312
1068400,1238520,155,0.760067,3312
1067928,1238520,156,0.760906,3312
1064328,1238520,156,0.740882,3312
1067280,1238520,156,0.735150,3312
1070008,1238520,155,0.729648,3344
1066824,1238520,156,0.735976,3344
1067488,1238520,155,0.734681,3344
1066552,1238520,155,0.736595,3344
1064216,1238520,155,0.741121,3344
1067912,1238520,155,0.733942,3344
1068984,1238520,155,0.731716,3344
1065088,1238520,155,0.739393,3344
1065664,1238520,155,0.738208,3344
1065176,1238520,156,0.739166,3328
1066528,1238520,156,0.736487,3328
1065536,1238520,156,0.738482,3328
1069488,1238520,156,0.730638,3328
1066680,1238520,156,0.736286,3328
1067488,1238520,156,0.734618,3328
1067024,1238520,156,0.735618,3328
1065208,1238520,156,0.739196,3328
1068952,1238520,156,0.731812,3328
1069792,1238520,156,0.730022,3328
1069080,1238520,157,0.731556,3280
1068856,1238520,158,0.732004,3280
1065784,1238520,159,0.738055,3256
1063256,1238520,160,0.742856,3224
1060992,1238520,161,0.747014,3192
1059592,1238520,162,0.749512,3176
1061904,1238520,161,0.745349,3208
1064464,1238520,160,0.740642,3208
1067168,1238520,160,0.735384,3208
1071040,1238520,160,0.727515,3208
1067784,1238520,160,0.734178,3208
1066448,1238520,160,0.736873,3208
1064616,1238520,160,0.740447,3208
1065696,1238520,160,0.738314,3208
1066216,1238520,159,0.737258,3240
1068632,1238520,158,0.732451,3280
1071312,1238520,158,0.726902,3280
1073936,1238520,158,0.721239,3280
1070344,1238520,157,0.728996,3280
1072096,1238520,157,0.725265,3280
1068912,1238520,158,0.731828,3264
1072448,1238520,158,0.724455,3264
1070720,1238520,157,0.728258,3264
1067240,1238520,157,0.735322,3264
1065944,1238520,158,0.737902,3224
1062104,1238520,159,0.745089,3200
1062408,1238520,158,0.744523,3208
1063128,1238520,157,0.743135,3248
1061800,1238520,157,0.745638,3248
1060048,1238520,157,0.748839,3248
1061552,1238520,156,0.746156,3256
1063992,1238520,156,0.741612,3256
1062872,1238520,155,0.743853,3256
1062592,1238520,156,0.744363,3256
1062296,1238520,156,0.744988,3256
1059568,1238520,157,0.749889,3224
1061080,1238520,157,0.747142,3224
1064472,1238520,156,0.740927,3240
1064080,1238520,157,0.741687,3224
1060976,1238520,157,0.747412,3224
1064000,1238520,157,0.741835,3224
1065216,1238520,157,0.739468,3224
1068160,1238520,157,0.733689,3224
1071584,1238520,157,0.726653,3224
1071024,1238520,158,0.727813,3224
1073056,1238520,158,0.723454,3224
1072472,1238520,159,0.724692,3224
1074448,1238520,158,0.720354,3272
1075608,1238520,158,0.717699,3272
1076384,1238520,158,0.715859,3272
1074816,1238520,158,0.719445,3272
1078328,1238520,158,0.711421,3272
1076088,1238520,158,0.716630,3272
1073312,1238520,159,0.722720,3264
1071240,1238520,160,0.727085,3264
1075120,1238520,160,0.718689,3264
1074120,1238520,160,0.720979,3264
1075024,1238520,160,0.718901,3264
1072664,1238520,160,0.724100,3264
1069992,1238520,160,0.729746,3264
1071488,1238520,160,0.726570,3264
1074280,1238520,160,0.720528,3264
1072104,1238520,159,0.725382,3264
1071096,1238520,159,0.727631,3240
1073440,1238520,158,0.722685,3248
1076992,1238520,158,0.714758,3248
1077984,1238520,158,0.712382,3248
1075536,1238520,159,0.717912,3248
1076840,1238520,159,0.714884,3248
1080440,1238520,159,0.706382,3248
1077776,1238520,160,0.712640,3248
1078960,1238520,160,0.709780,3248
1077800,1238520,160,0.712585,3248
1078584,1238520,160,0.710659,3248
1076440,1238520,161,0.715589,3240
1078000,1238520,161,0.711921,3240
1075592,1238520,162,0.717379,3240
1079272,1238520,162,0.708839,3240
1076752,1238520,163,0.714703,3224
1080776,1238520,163,0.705168,3224
1077776,1238520,164,0.712253,3224
1075016,1238520,164,0.718584,3224
1073760,1238520,164,0.721429,3224
1077816,1238520,164,0.712272,3224
1081024,1238520,164,0.704566,3224
1081456,1238520,163,0.703415,3264
1078936,1238520,164,0.709460,3264
1078288,1238520,164,0.711087,3264
1076256,1238520,164,0.715841,3264
1074136,1238520,165,0.720528,3264
1074216,1238520,164,0.720354,3264
1071776,1238520,164,0.725668,3264
1074960,1238520,164,0.718725,3264
1070984,1238520,165,0.727217,3264
1067792,1238520,166,0.733673,3264
1070888,1238520,165,0.727416,3264
1068704,1238520,165,0.731956,3264
1067248,1238520,165,0.734994,3232
1063608,1238520,165,0.742013,3232
1064088,1238520,164,0.741106,3240
1060144,1238520,164,0.748389,3216
1062248,1238520,163,0.744625,3216
1058520,1238520,163,0.751302,3216
1055096,1238520,163,0.757140,3216
1057696,1238520,163,0.752712,3216
1060872,1238520,162,0.747156,3232
1063672,1238520,162,0.741984,3232
1065632,1238520,162,0.738208,3232
1069648,1238520,161,0.730249,3264
1070744,1238520,161,0.727912,3264
1071064,1238520,160,0.727251,3264
1069840,1238520,161,0.729762,3264
1072440,1238520,161,0.724269,3264
1073928,1238520,161,0.720979,3264
1073560,1238520,162,0.721775,3264
1076576,1238520,162,0.715011,3264
1076456,1238520,162,0.715390,3264
1079120,1238520,161,0.709140,3312
1078728,1238520,161,0.710173,3312
1077224,1238520,162,0.713648,3312
1074784,1238520,162,0.719217,3312
1078816,1238520,162,0.709967,3312
1081864,1238520,161,0.702531,3360
1082848,1238520,161,0.699967,3360
1082608,1238520,162,0.700567,3360
1079592,1238520,163,0.707929,3352
1081808,1238520,162,0.702531,3368
1083264,1238520,161,0.698779,3416
1081960,1238520,161,0.702156,3416
1078216,1238520,160,0.711347,3416
1079984,1238520,160,0.707072,3416
1077408,1238520,161,0.713099,3416
1080760,1238520,161,0.705090,3416
1083920,1238520,161,0.697113,3416
1080736,1238520,161,0.705148,3416
1082240,1238520,161,0.701344,3416
1078488,1238520,162,0.710379,3416
1076080,1238520,163,0.715949,3392
1079880,1238520,163,0.707034,3392
1079216,1238520,164,0.708612,3392
1082328,1238520,164,0.700946,3392
1079688,1238520,165,0.707377,3392
1083544,1238520,165,0.697765,3392
1082152,1238520,166,0.701264,3392
1080008,1238520,167,0.706517,3384
1076824,1238520,167,0.714067,3384
1078080,1238520,167,0.711068,3384
1081272,1238520,167,0.703337,3384
1085136,1238520,167,0.693432,3384
1088168,1238520,167,0.685155,3384
1086544,1238520,168,0.689596,3376
1087016,1238520,167,0.688259,3400
1085488,1238520,166,0.692592,3400
1087328,1238520,166,0.687543,3400
1084328,1238520,167,0.695490,3400
1083120,1238520,167,0.698819,3352
1086352,1238520,167,0.690302,3352
1082680,1238520,168,0.699826,3344
1080464,1238520,169,0.705323,3328
1080728,1238520,168,0.704683,3328
1084816,1238520,168,0.729489,3328
1087280,1238520,168,0.723579,3328
1085080,1238520,168,0.728879,3328
1083168,1238520,169,0.733320,3288
1083752,1238520,168,0.732007,3288
1086760,1238520,167,0.724995,3304
1085472,1238520,168,0.728100,3272
1085808,1238520,167,0.727316,3272
1083768,1238520,168,0.732007,3272
1083960,1238520,167,0.731572,3272
1080328,1238520,167,0.739663,3272
1082312,1238520,167,0.735257,3272
1079784,1238520,167,0.740818,3272
1075984,1238520,167,0.748703,3272
1073632,1238520,168,0.753291,3272
1073872,1238520,167,0.752831,3272
1073368,1238520,168,0.753796,3272
1075256,1238520,168,0.750047,3272
1071704,1238520,168,0.756929,3272
1073856,1238520,167,0.752861,3272
1070720,1238520,168,0.758744,3272
1067464,1238520,169,0.764563,3272
1064296,1238520,169,0.770041,3272
1061216,1238520,168,0.775207,3272
1063792,1238520,167,0.771035,3272
1065600,1238520,167,0.767932,3272
1063248,1238520,167,0.771929,3272
1065368,1238520,167,0.768325,3272
1065648,1238520,166,0.767851,3272
1062352,1238520,166,0.773386,3272
1060128,1238520,167,0.776923,3272
1062160,1238520,167,0.773618,3272
1062264,1238520,166,0.773450,3272
1062648,1238520,165,0.772829,3272
1063376,1238520,164,0.771588,3304
1064400,1238520,164,0.769815,3304
1064128,1238520,165,0.770267,3304
1067768,1238520,164,0.764018,3328
1066872,1238520,164,0.765660,3328
1068816,1238520,164,0.762167,3328
1066832,1238520,164,0.765771,3304
1069584,1238520,163,0.760908,3312
1065792,1238520,164,0.767538,3312
1063248,1238520,164,0.771863,3312
1063168,1238520,165,0.771994,3312
1061984,1238520,165,0.773992,3312
1059816,1238520,164,0.777585,3304
1056736,1238520,165,0.782278,3304
1054728,1238520,166,0.785266,3280
1057032,1238520,165,0.781871,3280
1057888,1238520,164,0.780509,3328
1058328,1238520,164,0.779767,3328
1058064,1238520,165,0.780169,3328
1057880,1238520,165,0.780534,3320
1060528,1238520,165,0.776371,3320
1062184,1238520,165,0.773657,3320
1059520,1238520,166,0.777945,3272
1056768,1238520,166,0.782206,3272
1058624,1238520,166,0.779327,3272
1056960,1238520,167,0.781919,3224
1058736,1238520,167,0.779155,3224
1058944,1238520,166,0.778835,3224
1062424,1238520,165,0.773334,3232
1058888,1238520,165,0.778983,3232
1056336,1238520,166,0.782837,3232
1060112,1238520,165,0.777061,3248
1063912,1238520,165,0.770877,3248
1064008,1238520,164,0.770718,3248
1065552,1238520,163,0.768068,3288
1061912,1238520,164,0.774107,3264
1061432,1238520,165,0.774914,3240
1064192,1238520,165,0.770347,3240
1065248,1238520,165,0.768500,3240
1063536,1238520,166,0.771364,3232
1062280,1238520,166,0.773567,3184
1060576,1238520,166,0.776358,3184
1062048,1238520,166,0.773940,3184
1057992,1238520,167,0.780279,3184
1059864,1238520,167,0.777323,3184
1058888,1238520,166,0.779045,3144
1058256,1238520,166,0.780084,3144
1057184,1238520,166,0.781775,3144
1060464,1238520,165,0.776672,3192
1056784,1238520,165,0.782397,3176
1056936,1238520,164,0.782170,3176
1057728,1238520,164,0.780909,3176
1057232,1238520,164,0.781727,3176
1061128,1238520,164,0.775651,3176
1064848,1238520,164,0.769521,3176
1065480,1238520,163,0.768433,3192
1061992,1238520,163,0.774249,3192
1065680,1238520,163,0.768095,3192
1067160,1238520,163,0.765480,3192
1069312,1238520,163,0.761610,3192
1068008,1238520,163,0.764004,3192
1069704,1238520,163,0.760908,3192
1065632,1238520,163,0.768095,3192
1068592,1238520,162,0.762947,3208
1067088,1238520,163,0.765591,3200
1064848,1238520,163,0.769481,3200
1067456,1238520,163,0.764953,3200
1064704,1238520,164,0.769641,3200
1067584,1238520,164,0.764647,3200
1070744,1238520,163,0.758993,3208
1068712,1238520,164,0.762664,3200
1070136,1238520,164,0.760027,3200
1067896,1238520,164,0.764102,3200
1070216,1238520,163,0.759911,3232
1068576,1238520,164,0.762848,3232
1072592,1238520,164,0.755432,3232
1071832,1238520,164,0.757018,3192
1073176,1238520,163,0.754480,3200
1071520,1238520,164,0.757626,3176
1067432,1238520,165,0.764995,3152
1069184,1238520,165,0.761825,3152
1065456,1238520,166,0.768298,3152
1061728,1238520,167,0.774428,3152
1061752,1238520,166,0.774390,3152
1064320,1238520,165,0.770174,3168
1065216,1238520,165,0.768595,3168
1062864,1238520,166,0.772490,3168
1062368,1238520,166,0.773373,3168
1066120,1238520,166,0.767061,3168
1068632,1238520,165,0.762650,3192
1068328,1238520,166,0.763216,3176
1068072,1238520,166,0.763751,3176
1070960,1238520,166,0.758480,3176
1072440,1238520,166,0.755643,3176
1071456,1238520,166,0.757567,3176
1073208,1238520,166,0.754192,3176
1071728,1238520,166,0.757062,3176
1069280,1238520,167,0.761525,3176
1070056,1238520,167,0.760041,3176
1069656,1238520,168,0.760807,3152
1073080,1238520,168,0.754389,3152
1075352,1238520,168,0.749906,3152
1074728,1238520,168,0.751314,3104
1075576,1238520,168,0.749559,3104
1071752,1238520,169,0.756884,3104
1075720,1238520,169,0.749179,3104
1072240,1238520,170,0.755898,3096
1073656,1238520,170,0.753122,3096
1072968,1238520,171,0.754465,3080
1068952,1238520,172,0.761853,3080
1071136,1238520,172,0.757803,3080
1067536,1238520,173,0.764270,3080
1068384,1238520,173,0.762693,3080
1069176,1238520,172,0.761195,3128
1068152,1238520,172,0.763103,3128
1069624,1238520,172,0.760388,3128
1068056,1238520,173,0.763272,3080
1069504,1238520,173,0.760605,3080
1069256,1238520,173,0.761137,3080
1070056,1238520,173,0.759605,3080
1066704,1238520,172,0.765715,3080
1065088,1238520,172,0.768554,3080
1065184,1238520,171,0.768392,3080
1066040,1238520,171,0.766856,3080
1062856,1238520,171,0.772256,3080
1060240,1238520,171,0.776522,3080
1061144,1238520,171,0.775016,3080
1057984,1238520,172,0.779999,3040
1060576,1238520,172,0.775904,3040
1059280,1238520,173,0.777958,3024
1057440,1238520,173,0.780848,3024
1057584,1238520,172,0.780631,3024
1060880,1238520,172,0.775448,3024
1060360,1238520,173,0.776320,2992
1056552,1238520,173,0.782230,2992
1055760,1238520,173,0.783476,2992
1056520,1238520,173,0.782278,2992
1052648,1238520,174,0.787903,2992
1050104,1238520,175,0.791444,2992
1050528,1238520,174,0.790862,2992
1053312,1238520,174,0.786891,2992
1053040,1238520,174,0.787347,2992
1054264,1238520,174,0.785521,2992
1051664,1238520,174,0.789287,2992
1055408,1238520,174,0.783853,2992
1054576,1238520,175,0.785115,2960
1057616,1238520,174,0.780546,3000
1057688,1238520,173,0.780437,3000
1060408,1238520,173,0.776156,3000
1062072,1238520,173,0.773425,3000
1060240,1238520,174,0.776345,3000
1063816,1238520,174,0.770493,3000
1060280,1238520,175,0.776245,2976
1060496,1238520,174,0.775904,2976
1059736,1238520,174,0.777173,2976
1057640,1238520,174,0.780521,2944
1061376,1238520,174,0.774633,2944
1063128,1238520,174,0.771719,2944
1061920,1238520,174,0.773812,2912
1064544,1238520,173,0.769441,2952
1063752,1238520,174,0.770837,2904
1061960,1238520,175,0.773799,2880
1063688,1238520,175,0.770903,2880
1059808,1238520,176,0.777136,2880
1059720,1238520,176,0.777348,2880
1056336,1238520,176,0.782575,2880
1058824,1238520,175,0.778786,2896
1059768,1238520,174,0.777311,2904
1058912,1238520,174,0.778712,2904
1061760,1238520,174,0.774159,2904
1061776,1238520,173,0.774133,2904
1063552,1238520,173,0.771167,2904
1061736,1238520,174,0.774120,2904
1058560,1238520,175,0.779131,2888
1062648,1238520,175,0.772595,2888
1061824,1238520,176,0.773979,2856
1064728,1238520,176,0.769132,2856
1065880,1238520,176,0.767102,2856
1065400,1238520,177,0.767932,2848
1065208,1238520,178,0.768257,2848
1069192,1238520,177,0.761267,2880
1072136,1238520,177,0.755778,2880
1068392,1238520,177,0.762693,2880
1069240,1238520,176,0.761166,2888
1068240,1238520,177,0.762947,2888
1069256,1238520,177,0.761051,2888
1065304,1238520,178,0.767946,2888
1068408,1238520,178,0.762480,2888
1067584,1238520,178,0.764032,2880
1068368,1238520,178,0.762565,2880
1066592,1238520,179,0.765674,2880
1069912,1238520,179,0.759707,2880
1067056,1238520,179,0.764870,2880
1064416,1238520,180,0.769374,2880
1063408,1238520,181,0.771048,2880
1062800,1238520,180,0.772203,2880
1065848,1238520,180,0.767034,2880
1067952,1238520,180,0.763301,2880
1065184,1238520,181,0.768108,2864
1068480,1238520,181,0.762309,2864
1070296,1238520,181,0.758949,2864
1070712,1238520,180,0.758186,2864
1066912,1238520,179,0.765147,2864
1064488,1238520,179,0.769360,2864
1067120,1238520,178,0.764856,2872
1064816,1238520,178,0.768877,2872
1062352,1238520,177,0.773101,2872
1062464,1238520,176,0.772920,2872
1063984,1238520,176,0.770347,2872
1061712,1238520,177,0.774056,2872
1064976,1238520,177,0.768608,2872
1062952,1238520,177,0.772047,2872
1064496,1238520,177,0.769414,2872
1066096,1238520,177,0.766624,2872
1062800,1238520,177,0.772216,2872
1063000,1238520,176,0.771890,2872
1061272,1238520,176,0.774760,2872
1064944,1238520,175,0.768729,2880
1061120,1238520,176,0.774990,2880
1063224,1238520,176,0.771509,2880
1059336,1238520,177,0.777722,2880
1058232,1238520,178,0.779437,2872
1058952,1238520,177,0.778280,2904
1055560,1238520,178,0.783405,2904
1053688,1238520,177,0.786271,2904
1057592,1238520,177,0.780437,2904
1058792,1238520,177,0.778527,2904
1056912,1238520,178,0.781391,2904
1057592,1238520,177,0.780327,2928
1056464,1238520,177,0.782122,2912
1058080,1238520,177,0.779608,2912
1055440,1238520,178,0.783570,2912
1055304,1238520,178,0.783841,2912
1052040,1238520,178,0.788603,2912
1055520,1238520,178,0.783523,2912
1058776,1238520,178,0.778540,2912
1059744,1238520,177,0.776986,2944
1059544,1238520,178,0.777298,2944
1057048,1238520,178,0.781198,2944
1058520,1238520,178,0.778885,2944
1055224,1238520,178,0.783912,2944
1055128,1238520,179,0.784053,2944
1058168,1238520,179,0.779425,2944
1061264,1238520,179,0.774505,2944
1057208,1238520,179,0.780885,2944
1056592,1238520,180,0.781859,2912
1053416,1238520,179,0.786650,2912
1050376,1238520,180,0.790972,2872
1046824,1238520,181,0.795743,2872
1044584,1238520,181,0.798723,2856
1048496,1238520,181,0.793546,2856
1049440,1238520,181,0.792207,2856
1046120,1238520,181,0.796684,2856
1042240,1238520,181,0.801667,2856
1046072,1238520,180,0.796757,2896
1047072,1238520,180,0.795385,2896
1049848,1238520,179,0.791651,2904
1049432,1238520,180,0.792218,2904
1052312,1238520,180,0.788163,2904
1054408,1238520,180,0.785092,2904
1056920,1238520,179,0.781331,2936
1055424,1238520,179,0.783629,2936
1057808,1238520,179,0.779987,2936
1059040,1238520,179,0.778020,2936
1062448,1238520,179,0.772529,2936
1065368,1238520,179,0.767593,2936
1064400,1238520,180,0.769280,2904
1065992,1238520,180,0.766500,2904
1065392,1238520,181,0.767525,2904
1068656,1238520,181,0.761753,2904
1065552,1238520,181,0.767252,2904
1065912,1238520,180,0.766637,2904
1062688,1238520,181,0.772034,2904
1065712,1238520,181,0.766897,2904
1062072,1238520,181,0.773036,2904
1065152,1238520,181,0.767851,2904
1063040,1238520,182,0.771378,2904
1065576,1238520,181,0.767116,2912
1063760,1238520,181,0.770254,2912
1059704,1238520,182,0.776798,2912
1058896,1238520,182,0.778131,2912
1060144,1238520,182,0.776106,2912
1064128,1238520,182,0.769561,2912
1063008,1238520,181,0.771575,2912
1066848,1238520,180,0.765022,2952
1067032,1238520,179,0.764702,2952
1064184,1238520,179,0.769641,2952
1067216,1238520,179,0.764381,2952
1064192,1238520,179,0.769628,2952
1063472,1238520,180,0.770877,2920
1064032,1238520,179,0.769935,2928
1064560,1238520,178,0.769052,2928
1063592,1238520,179,0.770665,2928
1064952,1238520,179,0.768311,2928
1061152,1238520,179,0.774633,2928
1058584,1238520,180,0.778688,2912
1062296,1238520,179,0.772790,2928
1066224,1238520,179,0.766143,2928
1066040,1238520,180,0.766459,2928
1063800,1238520,180,0.770400,2880
1066832,1238520,180,0.765175,2880
1068840,1238520,180,0.761553,2880
1065656,1238520,180,0.767212,2872
1068248,1238520,179,0.762664,2896
1066456,1238520,179,0.765881,2896
1068032,1238520,179,0.763046,2896
1066712,1238520,180,0.765356,2896
1067392,1238520,179,0.764116,2928
1066592,1238520,180,0.765508,2928
1070168,1238520,180,0.759066,2928
1066264,1238520,181,0.765991,2928
1068400,1238520,181,0.762167,2928
1067720,1238520,182,0.763399,2912
1068792,1238520,181,0.761424,2952
1067888,1238520,181,0.763117,2952
1069840,1238520,181,0.759533,2952
1066096,1238520,180,0.766322,2952
1068328,1238520,180,0.762338,2952
1067072,1238520,181,0.764549,2952
1067968,1238520,180,0.762919,2984
1064576,1238520,181,0.768770,2984
1068072,1238520,181,0.762650,2984
1066808,1238520,182,0.764925,2952
1066496,1238520,182,0.765549,2952
1067584,1238520,182,0.763568,2952
1070792,1238520,182,0.757700,2952
1069760,1238520,182,0.759678,2952
1068576,1238520,183,0.761882,2912
1066768,1238520,182,0.765231,2912
1066336,1238520,183,0.766019,2888
1062336,1238520,183,0.772790,2888
1063600,1238520,182,0.770665,2920
1065728,1238520,182,0.767007,2920
1062632,1238520,182,0.772256,2920
1063160,1238520,181,0.771351,2944
1066416,1238520,181,0.765784,2944
1067744,1238520,181,0.763385,2944
1069944,1238520,181,0.759358,2944
1067984,1238520,180,0.763046,2944
1067440,1238520,181,0.764032,2928
1064640,1238520,182,0.768837,2928
1061288,1238520,182,0.774415,2928
1065176,1238520,181,0.768014,2928
1064592,1238520,181,0.769079,2928
1060736,1238520,180,0.775524,2928
1061696,1238520,179,0.773979,2936
1063664,1238520,179,0.770691,2936
1059880,1238520,180,0.776785,2936
1061336,1238520,180,0.774402,2936
1057736,1238520,180,0.780096,2936
1055176,1238520,181,0.783923,2936
1056152,1238520,180,0.782456,2952
1057264,1238520,179,0.780715,3000
1058880,1238520,179,0.778169,3000
1058104,1238520,179,0.779437,3000
1061136,1238520,179,0.774620,3000
1062416,1238520,178,0.772529,3016
1059008,1238520,178,0.778020,3016
1055760,1238520,179,0.782991,2984
1053624,1238520,178,0.786248,2984
1049664,1238520,178,0.791859,2984
1045776,1238520,179,0.797027,2984
1043872,1238520,179,0.799576,2944
1047456,1238520,179,0.794878,2944
1044512,1238520,179,0.798764,2944
1041504,1238520,180,0.802545,2928
1039616,1238520,180,0.804891,2928
1042224,1238520,180,0.801657,2928
1042024,1238520,181,0.801905,2928
1044176,1238520,180,0.799151,2976
1046608,1238520,180,0.795953,2976
1048200,1238520,180,0.793782,2976
1045168,1238520,180,0.797822,2976
1042568,1238520,180,0.801171,2976
1043408,1238520,179,0.800091,3000
1042080,1238520,179,0.801806,3000
1045152,1238520,179,0.797873,3000
1047320,1238520,179,0.794984,3000
1047688,1238520,178,0.794496,3000
1044640,1238520,177,0.798591,3000
1043584,1238520,177,0.799990,3000
1042000,1238520,177,0.802023,3000
1045936,1238520,177,0.796985,3000
1043992,1238520,176,0.799596,3000
1045176,1238520,175,0.798089,3000
1042296,1238520,175,0.801776,3000
1039696,1238520,176,0.804939,3000
1040256,1238520,175,0.804266,3000
1041688,1238520,175,0.802466,3000
1044864,1238520,175,0.798427,3000
1047544,1238520,175,0.794878,3000
1050520,1238520,174,0.790851,3008
1047928,1238520,175,0.794390,2984
1046336,1238520,175,0.796549,2984
1047720,1238520,174,0.794719,2992
1047976,1238520,173,0.794379,2992
1051920,1238520,173,0.788928,2992
1052808,1238520,172,0.787676,2992
1056376,1238520,172,0.782421,2992
1054072,1238520,173,0.785799,2992
1053776,1238520,174,0.786225,2992
1057808,1238520,174,0.780194,2992
1060672,1238520,174,0.775676,2992
1062776,1238520,174,0.772216,2992
1061632,1238520,175,0.774095,2976
1057928,1238520,175,0.779962,2976
1061152,1238520,175,0.774863,2976
1064248,1238520,175,0.769735,2976
1062984,1238520,176,0.771876,2944
1062704,1238520,177,0.772347,2936
1065528,1238520,177,0.767566,2936
1063496,1238520,177,0.771048,2936
1066568,1238520,177,0.765784,2936
1067296,1238520,176,0.764479,2960
1067112,1238520,176,0.764883,2960
1069624,1238520,176,0.760345,2960
1067600,1238520,176,0.764060,2944
1068800,1238520,175,0.761896,2968
1065592,1238520,175,0.767566,2968
1066464,1238520,174,0.766033,2992
1062984,1238520,175,0.771876,2992
1063496,1238520,174,0.771035,2992
1059496,1238520,174,0.777523,2992
1060512,1238520,173,0.775929,2992
1057736,1238520,173,0.780303,2992
1055240,1238520,173,0.784100,2992
1052736,1238520,172,0.787846,2992
1054512,1238520,172,0.785232,2992
1053816,1238520,173,0.786237,2992
1051472,1238520,174,0.789566,2984
1052736,1238520,173,0.787744,3016
1048744,1238520,172,0.793417,2992
1049120,1238520,171,0.792911,2992
1048104,1238520,171,0.794337,2992
1045952,1238520,172,0.797223,2944
1047064,1238520,171,0.795764,2952
1047944,1238520,171,0.794539,2952
1050888,1238520,171,0.790487,2952
1048816,1238520,172,0.793310,2952
1045736,1238520,171,0.797492,2952
1046760,1238520,171,0.796100,2952
1046088,1238520,172,0.796975,2952
1044608,1238520,172,0.798937,2952
1044080,1238520,172,0.799667,2952
1048072,1238520,172,0.794433,2952
1049968,1238520,172,0.791815,2952
1054024,1238520,172,0.786064,2952
1056008,1238520,172,0.783098,2952
1054728,1238520,173,0.784999,2936
1053216,1238520,174,0.787176,2936
1053560,1238520,173,0.786650,2960
1053968,1238520,172,0.786064,2960
1053624,1238520,172,0.786650,2944
1055792,1238520,172,0.783429,2944
1057344,1238520,172,0.781042,2944
1060664,1238520,172,0.775841,2944
1056608,1238520,172,0.782206,2904
1056256,1238520,172,0.782813,2896
1056776,1238520,171,0.782039,2896
1053968,1238520,171,0.786225,2896
1050760,1238520,171,0.790807,2896
1050376,1238520,172,0.791334,2896
1052984,1238520,172,0.787631,2896
1049960,1238520,173,0.791837,2896
1049008,1238520,173,0.793224,2872
1052928,1238520,172,0.787801,2880
1055152,1238520,172,0.784533,2880
1057584,1238520,172,0.780848,2880
1058168,1238520,171,0.779950,2888
1058568,1238520,170,0.779339,2888
1058144,1238520,171,0.779987,2888
1058192,1238520,170,0.779914,2888
1056008,1238520,170,0.783322,2848
1051920,1238520,170,0.789264,2848
1055256,1238520,170,0.784428,2848
1054912,1238520,171,0.784964,2824
1052584,1238520,170,0.788434,2824
1053352,1238520,169,0.787335,2832
1054656,1238520,168,0.785452,2840
1054808,1238520,167,0.785232,2840
1052216,1238520,168,0.788928,2840
1054096,1238520,168,0.786191,2840
1053736,1238520,169,0.786707,2840
1052440,1238520,169,0.788659,2808
1049584,1238520,170,0.792598,2808
1050352,1238520,169,0.791509,2840
1052544,1238520,169,0.788400,2840
1049192,1238520,169,0.793084,2840
1048112,1238520,169,0.794592,2840
1049088,1238520,169,0.793224,2840
1049448,1238520,168,0.792738,2840
1051976,1238520,168,0.789197,2840
1048576,1238520,168,0.793910,2840
1048768,1238520,167,0.793653,2840
1046064,1238520,167,0.797275,2840
1042344,1238520,168,0.801974,2840
1043152,1238520,167,0.800962,2848
1044304,1238520,167,0.799455,2848
1044232,1238520,167,0.799607,2848
1047688,1238520,166,0.795079,2896
1045232,1238520,167,0.798274,2896
1048464,1238520,166,0.794006,2928
1045280,1238520,165,0.798294,2928
1041704,1238520,165,0.802829,2928
1041296,1238520,166,0.803327,2928
1043312,1238520,166,0.800782,2928
1046864,1238520,166,0.796183,2928
1044856,1238520,166,0.798835,2928
1047096,1238520,166,0.795880,2928
1049696,1238520,166,0.792348,2928
1046664,1238520,166,0.796444,2928
1050752,1238520,166,0.790906,2928
1046656,1238520,166,0.796455,2928
1046840,1238520,165,0.796215,2928
1043880,1238520,166,0.800030,2912
1041296,1238520,167,0.803229,2912
1041328,1238520,166,0.803190,2912
1044384,1238520,166,0.799333,2912
1042280,1238520,165,0.802082,2912
1044000,1238520,164,0.799889,2952
1041520,1238520,164,0.803063,2920
1039032,1238520,165,0.806072,2904
1038848,1238520,165,0.806346,2904
1042336,1238520,165,0.802082,2904
1043176,1238520,164,0.801002,2936
1043512,1238520,163,0.800552,2960
1039864,1238520,163,0.805073,2960
1038096,1238520,162,0.807276,2960
1038400,1238520,161,0.806920,2960
1039488,1238520,161,0.805579,2960
1038656,1238520,162,0.806610,2920
1035640,1238520,162,0.810150,2920
1035592,1238520,162,0.810258,2920
1036096,1238520,161,0.809677,2928
1038552,1238520,160,0.806779,2976
1035768,1238520,160,0.810050,2976
1035624,1238520,161,0.810213,2976
1039304,1238520,160,0.805911,3008
1040480,1238520,160,0.804449,3008
1040368,1238520,161,0.804584,3008
1043128,1238520,161,0.801151,3008
1042152,1238520,161,0.802417,3008
1044736,1238520,160,0.799191,3008
1048496,1238520,160,0.794241,3008
1047880,1238520,160,0.795122,3008
1047472,1238520,161,0.795712,2968
1044688,1238520,162,0.799303,2968
1046304,1238520,161,0.797172,3016
1048680,1238520,161,0.793985,3016
1047568,1238520,162,0.795480,3000
1046688,1238520,162,0.796694,3000
1043776,1238520,162,0.800472,3000
1047136,1238520,161,0.796173,3000
1048368,1238520,160,0.794539,3008
1050280,1238520,160,0.791902,3008
1047864,1238520,160,0.795206,3008
1050560,1238520,160,0.791520,3008
1051736,1238520,160,0.789833,3008
1050992,1238520,161,0.790873,3000
1048016,1238520,162,0.794900,2992
1049656,1238520,162,0.792641,2992
1048832,1238520,161,0.793878,2992
1052208,1238520,161,0.789197,2992
1055400,1238520,160,0.784626,3000
1051912,1238520,160,0.789666,3000
1054120,1238520,160,0.786478,3000
1050552,1238520,160,0.791542,3000
1053064,1238520,160,0.787982,3000
1051312,1238520,160,0.790498,3000
1048768,1238520,161,0.793974,2984
1044752,1238520,162,0.799242,2952
1043616,1238520,161,0.800792,2952
1046104,1238520,161,0.797575,2952
1044384,1238520,162,0.799819,2912
1040448,1238520,163,0.804661,2912
1042384,1238520,163,0.802250,2912
1044280,1238520,163,0.799829,2912
1042448,1238520,163,0.802220,2872
1041328,1238520,163,0.803706,2824
1044160,1238520,163,0.800151,2824
1045552,1238520,163,0.798325,2824
1047208,1238520,163,0.796120,2824
1050128,1238520,163,0.792164,2824
1048872,1238520,163,0.793921,2824
1052304,1238520,163,0.789164,2824
1051560,1238520,163,0.790266,2824
1051320,1238520,163,0.790663,2824
1047264,1238520,163,0.796173,2824
1047440,1238520,162,0.795942,2824
1048272,1238520,161,0.794794,2864
1050000,1238520,160,0.792435,2896
1045984,1238520,160,0.797801,2896
1050024,1238520,160,0.792403,2896
1052208,1238520,160,0.789331,2896
1048888,1238520,161,0.793867,2896
1050416,1238520,160,0.791793,2904
1047440,1238520,160,0.795901,2856
1048952,1238520,160,0.793835,2856
1045192,1238520,161,0.798744,2856
1041432,1238520,161,0.803482,2856
1042168,1238520,160,0.802574,2864
1045112,1238520,160,0.798835,2864
1044096,1238520,161,0.800121,2864
1047352,1238520,161,0.795880,2864
1044160,1238520,162,0.799980,2864
1046168,1238520,162,0.797358,2864
1045440,1238520,162,0.798356,2864
1047944,1238520,162,0.795037,2864
1047056,1238520,163,0.796204,2864
1050016,1238520,163,0.792196,2864
1049280,1238520,164,0.793202,2856
1045352,1238520,164,0.798417,2856
1044672,1238520,165,0.799283,2856
1046384,1238520,165,0.797027,2856
1046232,1238520,165,0.797286,2856
1049768,1238520,165,0.792543,2856
1052816,1238520,165,0.788265,2856
1055392,1238520,165,0.784498,2856
1053408,1238520,165,0.787426,2856
1054784,1238520,164,0.785429,2872
1054656,1238520,164,0.785683,2872
1054808,1238520,163,0.785464,2872
1053320,1238520,164,0.787597,2872
1051888,1238520,165,0.789621,2864
1050496,1238520,165,0.791608,2864
1053672,1238520,165,0.787107,2864
1050488,1238520,165,0.791619,2864
1053768,1238520,165,0.786971,2864
1055504,1238520,165,0.784392,2864
1055760,1238520,164,0.783994,2880
1053080,1238520,164,0.787926,2880
1053312,1238520,163,0.787586,2888
1050936,1238520,164,0.790906,2888
1053736,1238520,164,0.786913,2888
1053360,1238520,165,0.787449,2888
1052696,1238520,166,0.788389,2888
1053616,1238520,165,0.787085,2888
1052144,1238520,165,0.789231,2888
1050632,1238520,166,0.791323,2888
1048320,1238520,167,0.794486,2856
1050960,1238520,167,0.790851,2856
1048576,1238520,167,0.794145,2856
1045520,1238520,167,0.798202,2856
1045640,1238520,166,0.798048,2856
1048768,1238520,166,0.793889,2856
1050096,1238520,166,0.792033,2856
1052536,1238520,166,0.788591,2856
1048464,1238520,166,0.794230,2856
1046976,1238520,167,0.796225,2832
1047080,1238520,166,0.796089,2832
1044840,1238520,167,0.798978,2832
1045168,1238520,166,0.798560,2832
1047592,1238520,166,0.795354,2832
1045112,1238520,166,0.798632,2832
1047360,1238520,165,0.795701,2848
1050064,1238520,165,0.792022,2848
1049064,1238520,164,0.793503,2848
1045504,1238520,164,0.798233,2848
1046136,1238520,163,0.797379,2880
1044160,1238520,163,0.799960,2880
1040072,1238520,162,0.773499,2880
1039736,1238520,163,0.773965,2880
1040344,1238520,163,0.773053,2880
1036952,1238520,162,0.777837,2864
1037224,1238520,161,0.777473,2864
1035520,1238520,161,0.779797,2864
1033568,1238520,161,0.782432,2832
1036312,1238520,161,0.778795,2832
1039680,1238520,161,0.774175,2832
1042672,1238520,161,0.769898,2832
1044624,1238520,161,0.766995,2832
1044816,1238520,160,0.766712,2832
1041904,1238520,161,0.770925,2832
1039472,1238520,161,0.774395,2832
1042704,1238520,161,0.769783,2832
1039224,1238520,162,0.774671,2832
1036688,1238520,161,0.778231,2832
1033448,1238520,162,0.782463,2832
1036880,1238520,161,0.777911,2880
1033720,1238520,161,0.782124,2872
1031208,1238520,161,0.785396,2848
1028704,1238520,161,0.788531,2848
1030272,1238520,161,0.786556,2848
1031584,1238520,161,0.784866,2848
1031544,1238520,162,0.784916,2848
1031376,1238520,163,0.785126,2848
1032712,1238520,163,0.783382,2848
1036624,1238520,163,0.778231,2848
1034640,1238520,163,0.780904,2848
1034080,1238520,163,0.781702,2840
1033696,1238520,163,0.782258,2840
1037496,1238520,163,0.777204,2840
1038432,1238520,163,0.775874,2840
1034392,1238520,163,0.781299,2840
1035336,1238520,163,0.780007,2840
1038056,1238520,163,0.776319,2840
1038784,1238520,162,0.775307,2856
1036688,1238520,162,0.778199,2856
1037168,1238520,161,0.777548,2864
1035176,1238520,162,0.780185,2864
1032952,1238520,162,0.783117,2864
1036088,1238520,162,0.778985,2864
1038432,1238520,161,0.775841,2864
1039664,1238520,161,0.774086,2864
1041200,1238520,161,0.771876,2864
1042664,1238520,160,0.769726,2912
1041200,1238520,161,0.771876,2864
1044928,1238520,161,0.766429,2864
1041984,1238520,161,0.770766,2864
1041744,1238520,162,0.771107,2864
1037800,1238520,162,0.776633,2864
1037752,1238520,162,0.776762,2864
1040552,1238520,161,0.772864,2904
1042160,1238520,161,0.770527,2904
1041640,1238520,162,0.771266,2904
1042512,1238520,161,0.770001,2920
1043216,1238520,160,0.768919,2968
1039984,1238520,161,0.773499,2968
1042504,1238520,160,0.769875,3016
1039464,1238520,161,0.774153,3016
1039512,1238520,160,0.774086,3016
1037976,1238520,160,0.776254,3016
1036696,1238520,161,0.778029,2976
1033144,1238520,161,0.782729,2976
1030128,1238520,161,0.786576,2976
1030536,1238520,160,0.786072,2976
1034624,1238520,160,0.780821,2976
1038368,1238520,160,0.775776,2976
1041184,1238520,160,0.771808,2976
1041200,1238520,159,0.771786,2976
1040288,1238520,159,0.773143,2968
1036488,1238520,160,0.778317,2968
1035224,1238520,161,0.780028,2936
1035048,1238520,162,0.780258,2936
1038840,1238520,161,0.775175,2944
1039144,1238520,160,0.774726,2968
1042272,1238520,160,0.770276,2968
1038240,1238520,161,0.775896,2968
1041520,1238520,160,0.771311,2992
1043712,1238520,159,0.768165,2992
1041064,1238520,158,0.772090,2992
1044416,1238520,158,0.767206,2992
1042320,1238520,159,0.770241,2992
1044944,1238520,159,0.766358,2992
1041640,1238520,160,0.771141,2992
1044136,1238520,160,0.767476,2992
1041888,1238520,159,0.770857,2992
1042360,1238520,158,0.770138,3024
1041552,1238520,158,0.771390,3000
1041752,1238520,157,0.771107,3000
1038536,1238520,156,0.775710,3000
1040872,1238520,155,0.772427,3040
1039664,1238520,155,0.774197,3024
1039264,1238520,156,0.774748,3024
1042208,1238520,155,0.770618,3032
1045704,1238520,155,0.765456,3032
1042448,1238520,155,0.770276,3032
1040968,1238520,155,0.772438,3032
1043376,1238520,154,0.768942,3080
1041144,1238520,153,0.772259,3080
1043280,1238520,152,0.769185,3104
1044512,1238520,151,0.767359,3128
1044032,1238520,152,0.768072,3120
1047592,1238520,151,0.762695,3168
1045776,1238520,150,0.765575,3168
1041992,1238520,150,0.771141,3168
1041968,1238520,151,0.771175,3168
1037952,1238520,151,0.752163,3152
1039064,1238520,150,0.750450,3176
1040264,1238520,149,0.748603,3184
1041600,1238520,149,0.746452,3184
1043664,1238520,148,0.743123,3216
1041264,1238520,148,0.747027,3200
1038584,1238520,147,0.751286,3200
1035024,1238520,148,0.756610,3152
1037728,1238520,148,0.752570,3152
1039208,1238520,147,0.750292,3184
1038480,1238520,148,0.751418,3168
1037096,1238520,148,0.753581,3152
1037248,1238520,147,0.753355,3152
1038520,1238520,146,0.751418,3176
1041976,1238520,145,0.746062,3200
1038064,1238520,144,0.752211,3200
1034160,1238520,145,0.757921,3200
1031824,1238520,146,0.761213,3200
1029560,1238520,145,0.764449,3200
1030824,1238520,145,0.762661,3200
1034248,1238520,145,0.757795,3200
1033672,1238520,146,0.758616,3200
1033264,1238520,147,0.759194,3200
1029656,1238520,147,0.764254,3200
1032344,1238520,147,0.760488,3200
1035616,1238520,146,0.755776,3232
1037224,1238520,146,0.753344,3232
1039584,1238520,145,0.749744,3264
1042192,1238520,145,0.745621,3264
1039984,1238520,146,0.749058,3264
1042200,1238520,145,0.745571,3288
1040192,1238520,146,0.748701,3288
1043704,1238520,146,0.743098,3288
1043560,1238520,147,0.743329,3288
1042360,1238520,147,0.745356,3264
1045304,1238520,147,0.740536,3264
1047344,1238520,146,0.737077,3304
1046368,1238520,146,0.738792,3304
1042312,1238520,147,0.745369,3304
1041976,1238520,148,0.745937,3280
1045728,1238520,148,0.739812,3280
1045096,1238520,149,0.740904,3248
1047080,1238520,148,0.737602,3256
1047000,1238520,149,0.737736,3256
1045752,1238520,149,0.739891,3256
1047760,1238520,148,0.736536,3256
1051496,1238520,148,0.729973,3256
1053128,1238520,148,0.726953,3256
1056712,1238520,148,0.720188,3256
1055936,1238520,149,0.721661,3256
1058752,1238520,149,0.716144,3256
1057904,1238520,149,0.717894,3256
1054552,1238520,149,0.724340,3256
1051096,1238520,150,0.730640,3232
1047680,1238520,150,0.736631,3232
1046120,1238520,151,0.739243,3232
1045336,1238520,151,0.740615,3232
1048560,1238520,151,0.735135,3232
1045616,1238520,152,0.740089,3224
1047640,1238520,152,0.736631,3224
1046408,1238520,152,0.738778,3224
1045064,1238520,153,0.741008,3216
1046232,1238520,153,0.739004,3216
1046728,1238520,152,0.738151,3232
1049264,1238520,152,0.733759,3232
1051208,1238520,152,0.730271,3232
1053064,1238520,152,0.726851,3232
1051560,1238520,152,0.729646,3232
1047584,1238520,152,0.736631,3232
1044888,1238520,152,0.741191,3232
1042376,1238520,152,0.745306,3232
1039104,1238520,153,0.750426,3200
1036360,1238520,152,0.754666,3200
1039568,1238520,152,0.749793,3200
1038232,1238520,152,0.751887,3200
1039488,1238520,152,0.749915,3200
1038808,1238520,152,0.751056,3176
1040864,1238520,152,0.747836,3176
1038928,1238520,152,0.750875,3176
1041744,1238520,152,0.746464,3176
1044512,1238520,151,0.742025,3192
1042496,1238520,151,0.745331,3192
1043216,1238520,150,0.744149,3216
1045984,1238520,150,0.739574,3216
1046464,1238520,149,0.738712,3256
1047864,1238520,148,0.736333,3272
1049344,1238520,147,0.733745,3304
1050024,1238520,146,0.732565,3304
1049512,1238520,147,0.733455,3304
1049568,1238520,146,0.733358,3304
1052272,1238520,146,0.728500,3304
1051472,1238520,146,0.730016,3304
1050944,1238520,147,0.730993,3280
1052200,1238520,147,0.728673,3280
1052152,1238520,148,0.728759,3280
1049544,1238520,148,0.733441,3280
1051720,1238520,148,0.729532,3280
1050048,1238520,149,0.732481,3280
1052976,1238520,149,0.727186,3280
1053288,1238520,148,0.726589,3296
1050472,1238520,148,0.731711,3296
1048520,1238520,148,0.735176,3296
1047680,1238520,149,0.736604,3296
1048760,1238520,149,0.734682,3296
1052040,1238520,149,0.728845,3296
1055256,1238520,149,0.722865,3296
1056888,1238520,148,0.719698,3336
1056632,1238520,148,0.720279,3336
1054312,1238520,149,0.724636,3336
1054680,1238520,148,0.723954,3336
1051176,1238520,149,0.730314,3336
1051192,1238520,148,0.730286,3336
1053736,1238520,148,0.725609,3336
1053328,1238520,148,0.726443,3336
1055648,1238520,147,0.722144,3336
1054704,1238520,147,0.723999,3336
1056504,1238520,147,0.720523,3336
1053704,1238520,148,0.725756,3336
1052304,1238520,149,0.728299,3336
1053720,1238520,149,0.725638,3336
1050000,1238520,149,0.732397,3328
1053576,1238520,149,0.725917,3328
1049544,1238520,149,0.733191,3328
1046208,1238520,149,0.738938,3328
1049232,1238520,149,0.733731,3328
1052000,1238520,148,0.728802,3360
1055864,1238520,148,0.721601,3360
1054928,1238520,148,0.723448,3360
1052168,1238520,148,0.728587,3360
1054128,1238520,148,0.724932,3360
1057448,1238520,148,0.718575,3360
1055808,1238520,148,0.721842,3336
1058512,1238520,148,0.716552,3336
1057736,1238520,148,0.712495,3336
1058592,1238520,147,0.710714,3376
1055888,1238520,147,0.716116,3376
1051800,1238520,148,0.723777,3376
1050448,1238520,148,0.726307,3376
1054024,1238520,148,0.719661,3376
1055736,1238520,147,0.716393,3384
1055264,1238520,147,0.717435,3360
1052456,1238520,148,0.722708,3352
1049688,1238520,149,0.727732,3336
1053728,1238520,149,0.720291,3336
1049688,1238520,149,0.727732,3336
1050720,1238520,149,0.725805,3336
1052952,1238520,149,0.721646,3336
1053344,1238520,148,0.720903,3344
1050632,1238520,149,0.725862,3344
1049600,1238520,150,0.727718,3336
1050856,1238520,149,0.725387,3384
1050248,1238520,149,0.726565,3384
1049968,1238520,149,0.727149,3384
1051088,1238520,148,0.725070,3424
1053520,1238520,148,0.720515,3424
1051328,1238520,149,0.724548,3424
1055088,1238520,149,0.717465,3424
1058400,1238520,149,0.710906,3424
1055584,1238520,148,0.716608,3424
1057128,1238520,148,0.713519,3424
1059112,1238520,148,0.709477,3424
1056528,1238520,149,0.714598,3424
1058120,1238520,149,0.711369,3424
1055888,1238520,149,0.715838,3424
1052656,1238520,150,0.721942,3424
1051232,1238520,150,0.724635,3424
1052832,1238520,150,0.721616,3424
1056608,1238520,150,0.714348,3424
1059552,1238520,150,0.708391,3424
1057048,1238520,150,0.713487,3424
1057688,1238520,149,0.712179,3448
1056568,1238520,150,0.714457,3408
1053344,1238520,150,0.720694,3408
1049920,1238520,151,0.726936,3408
1049816,1238520,151,0.727206,3408
1053376,1238520,150,0.720679,3432
1051416,1238520,150,0.724374,3432
1050456,1238520,151,0.726121,3424
1050624,1238520,150,0.725819,3424
1047792,1238520,151,0.730815,3424
1049936,1238520,151,0.726964,3424
1050680,1238520,150,0.725603,3440
1046840,1238520,151,0.732412,3400
1046736,1238520,152,0.732590,3400
1048080,1238520,151,0.730259,3408
1051368,1238520,151,0.724331,3408
1052760,1238520,150,0.721764,3416
1056120,1238520,150,0.715312,3416
1056664,1238520,149,0.714239,3424
1053208,1238520,150,0.720918,3376
1053696,1238520,149,0.719961,3400
1050264,1238520,149,0.726336,3400
1046528,1238520,149,0.732945,3400
1045352,1238520,149,0.735015,3400
1042128,1238520,149,0.740395,3400
1042656,1238520,148,0.739542,3400
1043984,1238520,147,0.737305,3440
1047184,1238520,146,0.731905,3448
1050216,1238520,146,0.726507,3448
1046656,1238520,147,0.732768,3424
1048768,1238520,147,0.729030,3424
1048400,1238520,148,0.729674,3424
1045440,1238520,149,0.734747,3424
1043456,1238520,150,0.738055,3416
1044680,1238520,150,0.735952,3416
1043568,1238520,151,0.737871,3368
1043864,1238520,150,0.737384,3368
1042504,1238520,151,0.739607,3368
1043072,1238520,150,0.738683,3368
1047048,1238520,150,0.731946,3368
1045560,1238520,151,0.734477,3368
1044784,1238520,151,0.735859,3368
1046752,1238520,150,0.732495,3392
1048672,1238520,150,0.729086,3392
1047224,1238520,150,0.731685,3392
1049584,1238520,150,0.727476,3392
1046952,1238520,150,0.732152,3392
1049808,1238520,150,0.727078,3392
1052320,1238520,150,0.722443,3392
1048552,1238520,150,0.729338,3368
1050592,1238520,150,0.725632,3368
1048936,1238520,150,0.728678,3360
1045088,1238520,150,0.735364,3360
1043232,1238520,149,0.738591,3360
1041816,1238520,150,0.740884,3360
1038688,1238520,150,0.745882,3360
1036176,1238520,150,0.749773,3360
1036840,1238520,149,0.748775,3360
1032984,1238520,150,0.754460,3360
1030032,1238520,151,0.758641,3360
1032080,1238520,151,0.755687,3360
1035960,1238520,150,0.750024,3360
1033240,1238520,150,0.754091,3360
1033536,1238520,149,0.753662,3360
1037376,1238520,148,0.747940,3376
1039320,1238520,147,0.744953,3376
1040768,1238520,146,0.742618,3416
1044720,1238520,146,0.736125,3416
1042720,1238520,146,0.739490,3416
1041088,1238520,146,0.742187,3416
1042696,1238520,146,0.739529,3416
1041624,1238520,147,0.741320,3376
1039704,1238520,147,0.744467,3352
1038344,1238520,147,0.746645,3352
1040296,1238520,147,0.743539,3352
1042528,1238520,147,0.739905,3352
1045528,1238520,147,0.734881,3352
1045872,1238520,146,0.734302,3352
1048856,1238520,146,0.729086,3352
1044816,1238520,147,0.735992,3352
1046672,1238520,147,0.732782,3352
1046568,1238520,147,0.733041,3352
1045240,1238520,148,0.735351,3312
1045008,1238520,148,0.735832,3304
1049080,1238520,148,0.728777,3304
1052192,1238520,148,0.723105,3304
1052992,1238520,147,0.721631,3304
1051816,1238520,147,0.723879,3304
1053640,1238520,147,0.720426,3304
1051064,1238520,148,0.725156,3304
1051488,1238520,147,0.724331,3336
1051456,1238520,148,0.724389,3336
1051936,1238520,147,0.723441,3376
1050320,1238520,148,0.726450,3328
1052640,1238520,148,0.722148,3328
1051912,1238520,148,0.723631,3296
1053400,1238520,147,0.720873,3304
1052248,1238520,148,0.723002,3304
1051824,1238520,149,0.723836,3272
1051872,1238520,148,0.723748,3272
1053216,1238520,147,0.721245,3288
1049352,1238520,147,0.728326,3288
1050808,1238520,147,0.725647,3288
1046872,1238520,148,0.732549,3288
1044744,1238520,149,0.736138,3288
1046880,1238520,149,0.732453,3288
1049304,1238520,149,0.728156,3288
1049008,1238520,150,0.728678,3288
1045960,1238520,150,0.734099,3240
1047480,1238520,150,0.731423,3240
1046184,1238520,150,0.733747,3224
1047296,1238520,149,0.731850,3224
1047496,1238520,148,0.731506,3224
1043792,1238520,149,0.737739,3224
1041848,1238520,149,0.740974,3224
1039056,1238520,150,0.745375,3224
1038584,1238520,151,0.746153,3192
1040744,1238520,150,0.742719,3232
1040888,1238520,149,0.742491,3232
1041096,1238520,148,0.742161,3232
1043992,1238520,148,0.737397,3232
1041296,1238520,147,0.741932,3224
1043816,1238520,147,0.737779,3224
1042944,1238520,148,0.739230,3208
1045208,1238520,148,0.735418,3208
1042848,1238520,149,0.739360,3176
1039904,1238520,150,0.744054,3176
1040000,1238520,149,0.743904,3176
1037832,1238520,150,0.747258,3176
1038016,1238520,149,0.746976,3176
1038424,1238520,148,0.746350,3176
1035400,1238520,149,0.750917,3176
1031400,1238520,150,0.756710,3176
1032024,1238520,149,0.755813,3184
1030112,1238520,149,0.758575,3184
1032168,1238520,149,0.755607,3184
1032016,1238520,150,0.755824,3184
1031120,1238520,150,0.757162,3184
1028088,1238520,151,0.761362,3184
1029432,1238520,150,0.759485,3208
1027536,1238520,151,0.762078,3208
1028544,1238520,150,0.760685,3224
1030632,1238520,150,0.757725,3224
1027824,1238520,150,0.761666,3224
1027840,1238520,149,0.761644,3224
1026840,1238520,149,0.763059,3224
1030480,1238520,149,0.758005,3224
1031560,1238520,149,0.756416,3224
1028736,1238520,150,0.760356,3224
1028472,1238520,150,0.760783,3224
1031376,1238520,149,0.756688,3264
1031576,1238520,148,0.756404,3264
1034096,1238520,148,0.752707,3264
1030176,1238520,149,0.758318,3256
1026680,1238520,149,0.763166,3256
1028696,1238520,149,0.760367,3256
1025664,1238520,150,0.764457,3256
1021968,1238520,151,0.769258,3256
1023280,1238520,150,0.767576,3256
1025848,1238520,150,0.764149,3256
1024696,1238520,151,0.765671,3256
1020760,1238520,152,0.770725,3256
1021384,1238520,151,0.769877,3304
1020304,1238520,151,0.771296,3304
1021120,1238520,150,0.770241,3328
1017568,1238520,150,0.774695,3328
1016712,1238520,150,0.775844,3280
1016048,1238520,151,0.776639,3280
1017032,1238520,150,0.775430,3304
1020672,1238520,150,0.770895,3304
1020424,1238520,151,0.771206,3304
1018728,1238520,152,0.773308,3304
1015656,1238520,152,0.777077,3304
1019288,1238520,152,0.772619,3304
1021704,1238520,152,0.769532,3304
1023568,1238520,151,0.767100,3336
1026912,1238520,151,0.762618,3336
1024496,1238520,152,0.765880,3296
1025328,1238520,151,0.764754,3320
1025640,1238520,150,0.764340,3320
1025568,1238520,150,0.764499,3320
1025992,1238520,149,0.763936,3320
1029072,1238520,149,0.759695,3320
1028392,1238520,148,0.760805,3288
1027664,1238520,148,0.761861,3288
1024632,1238520,148,0.765964,3288
1026176,1238520,148,0.763861,3288
1029184,1238520,147,0.759750,3312
1029296,1238520,146,0.759595,3312
1028064,1238520,146,0.761362,3304
1029344,1238520,146,0.759540,3304
1026480,1238520,145,0.763562,3304
1023128,1238520,146,0.767958,3304
1023328,1238520,145,0.767690,3312
1026288,1238520,145,0.763744,3312
1024128,1238520,145,0.766653,3312
1021640,1238520,146,0.769847,3312
1023888,1238520,146,0.766903,3312
1024264,1238520,145,0.766414,3312
1020256,1238520,146,0.771526,3312
1019840,1238520,147,0.772044,3312
1020888,1238520,147,0.770674,3312
1018640,1238520,148,0.773485,3296
1018280,1238520,148,0.773984,3296
1020640,1238520,148,0.771006,3296
1021352,1238520,147,0.770069,3328
1020784,1238520,147,0.770845,3328
1019056,1238520,148,0.773033,3296
1019040,1238520,149,0.773053,3296
1020144,1238520,148,0.771626,3344
1016392,1238520,148,0.776266,3344
1019840,1238520,148,0.772004,3344
1018752,1238520,148,0.773407,3344
1016768,1238520,149,0.775816,3344
1018864,1238520,149,0.773210,3344
1020768,1238520,149,0.770785,3344
1020464,1238520,149,0.771226,3344
1018456,1238520,150,0.773711,3344
1021576,1238520,150,0.769766,3344
1023984,1238520,150,0.766612,3344
1027016,1238520,150,0.762532,3344
1027216,1238520,149,0.762251,3352
1031112,1238520,149,0.756801,3352
1027904,1238520,149,0.761318,3352
1028592,1238520,148,0.760367,3360
1026456,1238520,148,0.763327,3360
1026904,1238520,147,0.762715,3368
1023920,1238520,147,0.766726,3368
1021776,1238520,148,0.769512,3344
1022712,1238520,147,0.768307,3352
1025992,1238520,147,0.763957,3352
1023024,1238520,147,0.767906,3352
1020552,1238520,148,0.771046,3352
1017800,1238520,148,0.774501,3352
1017000,1238520,149,0.775469,3352
1015224,1238520,149,0.777646,3352
1018784,1238520,149,0.773299,3352
1020208,1238520,148,0.771536,3352
1023232,1238520,148,0.767638,3352
1020624,1238520,148,0.771016,3352
1022800,1238520,148,0.768194,3352
1025144,1238520,148,0.765081,3352
1025920,1238520,147,0.764053,3352
1023384,1238520,148,0.767380,3352
1027392,1238520,148,0.762013,3352
1023984,1238520,147,0.766664,3352
1027528,1238520,147,0.761894,3352
1027432,1238520,148,0.762024,3352
1030472,1238520,148,0.757769,3352
1029144,1238520,149,0.759618,3352
1030040,1238520,148,0.758374,3352
1029888,1238520,149,0.758586,3352
1027288,1238520,150,0.762154,3352
1028520,1238520,150,0.760410,3352
1028552,1238520,149,0.760367,3352
1028432,1238520,150,0.760531,3352
1026000,1238520,150,0.763883,3352
1027888,1238520,150,0.761274,3352
1024776,1238520,150,0.765502,3352
1028864,1238520,150,0.759938,3352
1029128,1238520,149,0.759551,3368
1026744,1238520,150,0.762801,3368
1027368,1238520,149,0.761948,3376
1024112,1238520,149,0.766341,3376
1022000,1238520,149,0.769126,3376
1019824,1238520,149,0.771924,3376
1023808,1238520,149,0.766799,3376
1024504,1238520,149,0.765828,3376
1025792,1238520,149,0.764064,3376
1023296,1238520,150,0.767338,3376
1020760,1238520,150,0.770634,3376
1024040,1238520,150,0.766372,3376
1027808,1238520,150,0.761285,3376
1024992,1238520,151,0.765060,3376
1027768,1238520,150,0.761285,3416
1025664,1238520,149,0.764245,3416
1021680,1238520,149,0.769482,3416
1023416,1238520,148,0.767224,3440
1025136,1238520,148,0.764912,3440
1021048,1238520,148,0.770251,3440
1022728,1238520,147,0.768102,3448
1021296,1238520,148,0.769928,3448
1024920,1238520,147,0.765208,3480
1023664,1238520,148,0.766851,3480
1024024,1238520,147,0.766372,3488
1021616,1238520,148,0.769472,3488
1022240,1238520,147,0.768656,3504
1020096,1238520,147,0.771426,3504
1021928,1238520,147,0.769054,3504
1017904,1238520,148,0.774072,3504
1021480,1238520,148,0.769563,3504
1018856,1238520,148,0.772954,3464
1020912,1238520,148,0.770332,3464
1019200,1238520,149,0.772470,3464
1021408,1238520,148,0.769675,3488
1019752,1238520,148,0.771815,3488
1021744,1238520,148,0.769248,3488
1020736,1238520,149,0.770544,3472
1022568,1238520,149,0.768153,3472
1018888,1238520,150,0.772826,3440
1015288,1238520,151,0.777181,3440
1015624,1238520,150,0.776772,3448
1018696,1238520,150,0.772994,3448
1017064,1238520,151,0.775034,3408
1018208,1238520,150,0.773583,3456
1018064,1238520,151,0.773760,3456
1014528,1238520,152,0.778004,3456
1010776,1238520,152,0.782392,3456
1007048,1238520,152,0.786583,3456
1006184,1238520,153,0.787519,3456
1006864,1238520,153,0.786731,3456
1010728,1238520,153,0.782392,3456
1010304,1238520,154,0.782870,3456
1011992,1238520,153,0.780942,3464
1010896,1238520,154,0.782192,3464
1013568,1238520,154,0.779064,3464
1016104,1238520,153,0.776065,3464
1018248,1238520,153,0.773407,3464
1019208,1238520,152,0.772213,3472
1017256,1238520,152,0.774666,3472
1015600,1238520,153,0.776658,3472
1017312,1238520,152,0.774598,3472
1020864,1238520,151,0.770201,3472
1019344,1238520,151,0.772163,3472
1019328,1238520,151,0.772242,3472
1022696,1238520,151,0.767927,3472
1025224,1238520,151,0.764563,3472
1021936,1238520,151,0.768901,3472
1023608,1238520,150,0.766747,3472
1022064,1238520,151,0.768789,3432
1025840,1238520,150,0.763819,3464
1023888,1238520,150,0.766455,3464
1024032,1238520,149,0.766267,3464
1022544,1238520,150,0.768205,3456
1025416,1238520,150,0.764393,3456
1021448,1238520,151,0.769543,3456
1021840,1238520,150,0.769034,3464
1021128,1238520,151,0.769978,3432
1019352,1238520,152,0.772203,3432
1021352,1238520,152,0.769634,3432
1024800,1238520,152,0.765113,3432
1022480,1238520,152,0.768194,3432
1024296,1238520,152,0.765775,3432
1021072,1238520,153,0.769928,3432
1022360,1238520,153,0.768225,3432
1021512,1238520,153,0.769370,3432
1020792,1238520,152,0.770453,3392
1021368,1238520,151,0.769695,3416
1025352,1238520,151,0.764467,3416
1024880,1238520,152,0.765123,3392
1027328,1238520,151,0.761785,3440
1026920,1238520,152,0.762338,3440
1029000,1238520,152,0.759430,3440
1028472,1238520,152,0.760224,3440
1031928,1238520,152,0.755310,3440
1030672,1238520,153,0.757162,3392
1031816,1238520,152,0.755470,3440
1031616,1238520,153,0.755756,3440
1032784,1238520,153,0.754010,3440
1029680,1238520,153,0.758485,3440
1033664,1238520,153,0.752730,3440
1032208,1238520,154,0.754840,3440
1034128,1238520,154,0.751980,3440
1032928,1238520,154,0.753801,3440
1033920,1238520,153,0.752309,3472
1030560,1238520,154,0.757140,3472
1026824,1238520,153,0.762424,3472
1028560,1238520,152,0.760004,3512
1030888,1238520,152,0.756688,3512
1030632,1238520,153,0.757072,3496
1031400,1238520,152,0.755961,3512
1028808,1238520,153,0.759595,3512
1032160,1238520,152,0.754863,3520
1031304,1238520,152,0.756211,3480
1032688,1238520,151,0.754160,3528
1031488,1238520,150,0.756018,3528
1034304,1238520,150,0.751874,3528
1033824,1238520,151,0.752637,3488
1033992,1238520,150,0.752391,3488
1033560,1238520,151,0.753081,3448
1030432,1238520,152,0.757556,3448
1034072,1238520,152,0.752262,3448
1034752,1238520,152,0.751189,3448
1032848,1238520,152,0.754044,3448
1033872,1238520,152,0.752485,3448
1033032,1238520,152,0.753824,3416
1036928,1238520,152,0.747976,3416
1033704,1238520,153,0.752777,3416
1033392,1238520,153,0.753325,3400
1032408,1238520,153,0.754851,3376
1032944,1238520,152,0.754068,3384
1033040,1238520,151,0.753929,3384
1030080,1238520,151,0.758206,3384
1030616,1238520,150,0.757421,3408
1032872,1238520,150,0.754137,3408
1030440,1238520,150,0.757668,3408
1032064,1238520,149,0.755345,3424
1029848,1238520,148,0.758641,3400
1028072,1238520,149,0.761089,3400
1027160,1238520,149,0.762392,3400
1028416,1238520,148,0.760619,3448
1028928,1238520,147,0.759905,3456
1025064,1238520,148,0.765113,3456
1028208,1238520,148,0.760827,3456
1030240,1238520,147,0.758016,3456
1028320,1238520,147,0.760739,3456
1029744,1238520,146,0.758764,3464
1027680,1238520,147,0.761644,3432
1023864,1238520,148,0.766716,3432
1025680,1238520,148,0.764266,3432
1029304,1238520,148,0.759286,3432
1025728,1238520,149,0.764138,3432
1027336,1238520,148,0.761916,3480
1025696,1238520,149,0.764117,3480
1024592,1238520,150,0.765639,3432
1021136,1238520,150,0.770150,3432
1022776,1238520,149,0.768061,3432
1025904,1238520,149,0.763904,3432
1021928,1238520,149,0.769146,3432
1021224,1238520,149,0.770160,3384
1023560,1238520,149,0.767110,3384
1019960,1238520,149,0.771745,3384
1019648,1238520,150,0.772133,3384
1021992,1238520,150,0.769126,3384
1023536,1238520,149,0.767090,3424
1025656,1238520,149,0.764245,3424
1022392,1238520,149,0.768564,3424
1021448,1238520,150,0.769776,3416
1024400,1238520,150,0.765912,3416
1027312,1238520,150,0.761970,3416
1023400,1238520,151,0.767152,3416
1020792,1238520,152,0.770483,3416
1022640,1238520,152,0.768071,3416
1020448,1238520,152,0.770966,3376
1024392,1238520,151,0.765891,3392
1022784,1238520,151,0.768040,3392
1022688,1238520,152,0.768163,3392
1020832,1238520,153,0.770523,3392
1017928,1238520,154,0.774170,3352
1021720,1238520,154,0.769390,3352
1022832,1238520,153,0.767917,3392
1023344,1238520,152,0.767235,3408
1022376,1238520,152,0.768543,3408
1023680,1238520,152,0.766799,3408
1024176,1238520,151,0.766152,3408
1024664,1238520,150,0.765492,3424
1026288,1238520,150,0.763273,3424
1025520,1238520,150,0.764404,3392
1025504,1238520,151,0.764425,3392
1027872,1238520,151,0.761176,3392
1031376,1238520,151,0.756234,3392
1028432,1238520,151,0.760410,3392
1026760,1238520,151,0.762747,3392
1025200,1238520,151,0.764891,3392
1025840,1238520,150,0.764010,3416
1026048,1238520,149,0.763723,3424
1026112,1238520,148,0.763637,3424
1025088,1238520,148,0.765060,3424
1024608,1238520,149,0.765744,3384
1021400,1238520,149,0.769938,3384
1024056,1238520,148,0.766476,3424
1022944,1238520,148,0.767989,3416
1025120,1238520,148,0.765092,3416
1028016,1238520,147,0.761144,3464
1031096,1238520,147,0.756801,3464
1030008,1238520,147,0.758396,3464
1030528,1238520,146,0.757668,3464
1026536,1238520,147,0.763145,3464
1028960,1238520,147,0.759783,3464
1028928,1238520,148,0.759827,3464
1027472,1238520,149,0.761883,3416
1029128,1238520,149,0.759551,3416
1027600,1238520,149,0.761720,3408
1028568,1238520,148,0.760378,3424
1024640,1238520,149,0.765650,3424
1023800,1238520,149,0.766809,3424
1023296,1238520,150,0.767463,3424
1024232,1238520,149,0.766226,3440
1025872,1238520,149,0.764000,3440
1023792,1238520,149,0.766799,3440
1027736,1238520,148,0.761492,3488
1028288,1238520,147,0.760728,3496
1025192,1238520,148,0.764891,3496
1024224,1238520,149,0.766184,3480
1024176,1238520,150,0.766247,3480
1027400,1238520,150,0.761894,3480
1025408,1238520,151,0.764563,3480
1021512,1238520,152,0.769614,3480
1023640,1238520,152,0.766820,3480
1026336,1238520,152,0.763198,3480
1023224,1238520,152,0.767359,3480
1024256,1238520,152,0.765954,3480
1024864,1238520,152,0.765092,3480
1028000,1238520,152,0.760816,3480
1031120,1238520,152,0.756404,3480
1028184,1238520,152,0.760586,3464
1026448,1238520,153,0.762995,3424
1028664,1238520,153,0.759916,3424
1027648,1238520,153,0.761416,3392
1025240,1238520,154,0.764711,3344
1021616,1238520,155,0.769451,3312
1017672,1238520,156,0.774355,3312
1020136,1238520,156,0.771256,3312
1021848,1238520,156,0.769034,3312
1024032,1238520,156,0.766152,3312
1023664,1238520,156,0.766705,3304
1026128,1238520,156,0.763391,3304
1028920,1238520,156,0.759529,3304
1031088,1238520,156,0.756427,3304
1028872,1238520,156,0.759595,3304
1028952,1238520,155,0.759485,3304
1025504,1238520,155,0.764223,3304
1027584,1238520,155,0.761362,3304
1024272,1238520,155,0.765849,3304
1026712,1238520,155,0.762543,3304
1025600,1238520,155,0.764128,3280
1025864,1238520,154,0.763776,3280
1023808,1238520,154,0.766549,3280
1025456,1238520,154,0.764319,3280
1023744,1238520,155,0.766580,3272
1026800,1238520,155,0.762467,3272
1024768,1238520,155,0.765239,3272
1027576,1238520,155,0.761416,3272
1026896,1238520,156,0.762338,3272
1027680,1238520,155,0.761253,3288
1025624,1238520,156,0.764021,3288
1027232,1238520,155,0.761861,3288
1026904,1238520,156,0.762305,3288
1029352,1238520,156,0.758886,3288
1027960,1238520,156,0.760881,3280
1031944,1238520,156,0.755241,3280
1027880,1238520,157,0.760925,3280
1029880,1238520,157,0.758094,3280
1029704,1238520,158,0.758351,3272
1031432,1238520,158,0.755847,3272
1030096,1238520,159,0.757736,3272
1033368,1238520,159,0.752987,3272
1031248,1238520,160,0.756041,3272
1029768,1238520,160,0.758240,3240
1032176,1238520,160,0.754759,3240
1033856,1238520,159,0.752262,3280
1031768,1238520,159,0.755390,3256
1034280,1238520,159,0.751674,3256
1031856,1238520,158,0.755333,3256
1029392,1238520,158,0.758875,3256
1026624,1238520,158,0.762726,3256
1027792,1238520,157,0.761111,3280
1024208,1238520,158,0.765901,3280
1023696,1238520,159,0.766580,3272
1021112,1238520,159,0.769958,3272
1024304,1238520,159,0.765786,3272
1021832,1238520,160,0.768983,3272
1023864,1238520,160,0.766299,3272
1025920,1238520,160,0.763520,3272
1022704,1238520,161,0.767741,3272
1020968,1238520,162,0.769989,3248
1017344,1238520,162,0.774540,3248
1018920,1238520,161,0.772569,3280
1015152,1238520,161,0.777191,3280
1016496,1238520,161,0.775527,3280
1019112,1238520,161,0.772272,3280
1021160,1238520,161,0.769644,3280
1019704,1238520,162,0.771476,3280
1017664,1238520,162,0.774053,3280
1015456,1238520,163,0.776715,3280
1016320,1238520,162,0.775681,3280
1017832,1238520,162,0.773789,3280
1021856,1238520,162,0.768697,3280
1025720,1238520,162,0.763584,3280
1028168,1238520,161,0.760235,3304
1025088,1238520,161,0.764457,3304
1026752,1238520,161,0.762165,3304
1029992,1238520,161,0.757635,3304
1027480,1238520,161,0.761176,3304
1027176,1238520,161,0.761688,3280
1029768,1238520,161,0.758050,3280
1028160,1238520,160,0.760410,3280
1024656,1238520,160,0.765187,3280
1028192,1238520,160,0.760367,3280
1029440,1238520,159,0.758630,3288
1030552,1238520,158,0.757004,3336
1029168,1238520,159,0.758953,3328
1027968,1238520,160,0.760619,3320
1024592,1238520,160,0.765218,3320
1020848,1238520,161,0.770049,3320
1020456,1238520,162,0.770554,3312
1021048,1238520,162,0.769746,3312
1021416,1238520,161,0.769278,3312
1021216,1238520,162,0.769543,3304
1017768,1238520,163,0.773838,3304
1018704,1238520,162,0.772668,3320
1015744,1238520,163,0.776266,3320
1016136,1238520,162,0.775787,3328
1017200,1238520,162,0.774443,3328
1014168,1238520,163,0.778070,3328
1018088,1238520,163,0.773299,3328
1017888,1238520,163,0.773603,3328
1019008,1238520,163,0.772163,3328
1021752,1238520,163,0.768645,3328
1021784,1238520,162,0.768605,3328
1018248,1238520,162,0.773102,3328
1020064,1238520,162,0.770785,3328
1018880,1238520,162,0.772322,3328
1018576,1238520,163,0.772737,3296
1019408,1238520,162,0.771686,3312
1021704,1238520,162,0.768727,3312
1025216,1238520,161,0.764149,3312
1022192,1238520,161,0.768163,3312
1024760,1238520,161,0.764754,3312
1022952,1238520,161,0.767183,3312
1026360,1238520,160,0.762629,3352
1024088,1238520,161,0.765650,3352
1026200,1238520,161,0.762780,3352
1022880,1238520,161,0.767224,3352
1022848,1238520,162,0.767266,3352
1026896,1238520,162,0.761840,3352
1030960,1238520,162,0.756132,3352
1028920,1238520,162,0.759119,3312
1032168,1238520,162,0.754460,3312
1030064,1238520,161,0.757590,3312
1030992,1238520,161,0.756211,3312
1027792,1238520,161,0.760750,3304
1026448,1238520,161,0.762672,3280
1027672,1238520,160,0.760969,3312
1025232,1238520,161,0.764255,3312
1026328,1238520,161,0.762726,3312
1030192,1238520,161,0.757342,3312
1026504,1238520,161,0.762489,3312
1022728,1238520,162,0.767514,3280
1019088,1238520,161,0.772242,3280
1019968,1238520,160,0.771146,3280
1023424,1238520,160,0.766674,3280
1020496,1238520,161,0.770423,3280
1017840,1238520,162,0.773769,3240
1019520,1238520,162,0.771636,3240
1015944,1238520,162,0.776065,3240
1019008,1238520,162,0.772272,3240
1022344,1238520,161,0.767999,3288
1023336,1238520,160,0.766716,3288
1022192,1238520,160,0.768318,3240
1018248,1238520,161,0.773328,3192
1015208,1238520,162,0.777001,3192
1017480,1238520,161,0.774267,3192
1019488,1238520,161,0.771735,3192
1017776,1238520,161,0.773906,3192
1021808,1238520,161,0.768809,3192
1025584,1238520,160,0.763840,3224
1024272,1238520,160,0.765639,3224
1024296,1238520,159,0.765607,3224
1021560,1238520,160,0.769146,3224
1024696,1238520,160,0.765018,3224
1023760,1238520,161,0.766267,3208
1021232,1238520,162,0.769522,3208
1025096,1238520,162,0.764446,3208
1027976,1238520,161,0.760498,3256
1024840,1238520,161,0.764785,3256
1024672,1238520,162,0.765007,3256
1024936,1238520,161,0.764626,3280
1021072,1238520,161,0.769695,3280
1023296,1238520,161,0.766778,3280
1027208,1238520,161,0.761514,3280
1024664,1238520,161,0.764986,3280
1022608,1238520,161,0.767731,3280
1026672,1238520,161,0.762305,3280
1029952,1238520,161,0.757725,3280
1029024,1238520,161,0.759086,3280
1028752,1238520,162,0.759474,3272
1031528,1238520,162,0.755505,3272
1033776,1238520,162,0.752180,3272
1031592,1238520,163,0.755345,3272
1027792,1238520,163,0.760728,3272
1027592,1238520,164,0.761013,3264
1028992,1238520,164,0.759019,3264
1025200,1238520,164,0.764234,3264
1026616,1238520,164,0.762273,3264
1030512,1238520,163,0.756869,3280
1029832,1238520,164,0.757882,3240
1026920,1238520,164,0.761959,3240
1029000,1238520,164,0.759042,3240
1029216,1238520,163,0.758742,3240
1032808,1238520,163,0.753569,3240
1031904,1238520,163,0.754943,3240
1032840,1238520,162,0.753569,3256
1029488,1238520,162,0.758407,3256
1030296,1238520,161,0.757275,3256
1028824,1238520,161,0.759396,3256
1032600,1238520,161,0.753987,3256
1030352,1238520,160,0.757331,3256
1030368,1238520,159,0.757309,3256
1028944,1238520,160,0.759308,3248
1027712,1238520,161,0.761002,3248
1031120,1238520,161,0.756189,3248
1031560,1238520,160,0.755516,3280
1028504,1238520,160,0.759871,3280
1032152,1238520,160,0.754667,3280
1030088,1238520,160,0.757702,3256
1029160,1238520,160,0.759064,3256
1032408,1238520,160,0.754402,3256
1035864,1238520,160,0.749245,3256
1032744,1238520,160,0.753917,3256
1033944,1238520,159,0.752121,3288
1032672,1238520,160,0.754010,3264
1034376,1238520,160,0.751449,3264
1032640,1238520,161,0.753987,3264
1030592,1238520,162,0.756914,3264
1028176,1238520,162,0.760345,3264
1029752,1238520,161,0.758117,3296
1033656,1238520,161,0.752461,3296
1030424,1238520,162,0.757151,3264
1027608,1238520,163,0.761056,3264
1028112,1238520,162,0.760367,3264
1031104,1238520,162,0.756120,3264
1027976,1238520,162,0.760553,3264
1027744,1238520,163,0.760871,3264
1027680,1238520,163,0.761024,3264
1024880,1238520,164,0.764838,3224
1023192,1238520,164,0.767121,3216
1024368,1238520,164,0.765523,3216
1027288,1238520,164,0.761557,3216
1026488,1238520,164,0.762704,3216
1027176,1238520,163,0.761742,3240
1031136,1238520,163,0.756177,3240
1033096,1238520,163,0.753290,3240
1031944,1238520,163,0.755024,3240
1035640,1238520,162,0.749605,3240
1035736,1238520,161,0.749461,3240
1034536,1238520,162,0.751296,3208
1035616,1238520,162,0.749617,3208
1039056,1238520,162,0.744279,3208
1035912,1238520,162,0.749173,3208
1037696,1238520,162,0.746387,3208
1036704,1238520,163,0.747903,3208
1038288,1238520,163,0.745400,3208
1036208,1238520,163,0.748654,3208
1037328,1238520,163,0.746878,3208
1035736,1238520,163,0.749365,3208
1034112,1238520,163,0.751850,3208
1033432,1238520,163,0.752976,3168
1030984,1238520,164,0.756563,3120
1033544,1238520,164,0.752812,3120
1035104,1238520,164,0.750441,3120
1037496,1238520,163,0.746829,3120
1038888,1238520,162,0.744679,3120
1035984,1238520,163,0.749125,3120
1036424,1238520,162,0.748413,3152
1034344,1238520,162,0.751591,3152
1034872,1238520,161,0.750798,3160
1033288,1238520,161,0.753197,3160
1030296,1238520,161,0.757545,3160
1028952,1238520,161,0.759485,3160
1025696,1238520,162,0.763904,3160
1026024,1238520,161,0.763466,3160
1024960,1238520,161,0.764944,3160
1020952,1238520,162,0.770181,3112
1022208,1238520,162,0.768523,3112
1018984,1238520,161,0.772698,3112
1021992,1238520,161,0.768860,3112
1025800,1238520,161,0.763829,3112
1022120,1238520,161,0.768697,3112
1019112,1238520,161,0.772569,3088
1018064,1238520,162,0.773857,3088
1018808,1238520,161,0.772925,3104
1018040,1238520,162,0.773887,3088
1016752,1238520,162,0.775508,3088
1014008,1238520,162,0.778821,3088
1014112,1238520,161,0.778699,3088
1013424,1238520,161,0.779557,3088
1014624,1238520,160,0.778155,3088
1010640,1238520,161,0.782744,3088
1008472,1238520,162,0.785163,3088
1009248,1238520,161,0.784294,3096
1012976,1238520,161,0.780012,3096
1016472,1238520,161,0.775835,3096
1019728,1238520,160,0.771855,3096
1017368,1238520,160,0.774812,3096
1019728,1238520,160,0.771855,3096
1016320,1238520,160,0.776075,3096
1019208,1238520,159,0.772539,3112
1018272,1238520,160,0.773711,3096
1017104,1238520,160,0.775189,3096
1019336,1238520,159,0.772421,3128
1016344,1238520,160,0.776065,3128
1016536,1238520,159,0.775835,3128
1020272,1238520,159,0.771196,3128
1022744,1238520,159,0.767999,3128
1023240,1238520,159,0.767297,3128
1023760,1238520,159,0.766560,3128
1024744,1238520,158,0.765271,3128
1026824,1238520,158,0.762435,3128
1023344,1238520,158,0.767100,3128
1019616,1238520,158,0.771895,3128
1019296,1238520,158,0.772351,3128
1021136,1238520,158,0.769989,3128
1024576,1238520,158,0.765492,3128
1026576,1238520,158,0.762769,3128
1024456,1238520,159,0.765586,3128
1024432,1238520,159,0.765681,3128
1025720,1238520,159,0.763915,3128
1023528,1238520,160,0.766799,3128
1025648,1238520,159,0.764010,3128
1029008,1238520,159,0.759385,3128
1026992,1238520,159,0.762208,3128
1024368,1238520,158,0.765828,3128
1025472,1238520,157,0.764319,3168
1027128,1238520,157,0.762035,3168
1024928,1238520,156,0.765102,3168
1022984,1238520,157,0.767638,3168
1023832,1238520,156,0.766539,3168
1024200,1238520,155,0.766027,3192
1023696,1238520,156,0.766685,3192
1020912,1238520,157,0.770251,3192
1023360,1238520,157,0.767059,3192
1024488,1238520,157,0.765523,3192
1023512,1238520,158,0.766820,3176
1024896,1238520,158,0.764944,3176
1021216,1238520,159,0.769705,3176
1017944,1238520,159,0.773838,3176
1020840,1238520,159,0.770181,3176
1021600,1238520,158,0.769166,3216
1017952,1238520,159,0.773720,3216
1021712,1238520,158,0.768993,3240
1020336,1238520,159,0.770745,3232
1019696,1238520,160,0.771576,3208
1018184,1238520,161,0.773446,3208
1014624,1238520,162,0.777731,3208
1013944,1238520,162,0.778587,3208
1014840,1238520,161,0.777523,3216
1013736,1238520,162,0.778821,3216
1011584,1238520,163,0.781309,3216
1008112,1238520,163,0.785277,3200
1008856,1238520,163,0.784401,3200
1008160,1238520,163,0.785224,3200
1009840,1238520,163,0.783302,3200
1010776,1238520,162,0.782229,3216
1011232,1238520,161,0.781656,3264
1007592,1238520,162,0.785726,3264
1007912,1238520,161,0.785357,3280
1008416,1238520,161,0.784747,3280
1007968,1238520,161,0.785304,3272
1008840,1238520,160,0.784294,3312
1010672,1238520,160,0.782183,3312
1014088,1238520,160,0.778183,3312
1016512,1238520,160,0.775237,3312
1015168,1238520,161,0.776868,3296
1016160,1238520,160,0.775681,3296
1012984,1238520,160,0.779492,3296
1012144,1238520,160,0.780547,3272
1009768,1238520,159,0.783356,3272
1011920,1238520,158,0.780915,3272
1014512,1238520,158,0.777844,3272
1015328,1238520,157,0.776868,3280
1011744,1238520,156,0.781162,3280
1012456,1238520,156,0.780289,3280
1011232,1238520,157,0.781692,3280
1009264,1238520,157,0.783965,3280
1012976,1238520,157,0.779687,3280
1010104,1238520,157,0.783024,3280
1009288,1238520,158,0.783965,3256
1011136,1238520,158,0.781829,3256
1010512,1238520,159,0.782545,3248
1007376,1238520,160,0.786033,3248
1005840,1238520,160,0.787752,3248
1006584,1238520,160,0.786896,3248
1004016,1238520,160,0.789698,3248
1004472,1238520,160,0.789164,3248
1008464,1238520,160,0.784783,3248
1009376,1238520,159,0.783759,3256
1008088,1238520,159,0.785242,3256
1009976,1238520,159,0.783087,3256
1007056,1238520,160,0.786321,3256
1003992,1238520,160,0.789664,3256
1005576,1238520,160,0.787924,3256
1005016,1238520,160,0.788576,3256
1005944,1238520,159,0.787537,3296
1006224,1238520,158,0.787234,3296
1004056,1238520,159,0.789554,3296
1004344,1238520,158,0.789249,3296
1003512,1238520,159,0.790171,3256
1003304,1238520,160,0.790398,3248
1006224,1238520,159,0.787286,3248
1005880,1238520,160,0.787657,3248
1006736,1238520,159,0.786713,3264
1003920,1238520,160,0.789732,3264
1000640,1238520,160,0.793240,3216
997632,1238520,160,0.796316,3216
1000016,1238520,160,0.793875,3216
1000344,1238520,159,0.793525,3232
1004160,1238520,159,0.789512,3232
1001216,1238520,158,0.792682,3232
1002160,1238520,157,0.791675,3264
1005824,1238520,156,0.787787,3280
1007816,1238520,156,0.785568,3280
1009632,1238520,156,0.783500,3280
1009240,1238520,157,0.783947,3272
1005872,1238520,157,0.787692,3272
1009464,1238520,156,0.783741,3280
1005952,1238520,156,0.787649,3280
1008480,1238520,156,0.784836,3280
1011024,1238520,156,0.781929,3280
1010192,1238520,155,0.783006,3256
1011504,1238520,154,0.781464,3304
1011336,1238520,155,0.781656,3304
1015208,1238520,155,0.777096,3304
1014848,1238520,156,0.777532,3296
1013976,1238520,157,0.778587,3272
1014328,1238520,156,0.778174,3272
1018320,1238520,156,0.773318,3272
1017288,1238520,155,0.774695,3272
1020368,1238520,155,0.770835,3272
1020064,1238520,155,0.771276,3272
1016000,1238520,156,0.776247,3272
1012840,1238520,156,0.780021,3272
1015536,1238520,156,0.776801,3272
1017544,1238520,155,0.774336,3312
1018656,1238520,155,0.772915,3312
1018392,1238520,156,0.773269,3288
1018336,1238520,155,0.773456,3288
1021992,1238520,154,0.768850,3312
1022720,1238520,154,0.767855,3312
1018880,1238520,155,0.772717,3296
1015520,1238520,155,0.776849,3296
1018800,1238520,154,0.772836,3328
1015856,1238520,154,0.776467,3328
1017720,1238520,154,0.774160,3328
1019792,1238520,154,0.771546,3328
1018560,1238520,155,0.773102,3304
1021808,1238520,154,0.769034,3304
1018472,1238520,155,0.773269,3256
1015192,1238520,155,0.777286,3256
1017472,1238520,155,0.774491,3256
1014552,1238520,156,0.777985,3256
1017248,1238520,156,0.774705,3256
1017992,1238520,155,0.773789,3264
1014552,1238520,155,0.777976,3264
1015952,1238520,155,0.776257,3264
1014560,1238520,156,0.777910,3264
1016688,1238520,156,0.775315,3264
1014264,1238520,156,0.778258,3264
1011568,1238520,156,0.781437,3264
1014224,1238520,156,0.778305,3264
1010856,1238520,156,0.782247,3264
1013896,1238520,156,0.778690,3264
1011120,1238520,156,0.781956,3256
1007408,1238520,157,0.786094,3256
1009616,1238520,157,0.783598,3256
1005672,1238520,158,0.787941,3240
1005856,1238520,157,0.787744,3240
1003464,1238520,158,0.790288,3240
1003312,1238520,158,0.790498,3240
1004240,1238520,158,0.789469,3240
1006744,1238520,158,0.786731,3240
1009872,1238520,158,0.783221,3240
1008328,1238520,158,0.784995,3240
1010872,1238520,158,0.782092,3240
1013776,1238520,158,0.778690,3240
1011952,1238520,159,0.780805,3240
1015936,1238520,159,0.776075,3240
1013248,1238520,159,0.779306,3240
1015368,1238520,159,0.776753,3240
1014568,1238520,158,0.777844,3216
1015672,1238520,157,0.776534,3216
1015576,1238520,158,0.776648,3216
1014832,1238520,158,0.777589,3216
1013224,1238520,159,0.779474,3216
1016592,1238520,159,0.775430,3216
1014624,1238520,159,0.777863,3192
1018560,1238520,158,0.773092,3216
1019352,1238520,157,0.772093,3232
1017936,1238520,158,0.773838,3232
1019856,1238520,158,0.771406,3232
1021416,1238520,157,0.769380,3280
1019288,1238520,157,0.772113,3280
1023208,1238520,157,0.767079,3280
1022048,1238520,158,0.768615,3248
1022120,1238520,157,0.768523,3248
1022088,1238520,157,0.768625,3248
1021360,1238520,158,0.769583,3224
1018704,1238520,158,0.772964,3224
1017600,1238520,159,0.774316,3224
1016912,1238520,159,0.775218,3216
1018248,1238520,158,0.773534,3264
1016072,1238520,158,0.776228,3264
1017512,1238520,158,0.774433,3264
1018600,1238520,157,0.773102,3264
1020960,1238520,157,0.770100,3264
1022592,1238520,157,0.767958,3264
1023312,1238520,156,0.766986,3296
1021512,1238520,157,0.769299,3296
1018512,1238520,157,0.773112,3296
1017704,1238520,157,0.774160,3296
1015112,1238520,158,0.777276,3296
1015224,1238520,157,0.777143,3296
1018536,1238520,157,0.773082,3296
1017944,1238520,157,0.773867,3296
1016160,1238520,157,0.776084,3296
1016560,1238520,156,0.775604,3296
1019104,1238520,155,0.772440,3344
1020712,1238520,155,0.770372,3344
1017080,1238520,155,0.774918,3344
1020728,1238520,154,0.770413,3344
1019504,1238520,155,0.771984,3312
1017408,1238520,155,0.774618,3312
1014488,1238520,156,0.778108,3312
1011592,1238520,157,0.781464,3312
1012336,1238520,157,0.780556,3312
1015224,1238520,156,0.777172,3320
1012992,1238520,157,0.779827,3288
1013536,1238520,156,0.779148,3328
1017008,1238520,156,0.774967,3328
1019064,1238520,156,0.772391,3328
1019840,1238520,156,0.771366,3328
1017392,1238520,157,0.774413,3304
1020112,1238520,156,0.771036,3320
1017984,1238520,156,0.773769,3288
1016120,1238520,156,0.776084,3288
1017976,1238520,156,0.773779,3288
1021232,1238520,156,0.769664,3288
1018872,1238520,156,0.772678,3288
1018664,1238520,157,0.772934,3288
1021088,1238520,156,0.769908,3288
1020256,1238520,157,0.770956,3288
1023008,1238520,156,0.767400,3328
1025352,1238520,156,0.764266,3328
1024040,1238520,157,0.766058,3280
1025144,1238520,156,0.764605,3280
1023480,1238520,156,0.766851,3280
1019928,1238520,157,0.771376,3280
1021568,1238520,157,0.769248,3280
1023208,1238520,157,0.767079,3280
1019896,1238520,157,0.771356,3280
1019208,1238520,158,0.772242,3256
1021656,1238520,158,0.769105,3256
1023776,1238520,158,0.766309,3256
1020600,1238520,159,0.770392,3248
1019200,1238520,159,0.772203,3248
1015688,1238520,160,0.776477,3248
1011888,1238520,160,0.780979,3248
1009280,1238520,161,0.783929,3248
1012616,1238520,161,0.780086,3248
1016544,1238520,161,0.775392,3248
1015936,1238520,161,0.776180,3248
1020008,1238520,161,0.771136,3248
1016968,1238520,161,0.774938,3248
1013920,1238520,162,0.778568,3248
1010056,1238520,163,0.783006,3248
1013392,1238520,162,0.779129,3296
1016944,1238520,161,0.774909,3296
1014248,1238520,161,0.778183,3296
1017744,1238520,161,0.773936,3296
1018024,1238520,160,0.773583,3304
1020272,1238520,159,0.770775,3320
1024208,1238520,159,0.765660,3320
1027608,1238520,159,0.761045,3320
1024992,1238520,159,0.764626,3320
1028544,1238520,159,0.759761,3320
1027616,1238520,159,0.761100,3320
1026512,1238520,160,0.762596,3320
1028008,1238520,159,0.760553,3328
1031776,1238520,159,0.755207,3328
1028408,1238520,160,0.759938,3328
1025904,1238520,159,0.763466,3328
1022832,1238520,160,0.767504,3328
1025648,1238520,160,0.763744,3328
1021872,1238520,160,0.768738,3328
1018992,1238520,161,0.772421,3280
1019016,1238520,160,0.772391,3280
1021856,1238520,160,0.768758,3280
1019280,1238520,160,0.772064,3280
1020736,1238520,159,0.770231,3288
1021120,1238520,158,0.769705,3320
1024656,1238520,158,0.765071,3320
1022208,1238520,158,0.768318,3320
1024048,1238520,158,0.765870,3320
1021536,1238520,159,0.769156,3288
1024496,1238520,159,0.765260,3288
1024400,1238520,160,0.765387,3288
1020368,1238520,161,0.770574,3288
1022528,1238520,161,0.767762,3288
1022752,1238520,160,0.767473,3288
1019416,1238520,160,0.771765,3288
1020848,1238520,160,0.769908,3288
1019680,1238520,160,0.771436,3288
1022728,1238520,159,0.767535,3312
1020408,1238520,160,0.770493,3312
1023872,1238520,159,0.765985,3360
1021696,1238520,159,0.768860,3360
1025160,1238520,159,0.764287,3360
1023928,1238520,159,0.765975,3360
1026032,1238520,159,0.763123,3360
1023176,1238520,158,0.767017,3360
1025352,1238520,158,0.764096,3360
1021544,1238520,158,0.769115,3360
1020032,1238520,159,0.771046,3344
1019512,1238520,160,0.771695,3344
1022112,1238520,159,0.768400,3352
1023456,1238520,158,0.766643,3368
1021960,1238520,159,0.768584,3360
1025168,1238520,159,0.764340,3360
1026152,1238520,158,0.763016,3368
1024544,1238520,159,0.765218,3320
1026856,1238520,159,0.762067,3320
1023960,1238520,160,0.765985,3272
1021184,1238520,159,0.769735,3232
1019064,1238520,160,0.772391,3232
1021544,1238520,160,0.769217,3232
1023640,1238520,159,0.766487,3256
1027520,1238520,159,0.761253,3256
1025408,1238520,159,0.764191,3232
1023328,1238520,158,0.767048,3232
1019616,1238520,159,0.771785,3216
1016336,1238520,159,0.775854,3216
1018976,1238520,159,0.772579,3216
1021456,1238520,159,0.769411,3216
1025296,1238520,158,0.764425,3216
1026656,1238520,158,0.762543,3216
1023704,1238520,158,0.766518,3216
1024088,1238520,157,0.766006,3224
1023144,1238520,158,0.767276,3192
1023072,1238520,159,0.767369,3192
1024912,1238520,159,0.764902,3192
1024104,1238520,160,0.765975,3184
1022656,1238520,160,0.767968,3144
1026200,1238520,160,0.763252,3144
1025408,1238520,161,0.764329,3128
1026712,1238520,161,0.762521,3128
1028536,1238520,161,0.759971,3128
1030648,1238520,161,0.756959,3128
1030408,1238520,161,0.757365,3128
1032352,1238520,161,0.754529,3128
1030712,1238520,161,0.756936,3128
1028600,1238520,161,0.759949,3128
1029848,1238520,160,0.758206,3136
1027688,1238520,161,0.761242,3096
1029856,1238520,160,0.758206,3128
1029952,1238520,159,0.758072,3128
1028536,1238520,160,0.760037,3128
1029224,1238520,159,0.759086,3128
1025792,1238520,160,0.763819,3080
1029304,1238520,160,0.758975,3080
1025632,1238520,160,0.764042,3072
1028888,1238520,160,0.759562,3072
1027808,1238520,160,0.761111,3072
1026624,1238520,161,0.762715,3072
1029248,1238520,161,0.759064,3072
1032992,1238520,161,0.753685,3072
1031096,1238520,161,0.756472,3072
1027280,1238520,162,0.761764,3072
1027400,1238520,161,0.761601,3072
1024800,1238520,162,0.765092,3064
1021016,1238520,162,0.770039,3064
1024336,1238520,162,0.765702,3064
1027176,1238520,162,0.761851,3064
1029176,1238520,161,0.759064,3096
1028304,1238520,162,0.760323,3056
1024880,1238520,161,0.765060,3056
1026608,1238520,161,0.762693,3056
1029296,1238520,161,0.758953,3056
1027440,1238520,161,0.761568,3056
1030080,1238520,161,0.757859,3056
1028680,1238520,161,0.759893,3040
1032272,1238520,161,0.754771,3040
1029096,1238520,162,0.759252,3040
1026232,1238520,163,0.763156,3040
1026184,1238520,164,0.763220,3040
1025264,1238520,164,0.764510,3040
1029016,1238520,164,0.759363,3040
1032776,1238520,164,0.753975,3040
1036248,1238520,164,0.748775,3040
1037936,1238520,164,0.746129,3040
1037360,1238520,164,0.747123,3016
1040744,1238520,164,0.741767,3016
1038272,1238520,165,0.745647,3016
1040976,1238520,165,0.741320,3016
1039392,1238520,165,0.743904,3016
1040800,1238520,164,0.741665,3024
1039704,1238520,165,0.743401,3024
1037864,1238520,165,0.746338,3024
1040888,1238520,165,0.741524,3024
1041680,1238520,164,0.740227,3040
1039152,1238520,163,0.744392,3040
1041104,1238520,163,0.741230,3040
1040376,1238520,164,0.742390,3040
1040648,1238520,163,0.741958,3040
1040432,1238520,164,0.742301,3040
1040784,1238520,163,0.741741,3040
1039440,1238520,164,0.743891,3024
1041096,1238520,163,0.741268,3024
1040752,1238520,163,0.741894,3024
1043048,1238520,163,0.738107,3024
1040360,1238520,163,0.742517,3024
1043304,1238520,163,0.737687,3024
1042472,1238520,164,0.739074,3008
1045576,1238520,164,0.733842,3008
1043208,1238520,164,0.737871,3008
1039824,1238520,164,0.743388,3008
1037568,1238520,164,0.746964,3008
1039608,1238520,164,0.743728,3008
1039088,1238520,164,0.744616,3008
1035544,1238520,164,0.750096,3008
1031592,1238520,165,0.755858,3008
1029256,1238520,165,0.759208,3008
1031112,1238520,165,0.756540,3008
1031288,1238520,164,0.756291,3008
1031944,1238520,163,0.755345,3016
1032064,1238520,162,0.755173,3016
1029960,1238520,163,0.758150,3016
1033832,1238520,163,0.752543,3016
1036648,1238520,163,0.748279,3016
1035632,1238520,162,0.749952,3016
1036696,1238520,161,0.748352,3016
1033248,1238520,161,0.753534,3016
1033440,1238520,160,0.753244,3024
1033344,1238520,161,0.753383,3024
1035568,1238520,161,0.750036,3024
1038576,1238520,161,0.745387,3024
1035112,1238520,161,0.750715,3024
1035976,1238520,160,0.749353,3072
1035040,1238520,161,0.750762,3064
1033224,1238520,160,0.753569,3064
1034856,1238520,160,0.751106,3064
1033568,1238520,161,0.752999,3064
1031952,1238520,160,0.755470,3064
1029704,1238520,161,0.758664,3048
1031816,1238520,161,0.755619,3048
1029808,1238520,161,0.758519,3048
1033760,1238520,161,0.752812,3048
1030856,1238520,161,0.757049,3048
1033624,1238520,161,0.753011,3048
1034016,1238520,160,0.752426,3056
1037640,1238520,160,0.746927,3056
1041568,1238520,160,0.740691,3056
1039904,1238520,160,0.743414,3056
1035984,1238520,160,0.749509,3056
1037024,1238520,159,0.747928,3064
1033032,1238520,159,0.753917,3064
1029096,1238520,160,0.759518,3040
1029160,1238520,159,0.759430,3040
1031024,1238520,159,0.756755,3040
1033920,1238520,159,0.752520,3040
1033704,1238520,159,0.752906,3040
1034480,1238520,158,0.751756,3048
1030608,1238520,157,0.757466,3048
1030272,1238520,156,0.758083,3040
1026616,1238520,157,0.763123,3016
1024536,1238520,157,0.765943,3016
1024440,1238520,157,0.766132,3016
1027672,1238520,157,0.761764,3016
1030504,1238520,157,0.757792,3016
1027368,1238520,157,0.762175,3016
1030584,1238520,157,0.757680,3016
1032720,1238520,156,0.754598,3048
1034984,1238520,156,0.751225,3048
1039024,1238520,156,0.745027,3048
1035776,1238520,156,0.750048,3048
1037104,1238520,155,0.748037,3056
1035392,1238520,156,0.750608,3056
1035840,1238520,155,0.749868,3104
1035064,1238520,156,0.751024,3104
1038120,1238520,156,0.746338,3104
1034072,1238520,157,0.752414,3104
1037424,1238520,157,0.747331,3104
1035768,1238520,156,0.749976,3104
1034312,1238520,157,0.752144,3096
1032544,1238520,156,0.754851,3096
1035672,1238520,156,0.750203,3096
1035768,1238520,155,0.750060,3096
1033224,1238520,156,0.753801,3096
1034080,1238520,156,0.752485,3096
1035352,1238520,155,0.750584,3112
1032344,1238520,155,0.755047,3112
1029584,1238520,156,0.758942,3112
1026248,1238520,157,0.763488,3112
1027968,1238520,157,0.761100,3112
1030680,1238520,156,0.757309,3136
1031896,1238520,155,0.755562,3152
1028000,1238520,156,0.761002,3152
1029408,1238520,156,0.758997,3152
1026000,1238520,157,0.763691,3112
1027824,1238520,157,0.761165,3112
1024328,1238520,158,0.765838,3112
1028216,1238520,157,0.760619,3120
1025512,1238520,157,0.764329,3120
1026704,1238520,157,0.762672,3120
1023816,1238520,157,0.766560,3120
1023952,1238520,156,0.766382,3120
1022720,1238520,156,0.768040,3120
1022880,1238520,155,0.767824,3128
1020536,1238520,156,0.770805,3128
1020712,1238520,155,0.770584,3128
1019064,1238520,156,0.772638,3128
1019136,1238520,155,0.772549,3128
1018496,1238520,156,0.773367,3104
1018128,1238520,157,0.773848,3080
1021408,1238520,157,0.769705,3080
1024512,1238520,156,0.765692,3088
1022936,1238520,157,0.767783,3056
1020168,1238520,157,0.771356,3056
1021744,1238520,156,0.769339,3080
1020808,1238520,156,0.770604,3064
1024048,1238520,156,0.766393,3064
1021784,1238520,157,0.769309,3064
1024064,1238520,157,0.766309,3064
1021312,1238520,157,0.769918,3056
1023808,1238520,156,0.766716,3056
1025984,1238520,155,0.763787,3104
1022392,1238520,156,0.768492,3096
1024560,1238520,156,0.765618,3096
1022440,1238520,155,0.768492,3096
1023504,1238520,154,0.767110,3104
1022872,1238520,155,0.767947,3088
1023432,1238520,155,0.767162,3088
1022552,1238520,156,0.768297,3088
1021832,1238520,157,0.769248,3064
1023856,1238520,157,0.766580,3064
1027760,1238520,157,0.761318,3064
1027288,1238520,158,0.761970,3056
1030504,1238520,158,0.757466,3056
1028496,1238520,159,0.760312,3016
1031816,1238520,159,0.755596,3016
1031432,1238520,160,0.756154,3008
1028592,1238520,161,0.760125,3008
1027312,1238520,161,0.761937,3008
1026184,1238520,161,0.763520,3008
1027256,1238520,160,0.762067,3016
1029608,1238520,160,0.758775,3016
1032104,1238520,159,0.755184,3064
1030856,1238520,160,0.756970,3056
1027192,1238520,161,0.762056,3040
1023696,1238520,161,0.766757,3040
1027656,1238520,161,0.761427,3040
1031560,1238520,161,0.755927,3040
1035440,1238520,161,0.750203,3040
1036624,1238520,160,0.748425,3040
1032744,1238520,160,0.754229,3040
1033464,1238520,159,0.753174,3048
1033296,1238520,160,0.753418,3048
1030992,1238520,161,0.756722,3048
1029792,1238520,162,0.758407,3048
1029936,1238520,161,0.758206,3048
1027304,1238520,160,0.761970,3040
1028136,1238520,159,0.760838,3040
1027416,1238520,160,0.761829,3032
1025872,1238520,161,0.763904,3032
1029048,1238520,161,0.759529,3032
1026768,1238520,161,0.762704,3032
1023256,1238520,162,0.767338,3032
1021032,1238520,162,0.770241,3032
1023152,1238520,161,0.767514,3048
1025408,1238520,160,0.764499,3096
1029032,1238520,159,0.759584,3104
1029920,1238520,159,0.758284,3104
1027128,1238520,158,0.762251,3104
1027696,1238520,158,0.761416,3104
1031584,1238520,158,0.755938,3104
1035672,1238520,158,0.749904,3104
1032840,1238520,159,0.754068,3104
1032520,1238520,160,0.754552,3088
1033464,1238520,159,0.753139,3120
1037256,1238520,159,0.747416,3120
1034504,1238520,160,0.751603,3080
1037456,1238520,160,0.747099,3080
1036680,1238520,161,0.748291,3072
1040616,1238520,161,0.742110,3072
1037368,1238520,162,0.747172,3072
1040216,1238520,161,0.742719,3088
1036344,1238520,161,0.748775,3088
1039024,1238520,161,0.744591,3088
1038400,1238520,162,0.745573,3080
1042288,1238520,162,0.739334,3080
1038256,1238520,162,0.745796,3080
1041640,1238520,162,0.740382,3080
1038424,1238520,162,0.745536,3080
1038624,1238520,161,0.745226,3080
1034720,1238520,161,0.751213,3080
1036024,1238520,160,0.749257,3088
1033936,1238520,160,0.752426,3088
1035152,1238520,160,0.750560,3088
1033848,1238520,160,0.752567,3080
1036344,1238520,160,0.748787,3080
1034960,1238520,159,0.751000,3080
1035504,1238520,158,0.750191,3080
1034992,1238520,159,0.750976,3064
1038144,1238520,159,0.746141,3064
1036320,1238520,159,0.748992,3064
1039904,1238520,159,0.743401,3064
1038792,1238520,160,0.745214,3016
1038072,1238520,161,0.746375,2984
1034168,1238520,162,0.752238,2984
1030632,1238520,162,0.757387,2984
1034136,1238520,162,0.752285,2984
1037168,1238520,162,0.747684,2984
1036056,1238520,163,0.749365,2984
1035432,1238520,164,0.750370,2936
1034776,1238520,164,0.751426,2928
1037184,1238520,164,0.747745,2928
1040176,1238520,164,0.743035,2928
1042936,1238520,164,0.738526,2928
1044672,1238520,163,0.735578,2976
1044288,1238520,164,0.736271,2944
1047368,1238520,164,0.730967,2944
1048608,1238520,164,0.728720,2944
1045168,1238520,164,0.734720,2944
1045384,1238520,163,0.734356,2944
1041520,1238520,163,0.740794,2944
1040488,1238520,164,0.742441,2944
1037360,1238520,165,0.747306,2944
1038048,1238520,164,0.746190,2984
1039128,1238520,163,0.744504,2992
1042904,1238520,163,0.738395,2992
1039264,1238520,163,0.744292,2992
1036488,1238520,163,0.748630,2992
1032896,1238520,163,0.754010,2992
1036576,1238520,163,0.748497,2992
1032680,1238520,163,0.754345,2976
1031536,1238520,163,0.756120,2928
1033944,1238520,163,0.752578,2928
1034328,1238520,162,0.752003,2936
1035096,1238520,161,0.750857,2944
1032176,1238520,160,0.736253,2944
1035936,1238520,160,0.730245,2944
1038608,1238520,160,0.725782,2944
1037064,1238520,161,0.728399,2904
1037760,1238520,160,0.727202,2936
1037256,1238520,160,0.728110,2936
1033184,1238520,161,0.734627,2936
1035752,1238520,161,0.730477,2936
1038032,1238520,161,0.726673,2936
1034496,1238520,162,0.732409,2936
1037240,1238520,162,0.727900,2936
1035104,1238520,163,0.731402,2912
1035240,1238520,162,0.731184,2912
1034552,1238520,163,0.732346,2872
1036488,1238520,163,0.729156,2872
1033920,1238520,163,0.733346,2872
1033744,1238520,164,0.733623,2872
1034408,1238520,163,0.732561,2880
1037784,1238520,163,0.727017,2880
1037480,1238520,164,0.727532,2872
1040920,1238520,164,0.721665,2872
1040816,1238520,165,0.721844,2872
1043024,1238520,165,0.717918,2872
1041592,1238520,165,0.720506,2872
1040416,1238520,165,0.722610,2872
1043376,1238520,165,0.717380,2872
1046344,1238520,165,0.711935,2872
1045224,1238520,165,0.714068,2872
1045064,1238520,166,0.714373,2864
1042360,1238520,167,0.719183,2864
1043256,1238520,167,0.717522,2864
1041104,1238520,167,0.721363,2864
1043400,1238520,167,0.717267,2864
1045232,1238520,167,0.713894,2864
1044336,1238520,168,0.715569,2832
1048208,1238520,168,0.708357,2832
1046000,1238520,168,0.712596,2808
1043744,1238520,169,0.716755,2760
1040280,1238520,169,0.722951,2712
1043696,1238520,169,0.716926,2712
1043840,1238520,168,0.716670,2712
1041664,1238520,169,0.720575,2664
1043024,1238520,168,0.718186,2672
1043144,1238520,167,0.717974,2672
1043312,1238520,166,0.717678,2672
1039440,1238520,167,0.724361,2672
1039672,1238520,166,0.723969,2672
1035760,1238520,165,0.730580,2672
1033640,1238520,166,0.733975,2656
1036728,1238520,166,0.728960,2656
1039328,1238520,166,0.724576,2656
1039064,1238520,167,0.725020,2656
1036496,1238520,168,0.729260,2656
1038848,1238520,168,0.725301,2656
1038576,1238520,168,0.725835,2656
1038888,1238520,167,0.725314,2656
1039392,1238520,166,0.724455,2664
1036112,1238520,167,0.729870,2664
1039896,1238520,167,0.723522,2664
1038608,1238520,168,0.725689,2664
1039032,1238520,167,0.724966,2672
1039008,1238520,168,0.725006,2672
1042080,1238520,168,0.719672,2672
1038216,1238520,168,0.726328,2672
1039264,1238520,167,0.724576,2672
1037888,1238520,168,0.726898,2656
1035368,1238520,168,0.731081,2656
1034824,1238520,169,0.732015,2616
1038856,1238520,169,0.725355,2616
1039496,1238520,168,0.724266,2624
1037920,1238520,169,0.726951,2592
1037128,1238520,169,0.728359,2576
1040264,1238520,169,0.723047,2576
1040984,1238520,168,0.721803,2584
1038816,1238520,168,0.725555,2584
1039184,1238520,167,0.724939,2584
1040624,1238520,166,0.722488,2592
1038216,1238520,166,0.726620,2592
1039280,1238520,165,0.724791,2624
1038296,1238520,166,0.726448,2616
1036712,1238520,165,0.729208,2616
1038544,1238520,165,0.726115,2616
1040136,1238520,164,0.723414,2632
1036944,1238520,165,0.728725,2632
1038352,1238520,165,0.726328,2632
1034800,1238520,166,0.732104,2632
1036424,1238520,165,0.729455,2656
1035464,1238520,165,0.731094,2648
1039368,1238520,165,0.724603,2648
1035584,1238520,165,0.730901,2648
1038032,1238520,165,0.726832,2648
1034656,1238520,166,0.732307,2648
1035024,1238520,165,0.731683,2672
1034280,1238520,165,0.732942,2672
1038096,1238520,165,0.726686,2672
1036360,1238520,166,0.729610,2624
1035192,1238520,166,0.731606,2600
1037880,1238520,166,0.727163,2600
1040472,1238520,166,0.722733,2600
1038512,1238520,167,0.726035,2600
1042288,1238520,167,0.719518,2600
1041344,1238520,168,0.721211,2568
1037888,1238520,168,0.727123,2568
1034808,1238520,169,0.732117,2568
1035344,1238520,168,0.731235,2584
1038912,1238520,168,0.725314,2584
1040800,1238520,168,0.722036,2584
1036816,1238520,168,0.728830,2552
1034224,1238520,167,0.733144,2552
1036400,1238520,166,0.729584,2600
1037112,1238520,165,0.728386,2624
1036720,1238520,166,0.729038,2616
1039712,1238520,166,0.723996,2616
1039504,1238520,167,0.724347,2616
1040136,1238520,166,0.723251,2632
1036360,1238520,166,0.729597,2632
1035840,1238520,165,0.730593,2632
1032192,1238520,165,0.736414,2632
1028832,1238520,165,0.741563,2632
1029944,1238520,164,0.739905,2632
1026848,1238520,165,0.744469,2632
1027424,1238520,164,0.743620,2640
1024384,1238520,165,0.747977,2640
1026336,1238520,165,0.745127,2640
1027448,1238520,164,0.743503,2648
1027808,1238520,163,0.742977,2648
1023928,1238520,164,0.748539,2648
1021760,1238520,164,0.751652,2616
1019376,1238520,165,0.754871,2616
1018264,1238520,166,0.756355,2608
1020184,1238520,166,0.753736,2608
1023656,1238520,166,0.748908,2608
1024104,1238520,165,0.748269,2616
1027008,1238520,165,0.744051,2616
1028848,1238520,165,0.741278,2616
1027000,1238520,165,0.744062,2616
1029704,1238520,165,0.740001,2616
1025776,1238520,165,0.745828,2616
1028440,1238520,165,0.741882,2616
1025552,1238520,166,0.746103,2600
1027112,1238520,165,0.743853,2600
1026840,1238520,166,0.744248,2600
1027112,1238520,165,0.743853,2600
1023336,1238520,165,0.749299,2600
1020928,1238520,164,0.752742,2600
1024232,1238520,164,0.748112,2600
1025456,1238520,163,0.746332,2632
1023184,1238520,164,0.749533,2632
1025424,1238520,163,0.746332,2664
1022008,1238520,163,0.751181,2664
1020320,1238520,163,0.753542,2664
1024264,1238520,162,0.748112,2664
1026096,1238520,162,0.745438,2664
1023648,1238520,162,0.748976,2664
1023712,1238520,161,0.748886,2664
1023696,1238520,161,0.748976,2664
1025336,1238520,161,0.746594,2664
1021328,1238520,160,0.752307,2664
1018424,1238520,160,0.756260,2664
1019848,1238520,160,0.754305,2664
1018728,1238520,159,0.755922,2664
1018416,1238520,160,0.756334,2664
1019856,1238520,160,0.754358,2664
1016976,1238520,161,0.758153,2664
1019144,1238520,161,0.755244,2664
1019160,1238520,160,0.755223,2664
1018400,1238520,161,0.756281,2624
1018440,1238520,160,0.756228,2624
1017864,1238520,161,0.756985,2624
1018208,1238520,160,0.756534,2624
1020240,1238520,160,0.753768,2624
1019840,1238520,160,0.754369,2624
1017480,1238520,160,0.757550,2624
1015000,1238520,161,0.760740,2624
1014904,1238520,161,0.760923,2624
1015424,1238520,161,0.760201,2624
1015312,1238520,161,0.760405,2624
1018112,1238520,161,0.756723,2624
1019904,1238520,161,0.754283,2624
1023248,1238520,161,0.749656,2624
1022920,1238520,162,0.750133,2608
1023880,1238520,161,0.748774,2624
1020888,1238520,162,0.752894,2624
1022472,1238520,162,0.750664,2624
1020640,1238520,163,0.753164,2624
1024088,1238520,163,0.748348,2624
1025552,1238520,163,0.746206,2624
1023344,1238520,164,0.749322,2624
1021392,1238520,164,0.752078,2624
1023096,1238520,164,0.749667,2624
1026632,1238520,164,0.744584,2624
1024480,1238520,164,0.747728,2624
1022072,1238520,165,0.751082,2624
1024816,1238520,165,0.747185,2624
1025080,1238520,164,0.746810,2624
1024216,1238520,164,0.748100,2624
1027120,1238520,164,0.743876,2624
1026928,1238520,164,0.744225,2624
1026392,1238520,163,0.745150,2616
1030304,1238520,163,0.739315,2616
1033312,1238520,162,0.734652,2648
1032232,1238520,163,0.736340,2640
1028496,1238520,163,0.742048,2640
1028432,1238520,164,0.742142,2640
1027568,1238520,164,0.743550,2592
1027728,1238520,163,0.743316,2592
1026880,1238520,164,0.744550,2592
1027232,1238520,163,0.744039,2592
1028840,1238520,163,0.741610,2592
1026696,1238520,164,0.744746,2592
1024072,1238520,164,0.748550,2592
1026336,1238520,164,0.745266,2592
1029328,1238520,164,0.740814,2592
1027856,1238520,164,0.743059,2592
1029288,1238520,164,0.740874,2592
1027168,1238520,164,0.744062,2592
1025088,1238520,164,0.747117,2592
1028152,1238520,164,0.742625,2592
1031008,1238520,164,0.738287,2592
1027168,1238520,165,0.743993,2592
1023656,1238520,164,0.749132,2592
1026168,1238520,164,0.745507,2592
1023040,1238520,165,0.749922,2592
1022928,1238520,165,0.750144,2592
1021944,1238520,165,0.751565,2592
1022328,1238520,164,0.751038,2592
1021840,1238520,165,0.751740,2568
1025544,1238520,164,0.746537,2592
1026272,1238520,163,0.745484,2600
1029112,1238520,163,0.741266,2600
1031696,1238520,163,0.737298,2600
1031504,1238520,163,0.737677,2592
1031432,1238520,163,0.737860,2592
1033992,1238520,163,0.733825,2592
1037832,1238520,162,0.727651,2592
1040840,1238520,162,0.722529,2592
1037784,1238520,163,0.727651,2592
1038048,1238520,162,0.727216,2592
1035936,1238520,162,0.730734,2592
1033392,1238520,162,0.734839,2592
1033008,1238520,162,0.735523,2584
1030744,1238520,162,0.739062,2584
1034152,1238520,162,0.733736,2584
1038104,1238520,162,0.727295,2584
1042016,1238520,162,0.720603,2584
1042664,1238520,161,0.719448,2600
1043976,1238520,161,0.717054,2600
1042088,1238520,161,0.720450,2600
1041160,1238520,161,0.722200,2560
1039464,1238520,161,0.725154,2560
1043424,1238520,161,0.718270,2560
1045896,1238520,161,0.713763,2560
1042544,1238520,162,0.719741,2552
1045504,1238520,162,0.714402,2552
1049288,1238520,162,0.707297,2552
1045304,1238520,162,0.714763,2552
1047992,1238520,162,0.709739,2552
1047000,1238520,161,0.711758,2552
1050104,1238520,161,0.705830,2552
1047416,1238520,161,0.710989,2552
1051256,1238520,161,0.703602,2552
1050320,1238520,161,0.705538,2536
1047288,1238520,161,0.711344,2536
1046768,1238520,161,0.712390,2536
1050800,1238520,161,0.704705,2536
1050456,1238520,162,0.705369,2536
1050904,1238520,161,0.704504,2536
1050552,1238520,162,0.705184,2536
1050112,1238520,163,0.706091,2504
1048800,1238520,163,0.708674,2504
1049088,1238520,162,0.708131,2504
1050336,1238520,161,0.705738,2512
1052592,1238520,161,0.701246,2512
1053752,1238520,160,0.698932,2512
1053040,1238520,161,0.700404,2488
1055768,1238520,161,0.694774,2488
1055536,1238520,162,0.695253,2488
1053368,1238520,162,0.699750,2488
1056960,1238520,162,0.692291,2488
1056064,1238520,162,0.694261,2488
1054704,1238520,161,0.697250,2488
1051400,1238520,161,0.703914,2488
1051984,1238520,161,0.702680,2488
1055000,1238520,161,0.696549,2488
1051896,1238520,161,0.702852,2488
1051712,1238520,162,0.703212,2488
1053144,1238520,162,0.700292,2488
1057032,1238520,162,0.692240,2488
1057072,1238520,161,0.692156,2488
1058064,1238520,160,0.690057,2488
1058440,1238520,159,0.689254,2488
1057944,1238520,160,0.690313,2488
1058904,1238520,159,0.688205,2512
1056608,1238520,158,0.693279,2512
1055000,1238520,157,0.696794,2512
1058312,1238520,157,0.689784,2512
1056208,1238520,158,0.694211,2512
1055672,1238520,159,0.695351,2496
1053376,1238520,159,0.700101,2496
1053776,1238520,158,0.699301,2496
1051528,1238520,158,0.703836,2496
1052800,1238520,158,0.701246,2496
1053520,1238520,157,0.699782,2512
1052840,1238520,157,0.701230,2512
1053568,1238520,156,0.699750,2528
1053448,1238520,156,0.700085,2528
1054880,1238520,156,0.697103,2528
1056352,1238520,156,0.693978,2528
1059608,1238520,156,0.686958,2528
1056328,1238520,157,0.693929,2528
1059456,1238520,157,0.687184,2528
1059088,1238520,158,0.688033,2504
1058344,1238520,159,0.689648,2496
1055848,1238520,159,0.695088,2448
1054408,1238520,160,0.698028,2448
1057416,1238520,160,0.691719,2448
1055136,1238520,160,0.696549,2448
1053712,1238520,161,0.699429,2448
1050344,1238520,161,0.706122,2448
1054208,1238520,161,0.698432,2448
1053144,1238520,162,0.700563,2448
1055040,1238520,162,0.696647,2448
1059136,1238520,162,0.687946,2448
1058872,1238520,163,0.688516,2448
1059616,1238520,162,0.686906,2448
1062672,1238520,162,0.680009,2448
1063192,1238520,161,0.678751,2480
1066584,1238520,161,0.670679,2480
1064024,1238520,161,0.676835,2480
1060136,1238520,162,0.685596,2480
1063552,1238520,162,0.677814,2480
1064752,1238520,162,0.674915,2480
1068160,1238520,162,0.666608,2480
1066904,1238520,162,0.669907,2432
1068960,1238520,161,0.664743,2480
1067760,1238520,161,0.667826,2480
1069624,1238520,161,0.663080,2480
1066736,1238520,161,0.670313,2480
1068696,1238520,161,0.665400,2480
1066416,1238520,160,0.671198,2480
1067200,1238520,159,0.669307,2480
1064664,1238520,159,0.675476,2472
1064856,1238520,158,0.675027,2472
1062184,1238520,158,0.681276,2472
1059104,1238520,158,0.688171,2472
1057032,1238520,158,0.692677,2472
1057088,1238520,157,0.692559,2472
1054912,1238520,158,0.697054,2472
1056640,1238520,157,0.693396,2520
1053696,1238520,157,0.699509,2520
1052136,1238520,158,0.702696,2472
1050144,1238520,157,0.706733,2472
1047632,1238520,157,0.711536,2472
1048784,1238520,156,0.709380,2480
1045576,1238520,156,0.715354,2480
1049120,1238520,156,0.708749,2480
1050064,1238520,156,0.706871,2480
1049984,1238520,157,0.707023,2480
1050728,1238520,157,0.705507,2480
1052920,1238520,156,0.701230,2480
1055288,1238520,155,0.696434,2496
1056800,1238520,155,0.693212,2496
1055176,1238520,155,0.696712,2472
1054920,1238520,155,0.695290,2472
1058248,1238520,155,0.688225,2472
1058280,1238520,154,0.688156,2472
1059496,1238520,154,0.685424,2472
1059096,1238520,155,0.686294,2472
1061264,1238520,154,0.681504,2480
1059696,1238520,155,0.684970,2480
1059112,1238520,155,0.686346,2480
1062024,1238520,154,0.679833,2512
1065648,1238520,154,0.671320,2512
1063208,1238520,153,0.677247,2512
1067280,1238520,153,0.667507,2512
1066192,1238520,153,0.670250,2512
1069936,1238520,153,0.660910,2512
1068832,1238520,153,0.663902,2472
1065392,1238520,154,0.672250,2472
1066528,1238520,153,0.669444,2512
1069728,1238520,152,0.661456,2552
1069400,1238520,153,0.662282,2552
1073184,1238520,153,0.652371,2552
1069592,1238520,154,0.661678,2552
1068168,1238520,154,0.665349,2552
1072216,1238520,154,0.654929,2552
1073344,1238520,154,0.651816,2552
1072816,1238520,154,0.653348,2552
1073592,1238520,154,0.651153,2552
1069688,1238520,155,0.661314,2552
1065872,1238520,156,0.670691,2552
1063168,1238520,156,0.677137,2552
1066000,1238520,156,0.670385,2552
1066200,1238520,155,0.669905,2552
1064472,1238520,156,0.674002,2552
1063752,1238520,156,0.675808,2544
1062672,1238520,157,0.678290,2544
1063520,1238520,156,0.676345,2544
1064040,1238520,155,0.675066,2576
1064672,1238520,154,0.673476,2624
1061760,1238520,154,0.680284,2624
1061216,1238520,155,0.681522,2616
1065032,1238520,154,0.672761,2616
1065648,1238520,154,0.671187,2616
1064392,1238520,155,0.674151,2616
1067768,1238520,155,0.665941,2616
1069472,1238520,154,0.661638,2640
1069096,1238520,155,0.662583,2640
1070848,1238520,155,0.658007,2640
1068168,1238520,155,0.664895,2640
1068240,1238520,154,0.664717,2640
1066128,1238520,154,0.669982,2640
1066704,1238520,153,0.668594,2640
1064352,1238520,153,0.674301,2640
1066928,1238520,152,0.668168,2640
1065544,1238520,153,0.671606,2592
1065600,1238520,152,0.671472,2592
1062096,1238520,151,0.679815,2592
1064592,1238520,150,0.674020,2616
1062128,1238520,150,0.679797,2616
1064664,1238520,150,0.673852,2616
1062912,1238520,150,0.678016,2616
1065968,1238520,150,0.670767,2616
1063544,1238520,151,0.676455,2616
1060552,1238520,152,0.683211,2616
1062224,1238520,152,0.679363,2616
1061936,1238520,153,0.680014,2616
1065296,1238520,153,0.672137,2616
1068416,1238520,153,0.664459,2616
1064832,1238520,153,0.673232,2616
1065096,1238520,152,0.672610,2616
1062752,1238520,152,0.678162,2616
1062616,1238520,153,0.678472,2616
1062968,1238520,152,0.677669,2616
1064136,1238520,152,0.674861,2616
1060248,1238520,153,0.683671,2616
1062712,1238520,152,0.678126,2624
1060400,1238520,152,0.683424,2624
1060512,1238520,151,0.683176,2624
1056464,1238520,152,0.691882,2624
1057496,1238520,151,0.689674,2640
1056344,1238520,152,0.692116,2632
1057792,1238520,151,0.689045,2640
1056136,1238520,152,0.692533,2640
1059456,1238520,152,0.685355,2640
1055568,1238520,152,0.693711,2640
1052288,1238520,153,0.700407,2608
1050448,1238520,154,0.704001,2608
1052160,1238520,154,0.700565,2608
1048824,1238520,155,0.707073,2576
1045696,1238520,155,0.712956,2576
1049376,1238520,154,0.706117,2576
1053456,1238520,154,0.698047,2576
1053280,1238520,155,0.698400,2576
1053432,1238520,154,0.698095,2576
1053944,1238520,153,0.697064,2576
1057736,1238520,153,0.689096,2576
1055816,1238520,153,0.693231,2576
1052320,1238520,153,0.700407,2576
1053384,1238520,152,0.698288,2576
1053480,1238520,151,0.698095,2576
1049408,1238520,152,0.706056,2576
1051776,1238520,151,0.701431,2600
1051032,1238520,152,0.702916,2584
1049144,1238520,151,0.706725,2584
1047712,1238520,151,0.709502,2584
1049096,1238520,150,0.706815,2632
1047416,1238520,150,0.710052,2632
1044408,1238520,150,0.715603,2632
1046152,1238520,150,0.712374,2632
1048520,1238520,149,0.707917,2672
1049568,1238520,148,0.705919,2680
1046608,1238520,148,0.711540,2680
1047168,1238520,148,0.710422,2680
1045920,1238520,149,0.712723,2672
1045144,1238520,149,0.714214,2672
1043896,1238520,150,0.716456,2664
1041720,1238520,150,0.720424,2616
1040888,1238520,150,0.721931,2616
1037136,1238520,151,0.728179,2616
1040160,1238520,150,0.723125,2640
1040872,1238520,150,0.721835,2640
1040160,1238520,151,0.723044,2640
1036120,1238520,152,0.729707,2640
1036280,1238520,151,0.729449,2640
1039112,1238520,151,0.724723,2640
1041784,1238520,150,0.720148,2664
1043536,1238520,150,0.717007,2664
1042840,1238520,150,0.718314,2664
1043528,1238520,149,0.717064,2688
1046032,1238520,149,0.712490,2688
1044776,1238520,150,0.714760,2688
1048184,1238520,150,0.708428,2688
1052024,1238520,150,0.700959,2688
1054776,1238520,149,0.695421,2696
1051184,1238520,150,0.702589,2696
1051296,1238520,149,0.702371,2696
1047976,1238520,148,0.684265,2696
1049184,1238520,147,0.681701,2744
1048664,1238520,148,0.682833,2712
1049760,1238520,147,0.680561,2720
1047576,1238520,148,0.685024,2720
1050064,1238520,147,0.679929,2720
1049896,1238520,148,0.680278,2720
1049312,1238520,149,0.681503,2712
1051616,1238520,148,0.676582,2760
1048912,1238520,147,0.682423,2760
1050456,1238520,146,0.679178,2784
1052712,1238520,146,0.674288,2784
1051080,1238520,147,0.677767,2784
1047824,1238520,147,0.684588,2784
1044032,1238520,148,0.692084,2776
1046816,1238520,148,0.686532,2776
1049664,1238520,148,0.680643,2776
1052824,1238520,148,0.673857,2776
1050568,1238520,148,0.678760,2776
1050720,1238520,147,0.678441,2776
1049976,1238520,147,0.680096,2776
1052368,1238520,146,0.675011,2792
1051320,1238520,146,0.677362,2784
1051536,1238520,145,0.676904,2784
1048720,1238520,146,0.682767,2784
1051768,1238520,146,0.676310,2784
1049192,1238520,147,0.681701,2784
1049944,1238520,146,0.680046,2832
1047456,1238520,147,0.685137,2832
1046392,1238520,148,0.687265,2832
1049000,1238520,148,0.681898,2832
1050848,1238520,148,0.677953,2832
1050080,1238520,148,0.679679,2824
1053072,1238520,148,0.673216,2824
1049952,1238520,147,0.680046,2824
1047440,1238520,147,0.685282,2824
1051120,1238520,147,0.677598,2824
1052192,1238520,146,0.675302,2832
1052048,1238520,147,0.675610,2832
1051544,1238520,147,0.676803,2824
1049448,1238520,148,0.681239,2800
1049792,1238520,147,0.680527,2800
1046832,1238520,147,0.686644,2800
1047576,1238520,147,0.685056,2800
1048104,1238520,146,0.683989,2800
1050416,1238520,146,0.679128,2800
1048872,1238520,146,0.682423,2800
1049800,1238520,145,0.680511,2800
1045888,1238520,146,0.688421,2800
1042544,1238520,147,0.694878,2800
1043000,1238520,146,0.693998,2808
1041888,1238520,147,0.696174,2768
1039520,1238520,148,0.700623,2728
1036280,1238520,149,0.706407,2728
1036064,1238520,150,0.706785,2728
1032296,1238520,151,0.713221,2728
1034152,1238520,151,0.710004,2728
1035776,1238520,150,0.707189,2736
1036648,1238520,149,0.705649,2744
1034296,1238520,148,0.709895,2744
1034696,1238520,147,0.709209,2744
1037256,1238520,146,0.704717,2760
1040632,1238520,146,0.698525,2760
1040824,1238520,145,0.698141,2776
1039072,1238520,145,0.701436,2776
1042888,1238520,144,0.694287,2816
1040936,1238520,144,0.698037,2816
1041048,1238520,143,0.697830,2816
1040552,1238520,144,0.698776,2800
1043184,1238520,143,0.693816,2816
1040352,1238520,143,0.699203,2816
1043320,1238520,143,0.693556,2816
1039640,1238520,142,0.700594,2816
1037816,1238520,142,0.703964,2816
1040616,1238520,141,0.698806,2864
1042216,1238520,141,0.695738,2864
1042016,1238520,142,0.696114,2864
1040016,1238520,141,0.699995,2864
1038616,1238520,141,0.702619,2864
1039776,1238520,140,0.700521,2864
1041816,1238520,140,0.696668,2864
1038456,1238520,140,0.702906,2864
1037120,1238520,141,0.705367,2816
1034104,1238520,142,0.710591,2816
1031024,1238520,142,0.715816,2816
1027280,1238520,142,0.721903,2816
1028792,1238520,141,0.719482,2832
1032808,1238520,140,0.712859,2864
1030000,1238520,141,0.717486,2864
1032576,1238520,141,0.713167,2864
1036096,1238520,141,0.707078,2864
1035648,1238520,140,0.708106,2816
1034824,1238520,141,0.709525,2816
1031776,1238520,141,0.714776,2792
1033600,1238520,141,0.711648,2792
1034568,1238520,140,0.709991,2800
1037992,1238520,140,0.703935,2800
1039544,1238520,139,0.701117,2816
1042632,1238520,138,0.695316,2864
1041016,1238520,139,0.698333,2864
1038320,1238520,140,0.703236,2864
1038416,1238520,139,0.703064,2864
1038216,1238520,140,0.703422,2864
1035608,1238520,141,0.708009,2864
1033888,1238520,141,0.711039,2864
1036752,1238520,141,0.706014,2864
1038392,1238520,141,0.703021,2864
1037848,1238520,141,0.704078,2864
1034840,1238520,142,0.709333,2864
1036528,1238520,142,0.706323,2864
1038440,1238520,142,0.702849,2864
1040464,1238520,142,0.699086,2864
1043200,1238520,142,0.693877,2864
1041760,1238520,142,0.696683,2864
1044440,1238520,141,0.691560,2880
1046456,1238520,141,0.687519,2880
1045384,1238520,142,0.689646,2872
1044600,1238520,143,0.691204,2856
1045480,1238520,142,0.689443,2880
1048800,1238520,141,0.682751,2904
1048608,1238520,142,0.683143,2904
1045448,1238520,142,0.689553,2904
1049432,1238520,142,0.681453,2904
1048544,1238520,142,0.683371,2904
1047688,1238520,143,0.685105,2904
1050256,1238520,143,0.679746,2904
1050648,1238520,142,0.678927,2904
1046904,1238520,143,0.686580,2904
1047120,1238520,142,0.686149,2904
1048816,1238520,142,0.682620,2904
1046144,1238520,142,0.688089,2904
1042888,1238520,142,0.694484,2904
1046136,1238520,142,0.688105,2904
1044864,1238520,142,0.690692,2904
1042288,1238520,143,0.695618,2904
1039216,1238520,143,0.701378,2904
1039984,1238520,142,0.699922,2936
1036680,1238520,143,0.705846,2936
1032816,1238520,143,0.712564,2936
1031216,1238520,144,0.715224,2936
1029512,1238520,144,0.718081,2936
1030344,1238520,143,0.716693,2960
1031040,1238520,143,0.715475,2960
1032280,1238520,142,0.713394,2976
1033440,1238520,142,0.711364,2976
1035376,1238520,142,0.707968,2976
1034216,1238520,142,0.710045,2976
1037664,1238520,142,0.703950,2976
1041120,1238520,142,0.697577,2976
1038536,1238520,142,0.702389,2976
1042200,1238520,142,0.695558,2976
1038792,1238520,143,0.701841,2976
1035512,1238520,144,0.707690,2952
1038288,1238520,144,0.702705,2952
1041616,1238520,144,0.696518,2952
1044184,1238520,143,0.691622,2960
1043272,1238520,143,0.693480,2952
1041968,1238520,143,0.687691,2952
1045400,1238520,143,0.680834,2952
1045000,1238520,144,0.681637,2952
1048776,1238520,144,0.673786,2952
1050672,1238520,144,0.669645,2952
1047584,1238520,145,0.676175,2952
1048040,1238520,144,0.675177,2976
1047848,1238520,144,0.675710,2960
1044224,1238520,144,0.683169,2960
1048200,1238520,144,0.674977,2960
1048184,1238520,143,0.675211,2960
1049688,1238520,142,0.671993,2984
1053056,1238520,142,0.664562,2984
1051336,1238520,143,0.668345,2984
1051384,1238520,142,0.668241,2984
1048000,1238520,142,0.675544,2984
1048880,1238520,142,0.673601,2984
1045104,1238520,143,0.681429,2952
1046080,1238520,142,0.679410,2976
1044248,1238520,142,0.683185,2976
1043624,1238520,142,0.684544,2960
1043728,1238520,141,0.684339,2960
1039952,1238520,142,0.691606,2960
1043512,1238520,142,0.684670,2960
1041456,1238520,141,0.688936,2912
1042992,1238520,141,0.685876,2912
1044856,1238520,141,0.682102,2912
1041176,1238520,141,0.689379,2912
1043960,1238520,141,0.683882,2912
1042440,1238520,141,0.686949,2912
1045672,1238520,141,0.680463,2912
1043672,1238520,141,0.684544,2912
1040616,1238520,142,0.690444,2912
1038760,1238520,143,0.693920,2912
1038192,1238520,144,0.694968,2912
1037440,1238520,145,0.696433,2864
1041480,1238520,145,0.688798,2864
1043744,1238520,145,0.684308,2864
1046568,1238520,145,0.678546,2864
1046520,1238520,146,0.678644,2864
1049984,1238520,146,0.671310,2864
1052288,1238520,146,0.666209,2864
1048816,1238520,147,0.673685,2864
1050208,1238520,146,0.670694,2880
1052984,1238520,146,0.664527,2880
1049424,1238520,146,0.672366,2880
1046592,1238520,147,0.678268,2880
1047400,1238520,146,0.676573,2896
1047992,1238520,145,0.675327,2904
1046776,1238520,146,0.677842,2904
1045648,1238520,146,0.680237,2904
1047312,1238520,146,0.676738,2904
1047048,1238520,147,0.677283,2904
1049232,1238520,147,0.672621,2904
1045976,1238520,147,0.679475,2904
1043816,1238520,148,0.683803,2904
1041032,1238520,148,0.689303,2904
1044856,1238520,148,0.681734,2904
1048648,1238520,148,0.673854,2904
1049144,1238520,147,0.672790,2912
1050312,1238520,146,0.670196,2960
1049696,1238520,146,0.671618,2960
1048120,1238520,147,0.674943,2960
1045440,1238520,148,0.680479,2944
1046000,1238520,147,0.679329,2952
1045848,1238520,148,0.679637,2952
1041944,1238520,148,0.687460,2952
1041824,1238520,149,0.687691,2952
1044264,1238520,149,0.682819,2952
1041632,1238520,149,0.688092,2936
1043080,1238520,148,0.685266,2944
1042728,1238520,147,0.686141,2944
1039152,1238520,148,0.692954,2944
1039400,1238520,147,0.692491,2944
1042512,1238520,147,0.686468,2944
1039976,1238520,147,0.691410,2944
1036648,1238520,147,0.697638,2944
1034344,1238520,147,0.701830,2944
1037120,1238520,147,0.696782,2944
1040232,1238520,147,0.690928,2944
1039728,1238520,148,0.691892,2936
1043056,1238520,148,0.685423,2936
1044504,1238520,148,0.682469,2936
1045872,1238520,147,0.679686,2952
1049232,1238520,147,0.672621,2952
1048600,1238520,148,0.673988,2936
1051112,1238520,148,0.668519,2936
1054504,1238520,148,0.660874,2936
1055688,1238520,148,0.658050,2936
1055568,1238520,149,0.658327,2936
1057024,1238520,149,0.654820,2936
1053872,1238520,149,0.662197,2936
1055976,1238520,148,0.657383,2936
1055528,1238520,149,0.658419,2936
1059568,1238520,149,0.648722,2936
1056504,1238520,150,0.656041,2936
1056448,1238520,151,0.656172,2936
1053328,1238520,152,0.663312,2936
1055936,1238520,152,0.657253,2936
1053192,1238520,153,0.663509,2936
1051376,1238520,153,0.667630,2936
1050104,1238520,154,0.670420,2920
1050384,1238520,153,0.669800,2928
1053240,1238520,153,0.663420,2928
1050272,1238520,154,0.669938,2928
1053904,1238520,154,0.661817,2928
1051888,1238520,154,0.666420,2928
1054160,1238520,154,0.661238,2928
1056808,1238520,154,0.655009,2928
1056528,1238520,155,0.655666,2928
1053960,1238520,155,0.661727,2912
1050640,1238520,156,0.669074,2912
1052296,1238520,156,0.665343,2912
1054600,1238520,156,0.660054,2912
1052736,1238520,157,0.664331,2880
1055816,1238520,156,0.657234,2920
1052976,1238520,156,0.663813,2920
1056944,1238520,156,0.654594,2920
1059952,1238520,156,0.647233,2920
1056984,1238520,156,0.654500,2920
1060152,1238520,156,0.646740,2920
1059592,1238520,156,0.648234,2920
1061168,1238520,156,0.644216,2920
1059776,1238520,157,0.647704,2904
1060536,1238520,156,0.645810,2912
1057072,1238520,156,0.654311,2912
1057408,1238520,155,0.653515,2912
1060200,1238520,155,0.646641,2912
1056256,1238520,156,0.656116,2912
1055992,1238520,156,0.656881,2896
1057288,1238520,155,0.653819,2904
1057672,1238520,154,0.652869,2920
1054360,1238520,155,0.660583,2920
1057192,1238520,155,0.653895,2920
1055368,1238520,155,0.658272,2920
1051608,1238520,155,0.666842,2920
1051880,1238520,154,0.666244,2920
1054864,1238520,154,0.659431,2920
1056672,1238520,154,0.655122,2920
1056304,1238520,154,0.656097,2920
1054000,1238520,155,0.661510,2872
1051664,1238520,155,0.666913,2832
1054408,1238520,155,0.660674,2832
1051632,1238520,155,0.666983,2832
1050560,1238520,155,0.669437,2824
1050656,1238520,154,0.669230,2824
1053840,1238520,154,0.662088,2824
1053672,1238520,155,0.662467,2824
1053344,1238520,156,0.663204,2824
1049968,1238520,156,0.670711,2824
1049768,1238520,157,0.671140,2824
1047528,1238520,157,0.676026,2792
1049584,1238520,156,0.671686,2800
1048000,1238520,156,0.675127,2800
1049424,1238520,155,0.672095,2816
1045688,1238520,155,0.679945,2816
1047744,1238520,155,0.675627,2816
1045040,1238520,156,0.681156,2816
1041464,1238520,157,0.688184,2816
1039056,1238520,157,0.692835,2816
1041464,1238520,157,0.688184,2816
1044728,1238520,157,0.681685,2816
1047608,1238520,157,0.675710,2816
1046576,1238520,157,0.677973,2800
1044456,1238520,158,0.682261,2800
1047080,1238520,157,0.676854,2840
1046312,1238520,158,0.678497,2808
1044904,1238520,159,0.681365,2800
1044720,1238520,160,0.681734,2800
1048744,1238520,160,0.673365,2800
1052832,1238520,160,0.664402,2800
1056600,1238520,159,0.655704,2840
1059880,1238520,159,0.647724,2840
1059512,1238520,160,0.648625,2840
1060088,1238520,159,0.647154,2864
1056512,1238520,159,0.655854,2864
1060480,1238520,158,0.646187,2912
1060496,1238520,157,0.646147,2912
1059552,1238520,157,0.648586,2912
1061984,1238520,157,0.642425,2912
1061240,1238520,158,0.644296,2912
1058672,1238520,158,0.650721,2912
1059584,1238520,157,0.648468,2928
1062672,1238520,157,0.640637,2928
1064496,1238520,157,0.635793,2928
1066872,1238520,157,0.629323,2928
1067968,1238520,157,0.626190,2928
1065392,1238520,157,0.633300,2928
1069192,1238520,157,0.622778,2928
1072416,1238520,157,0.613343,2928
1075896,1238520,157,0.602627,2928
1072808,1238520,157,0.612181,2928
1068880,1238520,158,0.623519,2928
1066968,1238520,158,0.628932,2928
1071064,1238520,158,0.617298,2928
1071088,1238520,157,0.617229,2928
1072512,1238520,157,0.612917,2928
1069712,1238520,157,0.621309,2880
1068024,1238520,157,0.626168,2880
1066512,1238520,157,0.630428,2880
1069408,1238520,157,0.622305,2880
1070328,1238520,156,0.619578,2920
1071280,1238520,155,0.616765,2944
1068032,1238520,155,0.626101,2944
1068368,1238520,154,0.625170,2944
1066856,1238520,154,0.629497,2928
1066296,1238520,154,0.631140,2928
1067064,1238520,153,0.628975,2960
1070304,1238520,152,0.619943,2960
1066768,1238520,153,0.629779,2960
1067296,1238520,152,0.628277,2984
1063648,1238520,152,0.638107,2984
1063624,1238520,153,0.638169,2984
1067152,1238520,152,0.628779,2992
1069096,1238520,152,0.623272,2992
1065008,1238520,152,0.634530,2992
1066408,1238520,151,0.630774,3000
1064016,1238520,152,0.637151,2984
1065760,1238520,151,0.632512,3000
1064792,1238520,152,0.635099,2992
1065600,1238520,151,0.632960,2992
1065008,1238520,152,0.634551,2984
1061984,1238520,153,0.642425,2960
1063176,1238520,153,0.639263,2960
1064088,1238520,153,0.636776,2960
1061712,1238520,153,0.642990,2960
1064280,1238520,153,0.636275,2960
1063216,1238520,153,0.639242,2928
1064296,1238520,152,0.636421,2936
1061456,1238520,152,0.643815,2936
1064936,1238520,152,0.634741,2936
1063376,1238520,152,0.638933,2936
1061560,1238520,153,0.643554,2936
1063880,1238520,152,0.637547,2968
1064888,1238520,151,0.634867,2984
1062224,1238520,152,0.641756,2984
1062032,1238520,152,0.642364,2984
1061544,1238520,152,0.643755,2968
1063592,1238520,152,0.638417,2968
1066400,1238520,152,0.630881,2968
1069664,1238520,152,0.621740,2968
1067024,1238520,153,0.629063,2968
1068552,1238520,152,0.624726,3016
1067784,1238520,153,0.626874,3008
1068264,1238520,152,0.625548,3008
1067080,1238520,152,0.628932,3008
1067928,1238520,152,0.626477,3008
1063992,1238520,152,0.637151,3008
1062352,1238520,152,0.641492,3008
1062464,1238520,151,0.641208,3008
1059184,1238520,151,0.649482,3008
1060672,1238520,151,0.645711,3008
1061688,1238520,151,0.643051,3008
1059464,1238520,151,0.648683,3008
1061888,1238520,151,0.642546,3008
1058016,1238520,152,0.652066,3008
1054960,1238520,151,0.659450,3008
1055824,1238520,151,0.657346,3008
1058880,1238520,151,0.649986,3008
1055216,1238520,152,0.658641,3008
1055440,1238520,151,0.658124,3008
1052048,1238520,152,0.665786,3008
1054736,1238520,152,0.659633,3008
1054384,1238520,153,0.660437,3008
1057424,1238520,152,0.653344,3016
1054024,1238520,153,0.661238,3016
1055792,1238520,152,0.657141,3032
1054880,1238520,152,0.659358,3032
1057128,1238520,152,0.654008,3032
1053968,1238520,153,0.661328,3032
1056384,1238520,153,0.655648,3032
1053056,1238520,154,0.663276,3032
1054976,1238520,154,0.658806,3032
1052768,1238520,154,0.663920,3032
1053376,1238520,153,0.662503,3056
1050936,1238520,153,0.668014,3056
1048296,1238520,152,0.673870,3056
1051064,1238520,152,0.667840,3056
1054080,1238520,152,0.661020,3056
1051760,1238520,151,0.666491,3024
1053336,1238520,150,0.662917,3056
1052032,1238520,151,0.665821,3056
1055320,1238520,150,0.658309,3096
1052192,1238520,150,0.665485,3096
1054112,1238520,150,0.661074,3096
1050088,1238520,151,0.669972,3096
1052704,1238520,151,0.664135,3096
1049312,1238520,152,0.671532,3096
1052264,1238520,152,0.665007,3096
1050624,1238520,153,0.668606,3096
1054224,1238520,152,0.660583,3104
1052800,1238520,152,0.663903,3104
1052152,1238520,152,0.665485,3088
1052480,1238520,151,0.664758,3088
1055544,1238520,151,0.657698,3088
1051656,1238520,151,0.666596,3080
1054504,1238520,151,0.660109,3080
1052200,1238520,151,0.665397,3080
1051920,1238520,152,0.666033,3072
1049552,1238520,153,0.671208,3056
1053432,1238520,153,0.662593,3056
1051296,1238520,154,0.667403,3024
1053144,1238520,154,0.663204,3024
1051664,1238520,155,0.666508,3016
1050856,1238520,155,0.668380,3016
1052512,1238520,155,0.664633,3016
1055112,1238520,154,0.658659,3056
1052296,1238520,155,0.665024,3056
1052992,1238520,154,0.663473,3056
1056432,1238520,154,0.655479,3056
1054168,1238520,154,0.660820,3056
1050928,1238520,155,0.668032,3056
1053912,1238520,155,0.661292,3056
1057160,1238520,155,0.653648,3056
1056704,1238520,155,0.654896,3032
1059448,1238520,155,0.648195,3032
1060144,1238520,154,0.646483,3032
1057752,1238520,154,0.652411,3032
1054872,1238520,154,0.659266,3032
1055064,1238520,153,0.658806,3040
1059152,1238520,152,0.649112,3048
1058576,1238520,153,0.650566,3024
1059808,1238520,153,0.647449,3024
1058800,1238520,154,0.649947,3008
1061840,1238520,154,0.642304,3008
1060200,1238520,153,0.646641,3008
1061056,1238520,152,0.644416,3048
1057376,1238520,152,0.653496,3048
1059936,1238520,152,0.647193,3048
1057192,1238520,152,0.653932,3048
1058120,1238520,151,0.651606,3096
1056544,1238520,152,0.655422,3064
1059696,1238520,152,0.647744,3064
1058528,1238520,153,0.650702,3016
1057656,1238520,153,0.652907,3016
1059496,1238520,153,0.648351,3016
1060616,1238520,153,0.645472,3016
1060096,1238520,153,0.646996,2968
1056216,1238520,153,0.656415,2968
1055472,1238520,154,0.658142,2968
1051448,1238520,153,0.667403,2968
1054360,1238520,153,0.660801,2968
1053488,1238520,154,0.662791,2960
1051960,1238520,155,0.666297,2912
1048360,1238520,156,0.674055,2904
1049576,1238520,156,0.671379,2904
1050720,1238520,156,0.668814,2904
1052264,1238520,155,0.665361,2936
1056144,1238520,155,0.656433,2936
1053248,1238520,154,0.663276,2936
1050352,1238520,155,0.669645,2936
1049184,1238520,156,0.672146,2936
1045208,1238520,156,0.680479,2936
1047448,1238520,156,0.675793,2936
1045240,1238520,156,0.680414,2936
1045408,1238520,155,0.680075,2936
1041624,1238520,156,0.687553,2936
1041680,1238520,155,0.687444,2936
1043800,1238520,155,0.683201,2936
1044928,1238520,154,0.680866,2976
1043968,1238520,155,0.682835,2952
1047512,1238520,155,0.675527,2952
1044472,1238520,156,0.681750,2944
1048200,1238520,156,0.674005,2944
1046984,1238520,156,0.676639,2944
1049152,1238520,156,0.671993,2944
1045232,1238520,156,0.680221,2944
1045832,1238520,155,0.679003,2944
1049832,1238520,154,0.670540,2992
1045736,1238520,154,0.679198,2992
1045984,1238520,153,0.678693,2992
1043240,1238520,154,0.684197,2992
1043992,1238520,153,0.682676,3008
1047056,1238520,153,0.676358,3008
1050016,1238520,153,0.670007,3008
1048568,1238520,153,0.673213,3000
1046304,1238520,153,0.678022,3000
1046592,1238520,152,0.677431,3000
1044144,1238520,153,0.682389,3000
1042440,1238520,152,0.685939,3000
1043152,1238520,151,0.684497,3024
1040200,1238520,151,0.690292,3024
1039808,1238520,151,0.691139,3016
1039200,1238520,152,0.692326,2992
1037344,1238520,152,0.695849,2992
1035720,1238520,152,0.698905,2976
1032360,1238520,153,0.704809,2976
1034120,1238520,153,0.701661,2976
1034440,1238520,152,0.701040,3008
1031904,1238520,153,0.705455,3008
1029120,1238520,153,0.710233,3008
1030512,1238520,153,0.707823,3008
1033144,1238520,153,0.703229,3008
1034360,1238520,153,0.701012,3008
1030656,1238520,153,0.707539,2984
1027904,1238520,154,0.712133,2976
1028576,1238520,153,0.711015,2984
1027392,1238520,153,0.713034,2984
1027928,1238520,153,0.712081,2984
1026064,1238520,152,0.715257,2984
1029240,1238520,152,0.709994,2984
1032928,1238520,152,0.703646,2984
1036080,1238520,151,0.698042,3000
1033584,1238520,152,0.702475,3000
1033528,1238520,153,0.702573,3000
1033848,1238520,152,0.701970,3024
1034912,1238520,152,0.700005,3024
1034800,1238520,152,0.700289,3024
1032128,1238520,153,0.705001,3000
1033952,1238520,152,0.701759,3040
1036944,1238520,152,0.696316,3040
1040248,1238520,152,0.690079,3040
1041424,1238520,152,0.687738,3040
1042568,1238520,152,0.685423,3040
1042888,1238520,151,0.684733,3072
1041024,1238520,151,0.688445,3072
1041600,1238520,151,0.687243,3072
1040096,1238520,152,0.690171,3048
1041480,1238520,152,0.687429,3048
1041336,1238520,152,0.687799,3048
1041376,1238520,151,0.687722,3048
1038856,1238520,152,0.692506,3048
1042464,1238520,152,0.685517,3048
1038920,1238520,152,0.692386,3048
1038064,1238520,153,0.694053,3008
1039488,1238520,153,0.691305,3008
1040536,1238520,153,0.689226,3008
1040392,1238520,154,0.689501,3008
1040776,1238520,153,0.688752,3016
1038216,1238520,154,0.693579,3016
1034336,1238520,155,0.700616,3016
1034360,1238520,154,0.700573,3016
1033680,1238520,155,0.701773,3016
1034424,1238520,154,0.700460,3016
1035672,1238520,154,0.698143,3016
1032904,1238520,155,0.703104,2984
1034960,1238520,154,0.699449,3000
1033656,1238520,154,0.701858,2992
1034792,1238520,154,0.699763,2992
1032792,1238520,155,0.703285,2992
1032512,1238520,155,0.703868,2984
1032400,1238520,154,0.704229,2984
1035304,1238520,154,0.699034,2984
1035968,1238520,153,0.697811,3000
1039976,1238520,153,0.690307,3000
1039712,1238520,154,0.690807,3000
1036640,1238520,155,0.696506,3000
1036144,1238520,156,0.697421,2992
1035080,1238520,156,0.699420,2992
1037464,1238520,155,0.695057,3016
1036584,1238520,156,0.696710,2992
1037344,1238520,155,0.695292,3008
1038872,1238520,155,0.692371,3008
1042912,1238520,155,0.684528,3008
1044272,1238520,155,0.681734,3008
1043056,1238520,156,0.684150,3008
1045000,1238520,156,0.680172,3008
1041776,1238520,156,0.686654,3008
1040560,1238520,156,0.689089,3008
1040000,1238520,157,0.690171,3000
1042920,1238520,157,0.684434,3000
1039096,1238520,157,0.691877,3000
1038320,1238520,158,0.693341,2992
1035848,1238520,158,0.697955,2992
1032856,1238520,158,0.703341,2992
1035448,1238520,157,0.698733,3008
1033840,1238520,157,0.701675,3008
1034296,1238520,156,0.700842,3024
1033640,1238520,156,0.702097,3016
1031280,1238520,157,0.706180,3016
1030464,1238520,158,0.707580,3008
1034024,1238520,158,0.701351,3008
1038048,1238520,158,0.693994,3008
1039392,1238520,157,0.691471,3016
1036408,1238520,156,0.697160,3016
1037048,1238520,155,0.695995,3016
1040176,1238520,155,0.690079,3016
1038816,1238520,156,0.692655,3008
1041600,1238520,155,0.687336,3024
1041816,1238520,154,0.686903,3032
1045408,1238520,154,0.679686,3032
1048552,1238520,154,0.673078,3032
1050368,1238520,154,0.669091,3032
1046936,1238520,153,0.676556,3032
1048480,1238520,153,0.673230,3032
1044480,1238520,154,0.681557,2984
1043392,1238520,154,0.683818,2984
1045208,1238520,154,0.680091,2984
1042800,1238520,155,0.684890,2984
1043912,1238520,155,0.682596,2984
1044936,1238520,154,0.680544,2984
1042088,1238520,153,0.686375,2984
1040800,1238520,153,0.688951,2984
1040992,1238520,152,0.688568,2992
1042048,1238520,152,0.686437,2992
1038272,1238520,152,0.693698,2992
1034792,1238520,152,0.700104,2992
1036856,1238520,152,0.696302,2992
1034128,1238520,152,0.701280,2992
1036248,1238520,152,0.697406,2992
1035032,1238520,151,0.699763,2992
1037808,1238520,151,0.694644,2992
1040768,1238520,151,0.688997,2992
1040576,1238520,152,0.689379,2984
1041496,1238520,151,0.687614,2984
1041400,1238520,152,0.687799,2984
1044584,1238520,152,0.681445,2984
1042920,1238520,152,0.684843,2984
1044160,1238520,152,0.682293,2984
1040344,1238520,153,0.689730,2984
1040832,1238520,152,0.688798,2984
1037496,1238520,153,0.695145,2936
1038160,1238520,152,0.693876,2960
1036584,1238520,152,0.696855,2960
1033368,1238520,152,0.702671,2960
1036080,1238520,151,0.697768,3008
1032448,1238520,152,0.704187,3008
1032520,1238520,151,0.704063,3008
1034016,1238520,150,0.701379,3048
1031192,1238520,151,0.706276,3048
1031168,1238520,152,0.706317,3048
1034184,1238520,152,0.700998,3048
1034048,1238520,153,0.701238,3048
1031504,1238520,153,0.705825,3000
1034144,1238520,153,0.701153,3000
1032880,1238520,154,0.703368,3000
1036248,1238520,154,0.697305,3000
1038720,1238520,153,0.692760,3000
1039120,1238520,152,0.692012,3000
1036472,1238520,151,0.697073,3000
1036184,1238520,152,0.697594,3000
1037808,1238520,152,0.694541,3000
1037120,1238520,153,0.695805,3000
1034432,1238520,154,0.700644,3000
1038280,1238520,154,0.693579,3000
1038128,1238520,155,0.693861,3000
1040664,1238520,154,0.689089,3000
1041400,1238520,153,0.687661,3008
1042312,1238520,152,0.685892,3008
1038992,1238520,153,0.692281,2984
1039320,1238520,152,0.691591,3024
1039280,1238520,152,0.691756,3024
1036568,1238520,152,0.696899,3000
1038600,1238520,152,0.693073,3000
1038536,1238520,153,0.693192,3000
1040848,1238520,153,0.688737,3000
1040928,1238520,152,0.688584,3000
1040552,1238520,153,0.689303,3000
1037696,1238520,153,0.694748,3000
1040224,1238520,153,0.689927,3000
1036272,1238520,153,0.697348,3000
1033440,1238520,153,0.702475,3000
1033576,1238520,152,0.702237,3000
1032464,1238520,151,0.704339,3000
1033304,1238520,150,0.702853,3016
1035352,1238520,150,0.699148,3016
1036680,1238520,150,0.696666,3016
1034840,1238520,150,0.700062,3016
1037312,1238520,150,0.695512,3016
1033464,1238520,150,0.702489,3016
1033112,1238520,151,0.703104,3016
1030064,1238520,152,0.708322,3016
1034056,1238520,151,0.701365,3064
1037352,1238520,150,0.695351,3112
1038904,1238520,150,0.692386,3112
1037352,1238520,151,0.695292,3096
1033520,1238520,151,0.702321,3056
1033536,1238520,150,0.702293,3056
1030208,1238520,151,0.708012,3056
1027488,1238520,152,0.712552,3040
1030656,1238520,152,0.707201,3040
1032848,1238520,152,0.703354,3040
1032904,1238520,151,0.703257,3040
1032520,1238520,152,0.703938,3032
1036064,1238520,152,0.697580,3032
1034928,1238520,153,0.699620,3032
1031232,1238520,153,0.706153,3032
1029840,1238520,152,0.708671,3032
1033712,1238520,152,0.701942,3032
1034640,1238520,152,0.700218,3032
1036040,1238520,152,0.697623,3032
1033720,1238520,153,0.701759,3032
1032208,1238520,153,0.704477,3032
1035144,1238520,152,0.699277,3056
1034784,1238520,152,0.700005,3056
1037592,1238520,152,0.694836,3056
1039864,1238520,151,0.690504,3104
1036968,1238520,152,0.695893,3104
1038024,1238520,152,0.693861,3104
1036968,1238520,153,0.695805,3104
1034408,1238520,153,0.700502,3104
1037040,1238520,153,0.695673,3104
1040008,1238520,152,0.690110,3120
1037952,1238520,153,0.693994,3104
1038120,1238520,152,0.693683,3104
1037592,1238520,153,0.694674,3096
1040040,1238520,153,0.690003,3096
1039296,1238520,153,0.691501,3096
1040256,1238520,153,0.689593,3096
1038448,1238520,154,0.692999,3096
1039776,1238520,154,0.690413,3096
1037856,1238520,154,0.694098,3096
1036032,1238520,155,0.697508,3056
1038560,1238520,155,0.692775,3056
1039376,1238520,154,0.691230,3064
1037344,1238520,154,0.695101,3064
1035752,1238520,155,0.697999,3064
1038528,1238520,155,0.692820,3064
1039976,1238520,155,0.690003,3064
1038936,1238520,156,0.691982,3056
1040720,1238520,155,0.688553,3080
1038112,1238520,154,0.693653,3080
1039624,1238520,154,0.690731,3080
1036392,1238520,154,0.696811,3080
1037928,1238520,154,0.693905,3080
1036720,1238520,155,0.696214,3032
1039976,1238520,155,0.690064,3032
1039704,1238520,155,0.690671,3032
1043392,1238520,154,0.683518,3040
1042344,1238520,154,0.685673,3040
1044528,1238520,154,0.681252,3040
1041816,1238520,155,0.686701,2992
1042344,1238520,154,0.685657,3000
1040504,1238520,154,0.689303,3000
1044344,1238520,154,0.681701,3000
1040584,1238520,155,0.689058,3000
1037296,1238520,155,0.695380,2960
1040088,1238520,155,0.690079,2960
1036024,1238520,155,0.697696,2960
1036832,1238520,154,0.696170,2992
1039600,1238520,154,0.690943,2992
1039504,1238520,155,0.691124,2992
1039616,1238520,154,0.690913,2992
1036536,1238520,155,0.696695,2952
1039304,1238520,155,0.691486,2952
1038728,1238520,155,0.692655,2952
1037664,1238520,155,0.694733,2944
1040232,1238520,155,0.689836,2944
1042584,1238520,155,0.685204,2944
1040904,1238520,155,0.688630,2904
1041560,1238520,154,0.687305,2936
1039136,1238520,154,0.692012,2936
1037592,1238520,155,0.694939,2904
1041040,1238520,155,0.688369,2904
1038048,1238520,156,0.694009,2904
1040232,1238520,156,0.689821,2904
1039352,1238520,155,0.691666,2904
1039624,1238520,154,0.691154,2904
1040024,1238520,153,0.690383,2912
1038000,1238520,153,0.694260,2912
1039096,1238520,153,0.692132,2912
1037152,1238520,153,0.695820,2912
1035320,1238520,153,0.699220,2912
1034864,1238520,154,0.700062,2896
1037696,1238520,154,0.694851,2896
1040992,1238520,154,0.688568,2896
1044936,1238520,154,0.680721,2896
1042992,1238520,154,0.684686,2896
1044384,1238520,153,0.681878,2920
1042784,1238520,154,0.685047,2920
1039176,1238520,155,0.691967,2920
1041520,1238520,154,0.687475,2936
1043032,1238520,154,0.684434,2936
1039152,1238520,155,0.691892,2936
1038624,1238520,155,0.693014,2912
1037408,1238520,155,0.695380,2896
1037936,1238520,154,0.694334,2936
1041888,1238520,154,0.686763,2936
1045824,1238520,154,0.678840,2936
1041752,1238520,154,0.687027,2936
1044256,1238520,154,0.682006,2936
1044008,1238520,155,0.682501,2936
1044768,1238520,154,0.680963,2944
1041760,1238520,154,0.687058,2912
1042336,1238520,153,0.685923,2920
1039872,1238520,154,0.690671,2912
1040224,1238520,153,0.690003,2912
1039496,1238520,154,0.691395,2904
1041816,1238520,154,0.686872,2904
1039872,1238520,155,0.690595,2904
1039208,1238520,156,0.691892,2880
1036784,1238520,157,0.696375,2880
1034416,1238520,158,0.700672,2856
1032568,1238520,157,0.704076,2856
1031728,1238520,158,0.705551,2840
1035224,1238520,158,0.699349,2840
1035584,1238520,157,0.698690,2848
1036192,1238520,156,0.697551,2872
1033384,1238520,157,0.702545,2872
1037112,1238520,157,0.695790,2872
1039184,1238520,156,0.691922,2888
1042648,1238520,156,0.685188,2888
1041280,1238520,157,0.687876,2872
1043552,1238520,156,0.683391,2896
1045168,1238520,156,0.680059,2896
1042984,1238520,155,0.684607,2896
1041392,1238520,156,0.687738,2880
1040544,1238520,155,0.689547,2880
1036504,1238520,155,0.697145,2880
1037272,1238520,154,0.695732,2888
1039808,1238520,154,0.690928,2888
1041432,1238520,154,0.687738,2888
1044800,1238520,154,0.681011,2888
1042768,1238520,154,0.685141,2888
1043328,1238520,154,0.683945,2888
1039456,1238520,153,0.691591,2888
1039464,1238520,152,0.691576,2888
1036968,1238520,153,0.696243,2864
1037272,1238520,152,0.695688,2864
1037264,1238520,153,0.695702,2864
1035096,1238520,154,0.699634,2856
1035152,1238520,153,0.699534,2856
1037328,1238520,152,0.695600,2856
1035464,1238520,153,0.698976,2856
1035624,1238520,152,0.698690,2856
1033032,1238520,153,0.703271,2856
1033864,1238520,152,0.701816,2856
1031224,1238520,151,0.706548,2856
1027216,1238520,152,0.713217,2856
1030016,1238520,152,0.708510,2856
1031744,1238520,152,0.705496,2856
1031000,1238520,152,0.706875,2840
1032904,1238520,152,0.703521,2840
1032688,1238520,152,0.703979,2840
1034488,1238520,152,0.700743,2840
1033776,1238520,152,0.702083,2840
1034456,1238520,151,0.700870,2848
1031208,1238520,151,0.706589,2848
1035128,1238520,151,0.699677,2848
1034008,1238520,151,0.701745,2848
1030320,1238520,152,0.708106,2840
1030912,1238520,152,0.707024,2840
1031912,1238520,151,0.705235,2888
1029144,1238520,151,0.709994,2888
1031224,1238520,151,0.706412,2888
1030096,1238520,151,0.708470,2848
1033432,1238520,151,0.702671,2848
1030424,1238520,151,0.707918,2848
1030264,1238520,151,0.708268,2848
1033896,1238520,151,0.701942,2848
1033528,1238520,151,0.702671,2848
1032144,1238520,152,0.705153,2800
1036088,1238520,152,0.698129,2800
1036256,1238520,151,0.697826,2800
1039448,1238520,151,0.691862,2800
1038872,1238520,152,0.692939,2800
1042176,1238520,152,0.686561,2800
1041184,1238520,152,0.688568,2800
1043848,1238520,152,0.683280,2800
1042224,1238520,152,0.686561,2800
1043928,1238520,151,0.683185,2816
1040136,1238520,151,0.690625,2816
1040888,1238520,150,0.689135,2848
1040128,1238520,151,0.690595,2840
1040280,1238520,150,0.690307,2840
1039464,1238520,151,0.691862,2832
1042192,1238520,151,0.686561,2832
1042000,1238520,151,0.687027,2832
1045144,1238520,151,0.680721,2832
1041880,1238520,152,0.687166,2832
1043152,1238520,151,0.684686,2832
1042752,1238520,152,0.685485,2824
1044624,1238520,152,0.681685,2824
1041176,1238520,153,0.688445,2824
1039600,1238520,154,0.691486,2800
1039976,1238520,153,0.690777,2800
1036448,1238520,154,0.697319,2792
1039488,1238520,154,0.691621,2792
1043224,1238520,154,0.684339,2792
1041584,1238520,154,0.687630,2792
1040392,1238520,154,0.690003,2792
1036304,1238520,155,0.697594,2784
1036712,1238520,154,0.696855,2784
1037088,1238520,153,0.696141,2800
1035528,1238520,154,0.698962,2800
1034128,1238520,154,0.701534,2800
1037136,1238520,154,0.696053,2800
1040352,1238520,154,0.689973,2800
1043984,1238520,154,0.682819,2800
1043056,1238520,154,0.684748,2800
1046048,1238520,154,0.678660,2800
1045992,1238520,155,0.678775,2800
1048656,1238520,155,0.673146,2800
1048544,1238520,156,0.673382,2800
1050288,1238520,156,0.669558,2800
1048752,1238520,156,0.672943,2800
1045792,1238520,157,0.679084,2800
1045256,1238520,157,0.680318,2776
1041216,1238520,157,0.688369,2776
1043264,1238520,157,0.684292,2776
1041344,1238520,157,0.688123,2776
1037936,1238520,157,0.694630,2776
1038816,1238520,156,0.692939,2808
1040416,1238520,155,0.689927,2808
1044096,1238520,155,0.682676,2808
1047112,1238520,155,0.676457,2808
1045064,1238520,155,0.680737,2808
1048528,1238520,155,0.673500,2808
1050824,1238520,155,0.668484,2808
1048232,1238520,154,0.674257,2792
1049784,1238520,153,0.670951,2800
1049144,1238520,154,0.672316,2800
1052696,1238520,154,0.664491,2800
1052368,1238520,155,0.665219,2800
1055064,1238520,155,0.659027,2800
1053768,1238520,156,0.661998,2792
1053440,1238520,157,0.662827,2752
1054296,1238520,157,0.660783,2752
1055432,1238520,156,0.658124,2776
1053584,1238520,156,0.662449,2776
1057216,1238520,156,0.653951,2776
1056944,1238520,156,0.654707,2776
1059928,1238520,156,0.647410,2776
1059016,1238520,157,0.649637,2776
1056024,1238520,157,0.656862,2776
1058832,1238520,157,0.650083,2776
1056856,1238520,158,0.654915,2728
1056640,1238520,159,0.655422,2728
1058912,1238520,159,0.649889,2728
1060824,1238520,159,0.645074,2728
1064272,1238520,159,0.636149,2728
1062472,1238520,159,0.640922,2728
1061776,1238520,160,0.642688,2728
1065424,1238520,160,0.633109,2728
1068192,1238520,160,0.625459,2728
1066440,1238520,161,0.630256,2728
1069504,1238520,160,0.621717,2752
1068768,1238520,161,0.623810,2744
1072080,1238520,161,0.614169,2744
1068112,1238520,161,0.625636,2744
1071872,1238520,161,0.614780,2744
1068888,1238520,162,0.623339,2744
1069184,1238520,161,0.622507,2744
1068744,1238520,161,0.623877,2744
1069456,1238520,160,0.621875,2744
1066688,1238520,161,0.629541,2744
1062896,1238520,162,0.639551,2744
1062200,1238520,162,0.641452,2744
1062392,1238520,161,0.640943,2752
1058400,1238520,162,0.650837,2752
1058232,1238520,163,0.651241,2752
1060008,1238520,163,0.646799,2752
1060456,1238520,162,0.645691,2752
1063304,1238520,162,0.638355,2752
1062920,1238520,162,0.639510,2736
1066200,1238520,162,0.630752,2736
1063848,1238520,163,0.636985,2736
1060656,1238520,163,0.645234,2736
1057280,1238520,164,0.653439,2736
1056040,1238520,165,0.656396,2720
1059792,1238520,165,0.647292,2720
1062192,1238520,164,0.641228,2744
1060864,1238520,165,0.644596,2736
1062168,1238520,164,0.641309,2736
1063600,1238520,163,0.637630,2736
1063376,1238520,163,0.638334,2736
1064080,1238520,162,0.636505,2736
1063152,1238520,163,0.638913,2736
1062624,1238520,163,0.640391,2736
1064888,1238520,163,0.634382,2736
1067208,1238520,163,0.628015,2736
1063248,1238520,163,0.638665,2736
1059800,1238520,163,0.647469,2736
1062360,1238520,162,0.640963,2776
1065592,1238520,162,0.632405,2776
1067888,1238520,162,0.626035,2776
1071000,1238520,162,0.617090,2776
1070984,1238520,163,0.617136,2776
1074232,1238520,163,0.607340,2776
1073240,1238520,163,0.610581,2744
1074664,1238520,163,0.606117,2744
1072592,1238520,164,0.612419,2728
1075480,1238520,164,0.603499,2728
1073840,1238520,165,0.608531,2728
1075976,1238520,165,0.601801,2728
1075520,1238520,165,0.603524,2680
1073968,1238520,166,0.608313,2672
1076544,1238520,166,0.600190,2672
1072528,1238520,167,0.612585,2640
1073688,1238520,166,0.609112,2640
1075504,1238520,166,0.603400,2640
1073632,1238520,166,0.609281,2640
1075584,1238520,166,0.603151,2640
1073056,1238520,166,0.611012,2640
1074648,1238520,165,0.606191,2640
1072616,1238520,166,0.612324,2640
1075928,1238520,166,0.602077,2640
1072976,1238520,167,0.611108,2640
1073408,1238520,166,0.609788,2648
1071112,1238520,166,0.616718,2648
1071760,1238520,165,0.614710,2688
1070624,1238520,165,0.618269,2648
1071592,1238520,164,0.615413,2664
1068928,1238520,164,0.623182,2664
1071320,1238520,164,0.616206,2664
1069136,1238520,164,0.622598,2664
1070224,1238520,163,0.619509,2664
1069592,1238520,164,0.621445,2616
1069752,1238520,163,0.620991,2616
1065792,1238520,163,0.632041,2616
1061840,1238520,164,0.642324,2616
1064776,1238520,163,0.634699,2632
1062760,1238520,164,0.639941,2632
1060448,1238520,164,0.645889,2632
1063536,1238520,164,0.637941,2632
1065536,1238520,163,0.632640,2648
1069576,1238520,163,0.621400,2648
1068552,1238520,164,0.624280,2648
1069336,1238520,163,0.622079,2648
1066320,1238520,163,0.630536,2648
1064280,1238520,163,0.636086,2648
1060648,1238520,163,0.645472,2648
1061688,1238520,163,0.642748,2648
1065168,1238520,163,0.633619,2648
1064848,1238520,164,0.634551,2616
1064688,1238520,165,0.634973,2616
1065280,1238520,164,0.633279,2664
1066912,1238520,163,0.628867,2672
1070376,1238520,163,0.619050,2672
1067600,1238520,163,0.626984,2672
1069784,1238520,163,0.620741,2672
1066312,1238520,163,0.630493,2672
1063840,1238520,163,0.637172,2672
1062992,1238520,164,0.639386,2664
1064656,1238520,163,0.634931,2712
1061528,1238520,163,0.643111,2712
1064456,1238520,162,0.635583,2712
1066104,1238520,162,0.631075,2712
1069728,1238520,162,0.620923,2712
1069280,1238520,163,0.622192,2712
1071072,1238520,163,0.616927,2712
1069016,1238520,163,0.622935,2712
1072128,1238520,163,0.613839,2712
1069672,1238520,163,0.621218,2664
1072928,1238520,163,0.611609,2664
1072392,1238520,162,0.613485,2664
1073848,1238520,162,0.608991,2664
1070296,1238520,163,0.619440,2664
1071576,1238520,163,0.615600,2664
1068560,1238520,164,0.624213,2664
1071432,1238520,164,0.615880,2664
1068128,1238520,165,0.625281,2664
1071624,1238520,165,0.615179,2664
1069352,1238520,165,0.621853,2664
1073400,1238520,165,0.609908,2664
1070248,1238520,166,0.619165,2664
1070472,1238520,165,0.618522,2664
1066432,1238520,166,0.629801,2664
1066352,1238520,167,0.630018,2664
1066872,1238520,166,0.628605,2664
1065440,1238520,167,0.632469,2664
1067072,1238520,167,0.627928,2664
1065672,1238520,168,0.631741,2656
1068880,1238520,168,0.622800,2656
1070096,1238520,167,0.619257,2688
1069880,1238520,168,0.619898,2680
1071576,1238520,168,0.614850,2680
1070792,1238520,169,0.617136,2680
1069064,1238520,169,0.622350,2632
1068384,1238520,170,0.624280,2624
1071256,1238520,170,0.615950,2624
1074496,1238520,170,0.606117,2624
1077504,1238520,170,0.596516,2624
1076784,1238520,171,0.598871,2608
1078312,1238520,170,0.593820,2648
1076496,1238520,170,0.599810,2648
1075272,1238520,171,0.603748,2616
1075968,1238520,170,0.601575,2616
1072560,1238520,170,0.612133,2616
1069768,1238520,171,0.620263,2616
1070256,1238520,170,0.618844,2624
1073096,1238520,170,0.610365,2624
1074368,1238520,169,0.606362,2672
1071864,1238520,169,0.614028,2672
1073568,1238520,169,0.608798,2672
1069752,1238520,170,0.620126,2632
1065992,1238520,171,0.630558,2632
1068680,1238520,170,0.623160,2632
1064920,1238520,171,0.633492,2608
1063496,1238520,171,0.637359,2608
1063624,1238520,170,0.637006,2616
1059976,1238520,171,0.646266,2616
1057544,1238520,172,0.652181,2616
1060824,1238520,172,0.644035,2616
1063664,1238520,172,0.636651,2616
1066904,1238520,172,0.627862,2616
1064048,1238520,172,0.635646,2616
1065616,1238520,171,0.631376,2656
1066616,1238520,170,0.628605,2680
1063472,1238520,169,0.637235,2680
1062512,1238520,170,0.639756,2664
1066120,1238520,170,0.630126,2664
1068752,1238520,169,0.622778,2696
1065600,1238520,170,0.631484,2680
1064152,1238520,171,0.635352,2672
1062320,1238520,170,0.640350,2672
1063776,1238520,169,0.636588,2672
1060536,1238520,169,0.644975,2672
1059264,1238520,170,0.648234,2624
1061632,1238520,169,0.642243,2664
1065136,1238520,169,0.633024,2664
1064576,1238520,170,0.634509,2664
1065504,1238520,169,0.632041,2664
1067368,1238520,169,0.626852,2664
1068744,1238520,168,0.623003,2672
1067664,1238520,168,0.626168,2664
1068344,1238520,167,0.624280,2664
1067752,1238520,168,0.625924,2664
1070216,1238520,168,0.618844,2664
1069000,1238520,168,0.622530,2632
1069944,1238520,167,0.619761,2664
1068632,1238520,168,0.623474,2664
1065008,1238520,168,0.633513,2656
1062072,1238520,169,0.641187,2640
1062016,1238520,170,0.641330,2640
1059672,1238520,170,0.647311,2640
1058136,1238520,169,0.651280,2640
1057424,1238520,170,0.652983,2640
1056528,1238520,170,0.655234,2632
1054880,1238520,170,0.659174,2632
1052272,1238520,170,0.665166,2632
1050968,1238520,170,0.668136,2632
1049872,1238520,170,0.670608,2632
1045840,1238520,170,0.679198,2600
1049184,1238520,169,0.672163,2640
1052200,1238520,169,0.665521,2640
1052392,1238520,168,0.665095,2640
1053904,1238520,168,0.661600,2640
1056824,1238520,167,0.654783,2672
1057536,1238520,166,0.653097,2672
1056024,1238520,166,0.656769,2672
1056296,1238520,165,0.656116,2680
1053280,1238520,165,0.663133,2680
1051824,1238520,165,0.666473,2680
1051488,1238520,165,0.667316,2680
1050896,1238520,166,0.668710,2632
1054048,1238520,165,0.661691,2648
1056528,1238520,165,0.655872,2648
1058264,1238520,164,0.651740,2656
1056432,1238520,164,0.656191,2656
1053624,1238520,164,0.662737,2656
1055200,1238520,164,0.659046,2656
1056120,1238520,164,0.656806,2656
1059784,1238520,164,0.647940,2656
1062416,1238520,164,0.641248,2656
1063192,1238520,163,0.639242,2664
1059224,1238520,164,0.649287,2616
1063088,1238520,164,0.639510,2616
1066680,1238520,164,0.629909,2616
1070712,1238520,164,0.618522,2616
1067624,1238520,165,0.627335,2568
1064896,1238520,165,0.634804,2568
1065152,1238520,164,0.634128,2568
1062232,1238520,165,0.641695,2568
1065200,1238520,165,0.633874,2568
1067432,1238520,165,0.627730,2568
1070080,1238520,165,0.620195,2568
1067432,1238520,165,0.627730,2568
1069392,1238520,165,0.622147,2568
1072000,1238520,165,0.614498,2568
1074984,1238520,165,0.605380,2568
1073744,1238520,166,0.609161,2568
1074008,1238520,165,0.608362,2568
1071512,1238520,165,0.615927,2568
1069616,1238520,165,0.621513,2568
1073696,1238520,165,0.609450,2568
1072552,1238520,165,0.613012,2568
1076496,1238520,165,0.600821,2568
1078512,1238520,165,0.594211,2568
1075208,1238520,166,0.604788,2536
1076024,1238520,165,0.602252,2536
1073120,1238520,164,0.611418,2536
1071200,1238520,165,0.617066,2536
1069312,1238520,165,0.622598,2536
1067048,1238520,164,0.629128,2536
1066696,1238520,165,0.630082,2536
1068488,1238520,165,0.625037,2536
1070648,1238520,165,0.618798,2536
1068912,1238520,166,0.623743,2528
1070512,1238520,165,0.619188,2536
1071552,1238520,165,0.616043,2536
1075040,1238520,165,0.605454,2536
1076320,1238520,164,0.601374,2568
1073040,1238520,165,0.611418,2568
1076408,1238520,165,0.627895,2568
1075712,1238520,166,0.629927,2568
1077160,1238520,166,0.625532,2568
1075560,1238520,167,0.630229,2568
1073240,1238520,167,0.636968,2568
1070720,1238520,167,0.644133,2520
1068320,1238520,168,0.650525,2496
1071048,1238520,168,0.643186,2496
1074736,1238520,168,0.661892,2496
1078624,1238520,168,0.682814,2496
1078456,1238520,169,0.683241,2496
1081000,1238520,169,0.676517,2496
1078432,1238520,170,0.683180,2496
1080216,1238520,170,0.678455,2496
1077368,1238520,170,0.685862,2496
1078704,1238520,169,0.682406,2528
1080768,1238520,169,0.676919,2528
1080248,1238520,170,0.678288,2528
1080696,1238520,169,0.677067,2544
1079072,1238520,169,0.681443,2536
1079800,1238520,168,0.679540,2544
1076552,1238520,168,0.687887,2544
1074256,1238520,168,0.693563,2544
1075488,1238520,167,0.690606,2544
1076704,1238520,166,0.687571,2568
1075464,1238520,166,0.690722,2568
1073408,1238520,167,0.695641,2560
1073576,1238520,166,0.695247,2560
1072896,1238520,166,0.696949,2560
1075976,1238520,166,0.689497,2560
1075024,1238520,167,0.691861,2536
1072704,1238520,167,0.697451,2536
1076152,1238520,167,0.716643,2536
1073072,1238520,167,0.723451,2536
1075224,1238520,167,0.718697,2536
1072136,1238520,166,0.725526,2536
1071160,1238520,166,0.727702,2512
1067720,1238520,167,0.734607,2512
1069760,1238520,166,0.730507,2536
1070848,1238520,166,0.728195,2536
1072048,1238520,166,0.725610,2536
1068152,1238520,166,0.733617,2536
1069592,1238520,165,0.730749,2536
1069616,1238520,164,0.730700,2536
1067112,1238520,164,0.735745,2536
1067368,1238520,163,0.735201,2560
1065200,1238520,163,0.739448,2560
1066168,1238520,162,0.737594,2568
1064512,1238520,163,0.740724,2568
1066544,1238520,163,0.736781,2568
1063672,1238520,164,0.742194,2568
1064824,1238520,164,0.739960,2568
1066816,1238520,164,0.736070,2568
1066704,1238520,164,0.736380,2568
1070288,1238520,164,0.729177,2568
1070248,1238520,164,0.729356,2568
1072704,1238520,164,0.724163,2568
1070512,1238520,164,0.728818,2568
1069104,1238520,164,0.731760,2568
1068440,1238520,164,0.733191,2560
1071008,1238520,164,0.727916,2560
1068376,1238520,164,0.733318,2560
1072376,1238520,164,0.725073,2560
1073640,1238520,164,0.722291,2560
1075784,1238520,164,0.717514,2560
1072776,1238520,164,0.724129,2560
1076872,1238520,164,0.715082,2560
1073376,1238520,163,0.722958,2560
1070776,1238520,164,0.728474,2520
1066936,1238520,165,0.736117,2520
1063352,1238520,165,0.742960,2520
1065064,1238520,165,0.739689,2520
1068312,1238520,164,0.733412,2528
1071160,1238520,163,0.727619,2552
1069456,1238520,164,0.731119,2536
1069808,1238520,163,0.730410,2536
1067184,1238520,163,0.735776,2496
1063424,1238520,163,0.742960,2496
1066488,1238520,163,0.737119,2496
1064832,1238520,162,0.740440,2496
1068440,1238520,162,0.733412,2496
1070664,1238520,162,0.728850,2496
1069208,1238520,162,0.731888,2496
1072232,1238520,161,0.725693,2504
1068312,1238520,162,0.733649,2504
1072328,1238520,162,0.725392,2504
1069632,1238520,162,0.731022,2504
1067400,1238520,162,0.735527,2504
1066352,1238520,162,0.737640,2504
1070096,1238520,162,0.730183,2504
1067032,1238520,163,0.736241,2504
1063400,1238520,164,0.743077,2504
1061352,1238520,164,0.746864,2504
1059608,1238520,164,0.750014,2504
1057824,1238520,164,0.753154,2504
1053800,1238520,164,0.759859,2504
1054832,1238520,163,0.758169,2520
1055184,1238520,162,0.757595,2520
1057992,1238520,162,0.752842,2520
1055088,1238520,162,0.757752,2520
1055200,1238520,161,0.757569,2520
1056976,1238520,160,0.754568,2560
1055096,1238520,160,0.757752,2560
1055936,1238520,159,0.756375,2560
1054344,1238520,160,0.758972,2560
1053192,1238520,160,0.760893,2560
1054104,1238520,159,0.759435,2560
1051832,1238520,159,0.763183,2512
1049232,1238520,160,0.767165,2512
1050768,1238520,160,0.764755,2512
1048000,1238520,160,0.769006,2512
1051232,1238520,160,0.764040,2512
1052760,1238520,160,0.761577,2512
1052504,1238520,161,0.762018,2488
1055144,1238520,161,0.757713,2488
1056424,1238520,161,0.755528,2488
1056496,1238520,160,0.755408,2488
1054728,1238520,161,0.758337,2472
1055360,1238520,160,0.757295,2480
1057600,1238520,160,0.753492,2480
1057888,1238520,159,0.753005,2480
1061056,1238520,159,0.747432,2480
1060608,1238520,160,0.748252,2464
1064328,1238520,160,0.741439,2464
1065672,1238520,160,0.738828,2464
1062368,1238520,161,0.744941,2464
1066048,1238520,161,0.738022,2464
1062752,1238520,161,0.744333,2416
1062680,1238520,162,0.744463,2416
1064088,1238520,162,0.741795,2416
1067544,1238520,162,0.735138,2416
1063456,1238520,162,0.742960,2416
1060392,1238520,162,0.748547,2416
1063264,1238520,162,0.743312,2416
1065416,1238520,161,0.739297,2424
1061640,1238520,161,0.746350,2408
1059392,1238520,161,0.750388,2408
1057688,1238520,160,0.753465,2408
1053648,1238520,160,0.760179,2408
1051376,1238520,161,0.763792,2384
1052144,1238520,160,0.762596,2384
1049608,1238520,161,0.766501,2384
1053376,1238520,161,0.760575,2384
1050096,1238520,162,0.765686,2384
1049512,1238520,162,0.766694,2352
1048232,1238520,163,0.768661,2320
1051152,1238520,163,0.764163,2320
1051632,1238520,162,0.763419,2320
1049592,1238520,162,0.766622,2320
1050600,1238520,162,0.765013,2320
1052736,1238520,162,0.761615,2320
1049712,1238520,163,0.766294,2320
1049928,1238520,162,0.765966,2320
1051200,1238520,162,0.763941,2320
1054976,1238520,162,0.757869,2320
1058448,1238520,162,0.751998,2320
1060600,1238520,162,0.748181,2320
1060160,1238520,163,0.749010,2288
1060408,1238520,162,0.748575,2288
1058512,1238520,161,0.752025,2288
1055944,1238520,162,0.756348,2280
1056432,1238520,161,0.755515,2296
1055344,1238520,161,0.757386,2296
1053168,1238520,161,0.760969,2296
1053504,1238520,160,0.760434,2296
1055672,1238520,160,0.756849,2296
1056824,1238520,160,0.754862,2296
1055496,1238520,161,0.757059,2296
1056888,1238520,161,0.754675,2296
1055864,1238520,161,0.756454,2296
1055560,1238520,161,0.757033,2296
1057904,1238520,161,0.753046,2296
1060128,1238520,161,0.749136,2296
1057072,1238520,162,0.754367,2296
1057704,1238520,161,0.753303,2296
1055040,1238520,161,0.757804,2296
1051496,1238520,161,0.763519,2296
1050304,1238520,161,0.765430,2296
1048760,1238520,161,0.767874,2272
1048032,1238520,161,0.769053,2256
1046176,1238520,161,0.771840,2256
1047104,1238520,160,0.770490,2256
1045928,1238520,159,0.772336,2256
1045232,1238520,159,0.773402,2256
1042304,1238520,158,0.777635,2256
1043480,1238520,158,0.775941,2256
1045280,1238520,157,0.773345,2296
1045544,1238520,156,0.772968,2296
1045192,1238520,156,0.773539,2296
1047984,1238520,155,0.769491,2296
1046352,1238520,156,0.771875,2296
1048712,1238520,156,0.768340,2296
1051408,1238520,156,0.764176,2296
1053096,1238520,156,0.761463,2296
1052576,1238520,156,0.762408,2264
1052592,1238520,155,0.762383,2264
1056136,1238520,155,0.756612,2264
1055136,1238520,156,0.758324,2216
1052688,1238520,156,0.762307,2216
1050536,1238520,156,0.765710,2216
1048488,1238520,157,0.768792,2216
1048680,1238520,156,0.768507,2216
1048840,1238520,155,0.768268,2216
1052408,1238520,155,0.762746,2216
1052880,1238520,154,0.762006,2216
1051648,1238520,155,0.763928,2216
1052688,1238520,154,0.762295,2224
1054320,1238520,153,0.759705,2224
1055296,1238520,153,0.758052,2224
1052672,1238520,153,0.762320,2224
1056752,1238520,153,0.755661,2224
1055072,1238520,152,0.758623,2192
1057632,1238520,152,0.754327,2192
1056200,1238520,153,0.756704,2192
1054408,1238520,153,0.759692,2192
1057616,1238520,153,0.754353,2192
1055144,1238520,153,0.758506,2192
1057608,1238520,153,0.754367,2192
1056112,1238520,154,0.756914,2152
1052120,1238520,155,0.763370,2104
1053560,1238520,155,0.761032,2104
1051648,1238520,154,0.764176,2104
1055152,1238520,154,0.758558,2104
1059088,1238520,154,0.751929,2104
1057928,1238520,155,0.753897,2104
1060032,1238520,154,0.750222,2152
1058080,1238520,154,0.753641,2152
1059136,1238520,154,0.751765,2152
1060752,1238520,154,0.748884,2152
1057640,1238520,154,0.754300,2152
1054680,1238520,154,0.759242,2152
1052552,1238520,154,0.762696,2152
1052176,1238520,155,0.763307,2136
1055512,1238520,154,0.757999,2136
1057048,1238520,154,0.755395,2136
1059712,1238520,154,0.750803,2136
1063360,1238520,154,0.744260,2136
1060080,1238520,154,0.750167,2136
1060416,1238520,153,0.749569,2144
1058104,1238520,153,0.753614,2144
1055240,1238520,152,0.758506,2144
1056912,1238520,152,0.755687,2144
1056936,1238520,151,0.755647,2144
1053968,1238520,151,0.760549,2144
1051432,1238520,152,0.764521,2144
1049640,1238520,153,0.767249,2144
1053376,1238520,153,0.761412,2144
1052664,1238520,154,0.762571,2120
1050616,1238520,154,0.765808,2120
1049848,1238520,155,0.766972,2120
1046400,1238520,156,0.772060,2120
1050344,1238520,156,0.766149,2120
1049120,1238520,156,0.768065,2120
1048640,1238520,157,0.768780,2120
1051872,1238520,157,0.763804,2120
1055488,1238520,156,0.758012,2152
1056104,1238520,155,0.756993,2160
1057144,1238520,155,0.755195,2160
1053776,1238520,156,0.760676,2160
1054744,1238520,156,0.759049,2160
1053232,1238520,156,0.761539,2160
1053632,1238520,155,0.760880,2176
1053296,1238520,156,0.761412,2176
1057248,1238520,156,0.754915,2176
1059384,1238520,156,0.751216,2176
1057688,1238520,156,0.754179,2176
1055488,1238520,157,0.757817,2176
1053024,1238520,157,0.761842,2176
1057096,1238520,157,0.755169,2176
1057304,1238520,156,0.754808,2184
1058224,1238520,156,0.753181,2184
1055240,1238520,156,0.758208,2184
1052824,1238520,157,0.762068,2184
1051232,1238520,157,0.764620,2184
1050088,1238520,158,0.766367,2184
1050064,1238520,159,0.766404,2184
1047544,1238520,160,0.770162,2184
1044048,1238520,160,0.775247,2184
1041864,1238520,161,0.778271,2184
1045648,1238520,161,0.772911,2184
1048256,1238520,161,0.769041,2184
1052072,1238520,161,0.763170,2184
1051808,1238520,161,0.763655,2184
1054616,1238520,161,0.759139,2184
1058632,1238520,161,0.752407,2184
1058616,1238520,161,0.752516,2184
1062136,1238520,160,0.746322,2216
1061656,1238520,161,0.747177,2216
1065128,1238520,161,0.766116,2216
1062112,1238520,161,0.771164,2216
1064672,1238520,161,0.766881,2216
1068600,1238520,161,0.789408,2216
1070008,1238520,160,0.787157,2240
1067904,1238520,160,0.790523,2240
1068528,1238520,159,0.789545,2248
1067568,1238520,160,0.791026,2248
1068384,1238520,159,0.789756,2256
1064920,1238520,160,0.794994,2256
1067712,1238520,160,0.790720,2256
1068032,1238520,159,0.790214,2264
1070904,1238520,159,0.785607,2264
1074616,1238520,159,0.779367,2264
1074088,1238520,159,0.780360,2256
1071448,1238520,159,0.784817,2256
1074640,1238520,159,0.779422,2256
1076656,1238520,158,0.775926,2256
1080296,1238520,158,0.769236,2256
1078104,1238520,159,0.773260,2256
1078992,1238520,158,0.771603,2280
1076720,1238520,159,0.775686,2280
1079016,1238520,158,0.771559,2280
1077232,1238520,159,0.774821,2256
1073520,1238520,160,0.781237,2256
1074472,1238520,159,0.779613,2264
1076344,1238520,159,0.776292,2264
1075560,1238520,160,0.777660,2264
1076792,1238520,160,0.775418,2264
1072752,1238520,161,0.782346,2264
1074008,1238520,161,0.780157,2264
1072664,1238520,161,0.782492,2264
1072176,1238520,162,0.783299,2264
1076176,1238520,161,0.776432,2304
1079352,1238520,160,0.770706,2312
1075560,1238520,161,0.777493,2312
1078592,1238520,160,0.772056,2336
1075072,1238520,161,0.778351,2304
1072560,1238520,162,0.782598,2304
1074752,1238520,161,0.778902,2304
1078512,1238520,160,0.772201,2336
1076984,1238520,161,0.774949,2336
1077552,1238520,160,0.773921,2344
1076624,1238520,159,0.775743,2344
1074960,1238520,160,0.778723,2296
1072576,1238520,160,0.782863,2272
1072504,1238520,160,0.783061,2272
1069768,1238520,161,0.787487,2272
1071976,1238520,161,0.783851,2272
1075912,1238520,161,0.808270,2272
1075200,1238520,162,0.809331,2272
1073744,1238520,162,0.811535,2272
1077552,1238520,162,0.836322,2272
1079016,1238520,162,0.834338,2272
1077016,1238520,162,0.837035,2256
1080176,1238520,162,0.832805,2256
1076232,1238520,162,0.838036,2256
1079816,1238520,162,0.833290,2256
1082624,1238520,161,0.829370,2296
1081072,1238520,160,0.831661,2296
1081216,1238520,159,0.831463,2296
1079768,1238520,159,0.833494,2296
1081536,1238520,158,0.831055,2320
1084416,1238520,158,0.826911,2320
1084536,1238520,157,0.826737,2320
1083008,1238520,158,0.828929,2320
1080224,1238520,158,0.832870,2304
1080512,1238520,157,0.832469,2312
1080344,1238520,157,0.832761,2312
1080312,1238520,157,0.832870,2312
1080704,1238520,156,0.832338,2312
1084392,1238520,156,0.827097,2312
1087288,1238520,156,0.822730,2312
1083400,1238520,157,0.828452,2312
1087096,1238520,157,0.822949,2312
1084400,1238520,157,0.827016,2312
1084208,1238520,158,0.827305,2304
1087056,1238520,158,0.823022,2304
1088992,1238520,157,0.819962,2352
1086464,1238520,157,0.823914,2352
1088648,1238520,156,0.820550,2368
1088392,1238520,157,0.820948,2368
1088720,1238520,156,0.820425,2376
1086152,1238520,157,0.824345,2376
1089528,1238520,157,0.819080,2376
1089240,1238520,158,0.819535,2376
1092568,1238520,158,0.814052,2376
1092424,1238520,159,0.814293,2376
1095552,1238520,159,0.808837,2376
1091464,1238520,159,0.815881,2376
1088024,1238520,159,0.821431,2376
1087456,1238520,160,0.822315,2368
1090400,1238520,160,0.817623,2368
1094120,1238520,160,0.811350,2368
1097320,1238520,160,0.805585,2368
1095576,1238520,160,0.808808,2368
1093128,1238520,161,0.813043,2368
1089960,1238520,161,0.818329,2368
1088944,1238520,161,0.820013,2368
1084896,1238520,162,0.826143,2368
1084008,1238520,162,0.827536,2344
1086280,1238520,162,0.824130,2344
1088968,1238520,161,0.819937,2392
1089888,1238520,161,0.818406,2392
1090536,1238520,160,0.817327,2416
1089608,1238520,160,0.818915,2400
1091832,1238520,160,0.815236,2400
1095864,1238520,159,0.808297,2416
1093608,1238520,160,0.812227,2416
1094104,1238520,159,0.811350,2432
1090264,1238520,158,0.817893,2432
1090544,1238520,157,0.817443,2432
1086768,1238520,156,0.823481,2432
1090048,1238520,156,0.818316,2432
1088640,1238520,157,0.820575,2408
1090272,1238520,157,0.817919,2408
1089952,1238520,157,0.818546,2384
1093928,1238520,157,0.811899,2384
1093152,1238520,158,0.813219,2384
1095408,1238520,157,0.809330,2384
1091624,1238520,157,0.815842,2384
1095712,1238520,157,0.808794,2384
1097728,1238520,156,0.805145,2392
1094552,1238520,156,0.810894,2392
1091592,1238520,155,0.816039,2392
1092088,1238520,154,0.815196,2408
1093120,1238520,154,0.813394,2408
1090576,1238520,155,0.817585,2408
1094296,1238520,155,0.811308,2408
1090840,1238520,155,0.817159,2408
1091560,1238520,154,0.815986,2408
1090400,1238520,155,0.817868,2408
1093952,1238520,155,0.811899,2408
1090792,1238520,155,0.817236,2408
1093176,1238520,155,0.813219,2408
1092848,1238520,156,0.813784,2400
1096632,1238520,156,0.807124,2400
1095576,1238520,156,0.809091,2400
1097048,1238520,156,0.806372,2400
1095368,1238520,157,0.809373,2400
1096928,1238520,156,0.806546,2424
1094968,1238520,156,0.810115,2424
1098568,1238520,156,0.803529,2424
1097032,1238520,156,0.806444,2424
1094472,1238520,156,0.811060,2424
1098056,1238520,156,0.804570,2424
1101120,1238520,156,0.798644,2424
1101104,1238520,157,0.798675,2424
1103856,1238520,156,0.793112,2432
1101720,1238520,156,0.797539,2432
1099240,1238520,156,0.802432,2432
1098744,1238520,157,0.803395,2416
1099744,1238520,157,0.801415,2416
1103064,1238520,157,0.794772,2416
1106392,1238520,157,0.787652,2416
1102576,1238520,158,0.795665,2416
1104840,1238520,158,0.790884,2416
1102632,1238520,157,0.795649,2416
1105352,1238520,157,0.789898,2416
1103024,1238520,157,0.794853,2416
1104376,1238520,157,0.791962,2416
1101320,1238520,157,0.798266,2416
1104592,1238520,157,0.791509,2416
1102792,1238520,158,0.795309,2376
1105144,1238520,157,0.790358,2408
1102760,1238520,157,0.795406,2408
1104064,1238520,157,0.792630,2408
1100856,1238520,157,0.799191,2408
1103856,1238520,157,0.793062,2408
1102944,1238520,157,0.795033,2408
1099696,1238520,158,0.801445,2400
1100000,1238520,157,0.800863,2400
1096056,1238520,157,0.808241,2400
1095936,1238520,158,0.808454,2400
1093144,1238520,158,0.813367,2400
1089408,1238520,159,0.819459,2400
1085960,1238520,159,0.824810,2400
1087472,1238520,158,0.822535,2400
1084864,1238520,159,0.826423,2400
1088240,1238520,159,0.821283,2400
1089240,1238520,159,0.819648,2400
1085560,1238520,158,0.825402,2400
1089384,1238520,158,0.819497,2400
1090032,1238520,158,0.818393,2400
1088696,1238520,158,0.820625,2368
1088360,1238520,159,0.821159,2360
1088648,1238520,158,0.820700,2368
1092632,1238520,158,0.814199,2368
1095384,1238520,158,0.809401,2368
1099264,1238520,158,0.802236,2368
1102136,1238520,158,0.796550,2368
1100648,1238520,157,0.799674,2368
1099040,1238520,158,0.802749,2368
1095024,1238520,159,0.810032,2368
1097760,1238520,159,0.805042,2368
1097088,1238520,160,0.806285,2360
1100856,1238520,160,0.799098,2360
1099824,1238520,160,0.801185,2360
1100392,1238520,159,0.800077,2368
1101920,1238520,158,0.797030,2392
1104176,1238520,158,0.792330,2392
1101952,1238520,158,0.796966,2392
1103592,1238520,157,0.793558,2432
1101824,1238520,158,0.797189,2408
1105560,1238520,158,0.789366,2408
1101840,1238520,158,0.797157,2408
1105736,1238520,157,0.789091,2408
1104920,1238520,158,0.790833,2408
1108336,1238520,158,0.819570,2408
1107224,1238520,158,0.821739,2408
1111168,1238520,158,0.857205,2408
1107400,1238520,158,0.862862,2408
1110464,1238520,158,0.858283,2408
1110168,1238520,158,0.858804,2408
1106952,1238520,159,0.863497,2408
1103672,1238520,159,0.868036,2408
1101432,1238520,159,0.870985,2408
1104952,1238520,159,0.866327,2408
1105640,1238520,158,0.865356,2432
1108696,1238520,158,0.860957,2432
1112120,1238520,158,0.893619,2432
1108616,1238520,157,0.897645,2432
1110000,1238520,157,0.896081,2432
1107744,1238520,158,0.898524,2432
1108560,1238520,157,0.897654,2432
1108272,1238520,158,0.897971,2424
1111232,1238520,158,0.894650,2424
1107496,1238520,158,0.898794,2424
1104624,1238520,158,0.901776,2424
1108560,1238520,158,0.939539,2424
1105432,1238520,158,0.941492,2424
1108720,1238520,158,0.939437,2424
1108376,1238520,158,0.939686,2424
1107696,1238520,159,0.940113,2424
1104320,1238520,159,0.942175,2424
1100736,1238520,159,0.942893,2424
1104312,1238520,158,0.940812,2472
1107048,1238520,158,0.939108,2472
1109176,1238520,157,0.937738,2472
1112616,1238520,157,0.935354,2472
1109952,1238520,156,0.937255,2472
1111496,1238520,156,0.936172,2472
1114720,1238520,155,0.933825,2520
1113856,1238520,155,0.934496,2520
1113720,1238520,155,0.934630,2520
1114544,1238520,154,0.934021,2528
1116648,1238520,154,0.932390,2528
1115880,1238520,154,0.933042,2496
1118384,1238520,153,0.931054,2528
1116696,1238520,153,0.932427,2528
1114232,1238520,153,0.934321,2528
1115208,1238520,153,0.933562,2528
1112360,1238520,153,0.935664,2528
1116192,1238520,153,0.957188,2528
1115056,1238520,153,0.957771,2504
1118176,1238520,153,0.956209,2504
1114864,1238520,153,0.957862,2504
1117176,1238520,153,0.956714,2504
1118008,1238520,152,0.956291,2512
1114928,1238520,152,0.946767,2512
1118400,1238520,152,0.944574,2512
1116760,1238520,153,0.945643,2472
1117064,1238520,152,0.945453,2472
1116208,1238520,152,0.946025,2456
1119368,1238520,152,0.943977,2456
1115912,1238520,152,0.946206,2456
1114280,1238520,153,0.947185,2456
1116200,1238520,153,0.946000,2456
1117192,1238520,153,0.945352,2456
1114960,1238520,152,0.946782,2456
1113552,1238520,152,0.947638,2456
1116704,1238520,152,0.945718,2456
1115824,1238520,152,0.946309,2424
1114296,1238520,153,0.947246,2384
1113208,1238520,154,0.947878,2384
1115424,1238520,153,0.946575,2384
1113344,1238520,152,0.947855,2384
1109752,1238520,153,0.949839,2384
1113800,1238520,153,0.947564,2384
1116528,1238520,153,0.945901,2384
1116224,1238520,154,0.946089,2384
1118472,1238520,153,0.944663,2400
1117720,1238520,154,0.945165,2368
1121816,1238520,154,0.967795,2368
1119448,1238520,155,0.968712,2328
1120408,1238520,155,0.968334,2328
1120976,1238520,154,0.968109,2352
1125048,1242640,154,0.968109,2352
1121576,1242640,155,0.959863,2352
1123008,1242640,155,0.959164,2352
1119832,1242640,156,0.960638,2344
1117200,1242640,157,0.961792,2312
1120696,1246184,157,0.961792,2312
1123920,1246184,157,0.963653,2312
1127328,1249640,157,0.963653,2312
1126080,1249640,158,0.964164,2312
1129144,1249640,158,0.968928,2312
1129032,1249640,159,0.968968,2312
1126792,1249640,160,0.969758,2312
1127616,1249640,159,0.969464,2336
1124096,1249640,159,0.959387,2336
1125008,1249640,159,0.958953,2336
1122400,1249640,159,0.960131,2336
1125400,1249640,159,0.969057,2336
1127688,1249640,159,0.968228,2336
1124952,1249640,160,0.969195,2336
1126832,1249640,159,0.968534,2344
1124200,1249640,160,0.969448,2344
1125048,1249640,159,0.969157,2352
1122480,1249640,159,0.962841,2352
1122008,1249640,159,0.963049,2352
1122560,1249640,158,0.962812,2392
1122696,1249640,157,0.962757,2392
1120848,1249640,158,0.963489,2392
1121624,1249640,157,0.963185,2392
1119496,1249640,158,0.964007,2392
1120536,1249640,158,0.963592,2392
1119400,1249640,159,0.964025,2392
1118592,1249640,160,0.964327,2392
1115368,1249640,160,0.965099,2392
1115688,1249640,159,0.964980,2408
1117040,1249640,159,0.964479,2408
1115280,1249640,159,0.965124,2408
1113376,1249640,159,0.959805,2408
1115496,1249640,159,0.958927,2408
1117504,1249640,158,0.958080,2408
1117056,1249640,159,0.958275,2400
1118952,1249640,158,0.957447,2408
1119968,1249640,158,0.956969,2408
1119128,1249640,159,0.957347,2408
1118552,1249640,160,0.957606,2400
1119272,1249640,159,0.957276,2424
1119064,1249640,159,0.957393,2416
1116176,1249640,160,0.958644,2408
1112688,1249640,160,0.957883,2408
1115472,1249640,160,0.956683,2408
1116728,1249640,159,0.956125,2416
1120552,1249640,159,0.954322,2416
1120192,1249640,159,0.954522,2408
1116256,1249640,160,0.956338,2408
1120328,1249640,160,0.958330,2408
1116568,1249640,160,0.952714,2376
1115640,1249640,160,0.953202,2328
1112504,1249640,161,0.954634,2328
1108864,1249640,161,0.956210,2328
1111528,1249640,160,0.955083,2328
1113648,1249640,160,0.954122,2328
1116744,1249640,159,0.952656,2368
1116848,1249640,158,0.952606,2368
1115632,1249640,159,0.953198,2344
1116056,1249640,158,0.952982,2376
1113952,1249640,158,0.949573,2328
1113736,1249640,158,0.949704,2328
1116176,1249640,157,0.948459,2336
1114240,1249640,157,0.949473,2336
1114992,1249640,156,0.949085,2352
1113368,1249640,156,0.949921,2352
1110912,1249640,156,0.951124,2352
1114192,1249640,156,0.949513,2352
1111424,1249640,155,0.937572,2352
1109960,1249640,154,0.938497,2352
1107920,1249640,155,0.939678,2328
1108960,1249640,155,0.939061,2328
1105680,1249640,155,0.940910,2328
1108432,1249640,154,0.939380,2344
1105560,1249640,155,0.940966,2344
1102560,1249640,155,0.942561,2344
1098472,1249640,155,0.944593,2344
1102224,1249640,155,0.942732,2344
1105032,1249640,155,0.941249,2344
1101512,1249640,155,0.943090,2344
1104928,1249640,154,0.941330,2344
1108752,1249640,154,0.939198,2344
1107904,1249640,155,0.939683,2336
1105400,1249640,155,0.941099,2304
1105264,1249640,156,0.941172,2304
1102424,1249640,155,0.942699,2304
1105008,1249640,155,0.941334,2304
1104584,1249640,155,0.941588,2296
1107344,1249640,155,0.940071,2296
1110240,1249640,155,0.938394,2296
1112824,1249640,155,0.936813,2296
1115768,1249640,155,0.934914,2296
1119392,1249640,155,0.932421,2296
1121360,1249640,155,0.930970,2296
1121576,1249640,154,0.930811,2296
1124968,1249640,154,0.928172,2296
1127680,1249640,154,0.925906,2296
1124928,1249640,155,0.928179,2280
1122008,1249640,156,0.930454,2248
1125584,1249640,156,0.927640,2248
1121952,1249640,157,0.930460,2248
1123624,1249640,156,0.929171,2272
1120984,1249640,156,0.931193,2272
1121288,1249640,155,0.930970,2272
1119720,1249640,156,0.932132,2232
1121008,1249640,155,0.931204,2232
1118656,1249640,155,0.932936,2200
1121000,1249640,155,0.931234,2200
1122200,1249640,155,0.930311,2200
1123304,1249640,155,0.929436,2200
1121384,1249640,155,0.930917,2200
1124264,1249640,155,0.928691,2200
1122720,1249640,156,0.929882,2200
1123384,1249640,155,0.929375,2200
1121232,1249640,155,0.931029,2200
1118192,1249640,154,0.933256,2200
1114856,1249640,155,0.935474,2200
1116776,1249640,155,0.934184,2200
1119560,1249640,155,0.932235,2200
1121376,1249640,154,0.930917,2208
1118120,1249640,154,0.933267,2208
1120672,1249640,153,0.931455,2224
1120016,1249640,154,0.931950,2192
1116016,1249640,155,0.934693,2192
1112912,1249640,156,0.936674,2192
1109080,1249640,157,0.938960,2192
1111328,1249640,157,0.937611,2192
1109312,1249640,157,0.938826,2192
1108008,1249640,158,0.939570,2192
1105984,1249640,158,0.940716,2192
1105880,1249640,159,0.940772,2192
1104608,1249640,160,0.941453,2192
1101512,1249640,161,0.943066,2152
1097648,1249640,161,0.944958,2152
1100616,1249640,161,0.943511,2152
1102776,1249640,161,0.942402,2152
1101832,1249640,162,0.942897,2120
1097752,1249640,162,0.944902,2120
1098184,1249640,161,0.944687,2144
1099784,1249640,160,0.943906,2176
1102168,1249640,160,0.942699,2176
1103568,1249640,160,0.941956,2176
1107208,1249640,160,0.939973,2176
1107712,1249640,159,0.939687,2184
1106480,1249640,158,0.940424,2184
1102528,1249640,159,0.942512,2184
1099496,1249640,159,0.944053,2160
1097312,1249640,160,0.945088,2160
1093472,1249640,160,0.946840,2160
1090888,1249640,160,0.947964,2160
1092672,1249640,159,0.947204,2168
1090112,1249640,160,0.948299,2128
1091320,1249640,160,0.947776,2128
1089400,1249640,161,0.948571,2128
1091904,1249640,161,0.947508,2128
1093784,1249640,160,0.946679,2168
1097776,1249640,159,0.944864,2176
1094992,1249640,159,0.946162,2176
1097472,1249640,159,0.945006,2176
1097176,1249640,159,0.945167,2176
1098760,1249640,159,0.944399,2176
1101984,1249640,159,0.942793,2176
1100240,1249640,160,0.943668,2160
1103968,1249640,160,0.941756,2160
1102312,1249640,160,0.942635,2160
1099144,1249640,161,0.944200,2160
1102480,1249640,161,0.942525,2160
1103080,1249640,160,0.942197,2200
1103336,1249640,159,0.942064,2200
1106752,1249640,159,0.940213,2200
1105024,1249640,160,0.941151,2200
1107496,1249640,160,0.939772,2200
1104216,1249640,160,0.941580,2200
1100272,1249640,161,0.943585,2200
1096976,1249640,161,0.945181,2200
1094632,1249640,162,0.946247,2200
1093712,1249640,161,0.946696,2200
1093064,1249640,161,0.947017,2160
1092872,1249640,161,0.947121,2160
1089808,1249640,162,0.948411,2160
1091384,1249640,162,0.947735,2160
1089128,1249640,162,0.948689,2160
1089176,1249640,161,0.948669,2160
1090880,1249640,160,0.947964,2168
1089248,1249640,161,0.948637,2168
1093128,1249640,161,0.946986,2168
1090544,1249640,160,0.948123,2168
1091832,1249640,160,0.947563,2168
1092488,1249640,159,0.947272,2192
1091848,1249640,159,0.947569,2184
1091528,1249640,160,0.947718,2152
1091832,1249640,159,0.947590,2152
1095344,1249640,159,0.946036,2152
1094304,1249640,159,0.946521,2152
1095000,1249640,158,0.946208,2160
1098920,1249640,157,0.944383,2192
1101328,1249640,157,0.943186,2192
1105184,1249640,157,0.941172,2192
1106120,1249640,156,0.940655,2216
1105720,1249640,156,0.940897,2216
1108608,1249640,156,0.939271,2216
1109448,1249640,155,0.938789,2216
1105512,1249640,156,0.940984,2216
1108680,1249640,155,0.939230,2216
1109872,1249640,155,0.938515,2216
1112104,1249640,155,0.937156,2216
1108192,1249640,156,0.939453,2216
1111088,1249640,156,0.937740,2216
1111472,1249640,155,0.937505,2224
1115336,1249640,154,0.935055,2272
1113144,1249640,155,0.936451,2272
1109584,1249640,155,0.938622,2272
1105888,1249640,155,0.940724,2272
1104808,1249640,156,0.941304,2272
1101968,1249640,156,0.942801,2272
1098768,1249640,157,0.944372,2272
1094768,1249640,158,0.946237,2232
1090736,1249640,159,0.947977,2232
1092304,1249640,159,0.947293,2232
1096008,1249640,159,0.945634,2232
1097504,1249640,159,0.944920,2232
1094504,1249640,159,0.946311,2232
1090880,1249640,160,0.947876,2232
1087560,1249640,161,0.949232,2232
1083792,1249640,161,0.950721,2192
1082976,1249640,162,0.951028,2184
1083288,1249640,161,0.950912,2184
1085944,1249640,161,0.949886,2184
1084344,1249640,161,0.950519,2176
1087984,1249640,161,0.949085,2176
1087384,1249640,162,0.949340,2136
1089920,1249640,162,0.948296,2136
1093008,1249640,162,0.946969,2136
1094904,1249640,162,0.946111,2136
1096040,1249640,162,0.945575,2136
1097008,1249640,162,0.945107,2136
1094256,1249640,162,0.946379,2136
1093968,1249640,162,0.946531,2128
1092808,1249640,162,0.947059,2128
1090648,1249640,162,0.947997,2128
1092320,1249640,162,0.947269,2128
1094200,1249640,162,0.946429,2128
1095328,1249640,162,0.945903,2128
1092368,1249640,163,0.947207,2128
1094712,1249640,163,0.946158,2128
1095056,1249640,162,0.946004,2128
1091832,1249640,163,0.947437,2080
1087840,1249640,164,0.949089,2072
1088472,1249640,163,0.948831,2080
1089480,1249640,163,0.948401,2080
1090680,1249640,163,0.947883,2080
1088968,1249640,163,0.948611,2080
1087392,1249640,163,0.949264,2080
1088232,1249640,162,0.948912,2120
1084496,1249640,163,0.950374,2120
1087688,1249640,163,0.949111,2120
1088072,1249640,162,0.948951,2136
1089064,1249640,162,0.948529,2136
1087384,1249640,163,0.949210,2128
1089680,1249640,163,0.948259,2128
1088256,1249640,163,0.948860,2128
1090128,1249640,163,0.948074,2128
1087328,1249640,164,0.949213,2128
1084480,1249640,165,0.950331,2104
1080504,1249640,164,0.936969,2104
1084440,1249640,163,0.935069,2104
1085432,1249640,163,0.934548,2104
1084160,1249640,164,0.935184,2104
1086664,1249640,164,0.933895,2104
1083792,1249640,164,0.935366,2104
1084320,1249640,163,0.935093,2128
1087328,1249640,162,0.933538,2176
1088576,1249640,161,0.932869,2200
1087192,1249640,161,0.933621,2200
1083208,1249640,162,0.935629,2200
1083048,1249640,163,0.935707,2200
1085944,1249640,163,0.934239,2200
1089312,1249640,163,0.932450,2200
1088824,1249640,163,0.932745,2184
1090616,1249640,162,0.931749,2232
1092880,1249640,162,0.930455,2232
1094544,1249640,162,0.929465,2232
1094088,1249640,162,0.929764,2224
1090304,1249640,163,0.931898,2224
1090208,1249640,163,0.931977,2224
1087480,1249640,164,0.933434,2224
1084672,1249640,164,0.934893,2224
1085408,1249640,163,0.934499,2272
1084056,1249640,163,0.935200,2272
1086200,1249640,163,0.934096,2272
1090144,1249640,162,0.931990,2312
1092800,1249640,162,0.930483,2312
1091424,1249640,162,0.931289,2304
1090496,1249640,163,0.931802,2304
1087584,1249640,164,0.933379,2272
1091144,1249640,164,0.931436,2272
1087320,1249640,164,0.933517,2272
1090032,1249640,164,0.932047,2272
1091528,1249640,164,0.931196,2272
1093208,1249640,164,0.930217,2272
1097032,1249640,164,0.927921,2272
1099032,1249640,164,0.926644,2272
1097568,1249640,163,0.927620,2272
1101552,1249640,163,0.925041,2272
1097992,1249640,163,0.927357,2272
1094056,1249640,164,0.929727,2272
1094536,1249640,163,0.929442,2280
1092272,1249640,164,0.930746,2280
1093072,1249640,163,0.930286,2288
1093320,1249640,162,0.930144,2288
1091840,1249640,163,0.931003,2256
1092752,1249640,162,0.930478,2272
1090608,1249640,162,0.931705,2272
1091416,1249640,161,0.931254,2280
1090888,1249640,161,0.931586,2256
1094088,1249640,161,0.929745,2256
1092888,1249640,161,0.930464,2256
1089080,1249640,161,0.932596,2256
1086360,1249640,161,0.934047,2256
1083168,1249640,161,0.935668,2256
1083800,1249640,160,0.935350,2272
1084784,1249640,160,0.934837,2272
1083080,1249640,161,0.935684,2264
1083224,1249640,160,0.935613,2264
1084368,1249640,160,0.935025,2264
1083472,1249640,159,0.935515,2264
1083760,1249640,158,0.935370,2272
1084320,1249640,157,0.935093,2272
1081976,1249640,157,0.936267,2256
1082640,1249640,156,0.935928,2296
1078704,1249640,156,0.937801,2296
1079808,1249640,156,0.937271,2296
1075880,1249640,156,0.915435,2296
1071808,1249640,156,0.917867,2296
1070712,1249640,156,0.918522,2288
1070880,1249640,155,0.918427,2288
1070632,1249640,156,0.918567,2288
1071672,1249640,156,0.917950,2288
1069752,1249640,156,0.919060,2288
1069496,1249640,157,0.919202,2288
1068480,1249640,157,0.919788,2288
1068560,1249640,156,0.919745,2288
1069840,1249640,156,0.919011,2288
1072048,1249640,156,0.917734,2288
1073104,1249640,156,0.917094,2288
1074736,1249640,156,0.916101,2288
1070752,1249640,156,0.918445,2288
1068464,1249640,156,0.919745,2288
1064480,1249640,157,0.921868,2288
1063544,1249640,158,0.922362,2264
1061680,1249640,157,0.923353,2264
1063880,1249640,157,0.922215,2264
1066472,1249640,157,0.920833,2264
1065336,1249640,157,0.921459,2264
1066056,1249640,157,0.921054,2264
1064096,1249640,158,0.922079,2264
1061248,1249640,159,0.923521,2264
1061384,1249640,158,0.923453,2264
1063800,1249640,158,0.922206,2264
1060832,1249640,158,0.923727,2264
1063720,1249640,158,0.922247,2264
1064760,1249640,158,0.921685,2264
1067200,1249640,158,0.920366,2264
1069952,1249640,158,0.918828,2264
1068128,1249640,159,0.919837,2264
1066736,1249640,160,0.920590,2264
1064176,1249640,159,0.921988,2264
1062360,1249640,160,0.922920,2256
1059584,1249640,161,0.924296,2256
1056696,1249640,161,0.925700,2256
1057720,1249640,161,0.925193,2256
1061568,1249640,161,0.923294,2256
1060240,1249640,162,0.923952,2256
1063368,1249640,162,0.922358,2256
1065840,1249640,162,0.921046,2256
1066520,1249640,162,0.920658,2256
1067720,1249640,162,0.919985,2256
1068168,1249640,161,0.919727,2280
1064936,1249640,162,0.921459,2280
1061088,1249640,162,0.923449,2280
1060656,1249640,163,0.923668,2272
1063984,1249640,163,0.921959,2272
1066408,1249640,163,0.920658,2272
1063600,1249640,162,0.922182,2272
1062808,1249640,162,0.922612,2272
1059264,1249640,162,0.924397,2272
1062304,1249640,162,0.922867,2272
1061544,1249640,162,0.923278,2264
1057720,1249640,162,0.925167,2264
1057056,1249640,163,0.925481,2264
1055272,1249640,164,0.926317,2256
1059040,1249640,164,0.924514,2256
1061584,1249640,164,0.923237,2256
1060952,1249640,165,0.923553,2256
1061632,1249640,165,0.923189,2256
1060936,1249640,166,0.923553,2224
1057520,1249640,166,0.925235,2224
1058232,1249640,165,0.924888,2240
1058480,1249640,164,0.924769,2240
1057832,1249640,164,0.925102,2240
1053968,1249640,165,0.926921,2192
1053144,1249640,166,0.927304,2168
1054112,1249640,166,0.926845,2168
1054168,1249640,165,0.926820,2168
1051536,1249640,165,0.928019,2168
1047520,1249640,165,0.929765,2168
1046568,1249640,166,0.930165,2160
1043320,1249640,167,0.931486,2160
1040664,1249640,167,0.932548,2160
1039064,1249640,167,0.933191,2128
1040136,1249640,167,0.932764,2128
1043248,1249640,167,0.931527,2128
1046224,1249640,167,0.930301,2128
1042152,1249640,168,0.931942,2128
1044248,1249640,168,0.931088,2128
1047760,1249640,167,0.929641,2128
1051144,1249640,167,0.928167,2128
1052640,1249640,167,0.927483,2128
1055408,1249640,167,0.926203,2128
1052696,1249640,168,0.927437,2128
1050512,1249640,168,0.928422,2128
1052576,1249640,168,0.927491,2128
1056632,1249640,167,0.925624,2144
1060208,1249640,167,0.923881,2144
1063056,1249640,167,0.922428,2144
1066280,1249640,167,0.920718,2144
1069960,1249640,167,0.918675,2144
1066544,1249640,168,0.920551,2144
1063176,1249640,168,0.922342,2144
1062464,1249640,169,0.922713,2128
1060952,1249640,169,0.923497,2128
1061968,1249640,168,0.922980,2144
1063000,1249640,168,0.922432,2144
1066656,1249640,168,0.920491,2144
1065400,1249640,169,0.921160,2144
1067376,1249640,168,0.920098,2152
1069248,1249640,168,0.919042,2152
1066656,1249640,168,0.920486,2152
1066856,1249640,167,0.920379,2152
1070248,1249640,166,0.918495,2176
1069848,1249640,166,0.918756,2160
1069224,1249640,167,0.919109,2152
1070560,1249640,167,0.918332,2152
1072688,1249640,167,0.917080,2152
1071576,1249640,168,0.917725,2152
1070656,1249640,168,0.918278,2152
1069464,1249640,168,0.918975,2152
1067936,1249640,169,0.919832,2128
1067920,1249640,169,0.919867,2128
1066800,1249640,170,0.920474,2128
1063688,1249640,171,0.922112,2128
1062192,1249640,171,0.922900,2128
1060160,1249640,172,0.923912,2128
1058488,1249640,172,0.924749,2128
1057768,1249640,173,0.925094,2128
1058216,1249640,172,0.924876,2136
1060664,1249640,172,0.923660,2136
1060800,1249640,171,0.923592,2136
1064824,1249640,171,0.921517,2136
1063544,1249640,171,0.922206,2136
1067024,1249640,171,0.920349,2136
1065408,1249640,170,0.921261,2136
1063248,1249640,171,0.922383,2136
1062680,1249640,172,0.922677,2128
1063016,1249640,171,0.922506,2128
1063992,1249640,171,0.921979,2128
1065592,1249640,171,0.921118,2128
1066144,1249640,170,0.920816,2144
1064472,1249640,171,0.921697,2144
1064536,1249640,170,0.921664,2144
1064904,1249640,169,0.921471,2144
1068776,1249640,169,0.919362,2144
1072688,1249640,169,0.917113,2144
1073384,1249640,168,0.916695,2160
1073336,1249640,169,0.916723,2160
1075624,1249640,169,0.915324,2160
1071696,1249640,169,0.917679,2160
1068032,1249640,170,0.919736,2160
1067040,1249640,170,0.920301,2160
1065656,1249640,170,0.921067,2160
1064208,1249640,169,0.921876,2160
1065776,1249640,168,0.921050,2168
1068688,1249640,168,0.919450,2168
1068608,1249640,169,0.919494,2168
1069448,1249640,168,0.919025,2176
1072424,1249640,168,0.917304,2176
1075200,1249640,168,0.915629,2176
1077832,1249640,168,0.913977,2176
1074600,1249640,168,0.915991,2176
1073544,1249640,168,0.916648,2176
1073360,1249640,168,0.916785,2176
1069992,1249640,168,0.918747,2176
1066048,1249640,167,0.920952,2176
1066984,1249640,166,0.920439,2200
1070888,1249640,166,0.918255,2200
1071552,1249640,165,0.917872,2208
1073192,1249640,164,0.916902,2240
1076840,1249640,164,0.914675,2240
1075632,1249640,164,0.915445,2240
1077984,1249640,164,0.913962,2240
1077048,1249640,165,0.914561,2216
1077864,1249640,165,0.914022,2216
1080432,1249640,165,0.912347,2216
1077624,1249640,165,0.914172,2216
1074512,1249640,165,0.916106,2216
1071320,1249640,166,0.917972,2216
1067768,1249640,167,0.919954,2216
1069504,1249640,167,0.918971,2216
1071432,1249640,167,0.917853,2216
1074248,1249640,167,0.916178,2216
1075792,1249640,166,0.915245,2216
1076176,1249640,165,0.914996,2240
1075256,1249640,165,0.915586,2240
1071928,1249640,166,0.917554,2240
1073480,1249640,165,0.916648,2240
1075840,1249640,165,0.915201,2240
1072424,1249640,165,0.917267,2240
1068944,1249640,166,0.919242,2240
1066000,1249640,167,0.920842,2240
1062376,1249640,167,0.922750,2240
1060240,1249640,168,0.923818,2240
1060304,1249640,167,0.923786,2240
1057032,1249640,167,0.925391,2240
1057712,1249640,166,0.925067,2240
1057568,1249640,167,0.925136,2240
1057232,1249640,168,0.925296,2240
1059160,1249640,168,0.924347,2240
1060384,1249640,167,0.923731,2272
1060000,1249640,168,0.923928,2256
1056768,1249640,167,0.925530,2256
1054240,1249640,168,0.926703,2256
1055656,1249640,167,0.926051,2256
1052776,1249640,166,0.927408,2256
1049208,1249640,167,0.928972,2256
1048864,1249640,168,0.929119,2256
1052312,1249640,167,0.927601,2288
1056152,1249640,167,0.925827,2288
1057160,1249640,166,0.925341,2312
1054272,1249640,167,0.926685,2312
1054624,1249640,166,0.926523,2312
1052832,1249640,167,0.927358,2264
1054592,1249640,167,0.926538,2264
1058560,1249640,167,0.924649,2264
1060384,1249640,166,0.923739,2304
1063472,1249640,166,0.922157,2304
1064112,1249640,165,0.921826,2304
1064824,1249640,164,0.921455,2304
1068112,1249640,163,0.919670,2344
1067664,1249640,163,0.919954,2320
1070408,1249640,163,0.918405,2320
1067440,1249640,163,0.920085,2304
1065056,1249640,163,0.921383,2304
1061928,1249640,163,0.923017,2304
1059312,1249640,163,0.924335,2304
1060768,1249640,163,0.923596,2304
1062144,1249640,163,0.922883,2304
1066160,1249640,163,0.920773,2304
1067384,1249640,162,0.920089,2352
1063936,1249640,163,0.921917,2352
1060000,1249640,164,0.923905,2352
1057864,1249640,165,0.924941,2352
1061936,1249640,165,0.922916,2352
1064616,1249640,164,0.921526,2376
1065896,1249640,164,0.920825,2376
1062832,1249640,165,0.922424,2376
1061456,1249640,165,0.923145,2376
1063832,1249640,164,0.921926,2392
1064840,1249640,164,0.921375,2392
1062960,1249640,164,0.922379,2384
1061408,1249640,164,0.923189,2384
1065152,1249640,164,0.921240,2384
1066688,1249640,164,0.920396,2384
1064248,1249640,164,0.921714,2384
1064864,1249640,163,0.921392,2384
1061416,1249640,164,0.923177,2352
1062400,1249640,164,0.922656,2352
1061008,1249640,165,0.923369,2328
1063416,1249640,164,0.922140,2344
1060504,1249640,164,0.923636,2344
1062976,1249640,164,0.922366,2344
1061536,1249640,164,0.923121,2344
1061872,1249640,163,0.922952,2344
1057800,1249640,163,0.924976,2344
1056552,1249640,164,0.925579,2320
1058992,1249640,164,0.924390,2320
1057360,1249640,164,0.925201,2312
1059480,1249640,163,0.924171,2328
1063432,1249640,163,0.922165,2328
1063096,1249640,164,0.922338,2328
1063296,1249640,163,0.922231,2336
1060888,1249640,164,0.923457,2320
1064272,1249640,163,0.921735,2320
1061104,1249640,164,0.923349,2320
1061496,1249640,163,0.923149,2328
1058056,1249640,163,0.924861,2328
1054600,1249640,164,0.926483,2328
1058632,1249640,164,0.924560,2328
1056816,1249640,164,0.925451,2328
1059456,1249640,164,0.924160,2328
1060200,1249640,163,0.923778,2360
1056720,1249640,163,0.925481,2360
1059728,1249640,162,0.924011,2408
1056440,1249640,163,0.925609,2368
1058568,1249640,163,0.924572,2368
1055448,1249640,164,0.926051,2368
1051416,1249640,165,0.927885,2352
1048840,1249640,165,0.929026,2352
1047128,1249640,165,0.929772,2352
1049888,1249640,165,0.928575,2352
1051888,1249640,165,0.927676,2352
1054168,1249640,165,0.926626,2352
1057424,1249640,165,0.925083,2352
1056080,1249640,165,0.925745,2344
1058296,1249640,165,0.924668,2344
1054640,1249640,166,0.926391,2344
1053280,1249640,166,0.927034,2344
1051824,1249640,166,0.927708,2344
1052848,1249640,166,0.927229,2344
1050160,1249640,167,0.928439,2296
1049312,1249640,168,0.928807,2296
1051328,1249640,168,0.927906,2296
1054832,1249640,167,0.926303,2344
1056360,1249640,167,0.925568,2344
1059856,1249640,167,0.923861,2344
1059472,1249640,167,0.924074,2344
1056296,1249640,168,0.925598,2344
1053632,1249640,168,0.926852,2344
1054520,1249640,167,0.926443,2352
1052640,1249640,167,0.927336,2312
1049880,1249640,167,0.928575,2312
1052896,1249640,167,0.927221,2312
1050000,1249640,166,0.928544,2312
1049264,1249640,166,0.928903,2264
1049288,1249640,165,0.928893,2264
1049184,1249640,165,0.928958,2264
1050632,1249640,165,0.928310,2264
1049032,1249640,164,0.929043,2264
1046352,1249640,165,0.930182,2240
1048816,1249640,165,0.929126,2240
1050264,1249640,165,0.928481,2240
1049256,1249640,166,0.928917,2240
1048656,1249640,166,0.929194,2240
1047840,1249640,165,0.929580,2240
1048976,1249640,165,0.929078,2240
1050968,1249640,165,0.928195,2240
1049936,1249640,166,0.928651,2224
1048992,1249640,166,0.929078,2224
1052448,1249640,165,0.927569,2224
1054760,1249640,165,0.926501,2224
1052008,1249640,166,0.927747,2216
1050008,1249640,166,0.928644,2216
1047872,1249640,165,0.927730,2216
1050616,1249640,164,0.926517,2232
1052040,1249640,164,0.925853,2232
1048952,1249640,164,0.927253,2232
1049640,1249640,163,0.926937,2264
1052472,1249640,163,0.925641,2264
1052648,1249640,162,0.925561,2264
1054832,1249640,162,0.924523,2264
1058160,1249640,162,0.922896,2264
1057632,1249640,163,0.923175,2224
1054848,1249640,163,0.924534,2224
1057912,1249640,162,0.923038,2272
1054368,1249640,162,0.924760,2272
1055808,1249640,162,0.924056,2272
1057400,1249640,162,0.923265,2272
1060712,1249640,161,0.921615,2272
1061592,1249640,160,0.921157,2288
1061096,1249640,160,0.921436,2288
1061224,1249640,159,0.921371,2288
1057400,1249640,159,0.923304,2288
1054144,1249640,159,0.924879,2288
1052152,1249640,159,0.925820,2288
1055904,1249640,158,0.924067,2296
1059824,1249640,158,0.922125,2296
1063856,1249640,158,0.920021,2296
1060848,1249640,159,0.921583,2296
1057680,1249640,159,0.923186,2296
1060064,1249640,159,0.921980,2296
1061424,1249640,159,0.921264,2296
1058184,1249640,159,0.922916,2296
1057800,1249640,159,0.923140,2272
1054120,1249640,160,0.924898,2272
1050776,1249640,160,0.926467,2232
1051184,1249640,159,0.926270,2264
1047720,1249640,159,0.927817,2264
1050520,1249640,159,0.926567,2264
1052152,1249640,159,0.925809,2264
1053632,1249640,158,0.925121,2280
1056336,1249640,158,0.923822,2280
1052928,1249640,159,0.925425,2280
1055176,1249640,159,0.924352,2280
1053896,1249640,160,0.924954,2280
1055504,1249640,159,0.924189,2296
1052960,1249640,159,0.925403,2296
1052760,1249640,159,0.925517,2296
1048664,1249640,160,0.927351,2296
1048056,1249640,161,0.927627,2272
1048336,1249640,160,0.927505,2272
1048168,1249640,161,0.927578,2272
1045184,1249640,161,0.928871,2272
1045024,1249640,162,0.928938,2272
1049048,1249640,162,0.927194,2272
1050784,1249640,162,0.926402,2272
1054440,1249640,161,0.924726,2272
1053760,1249640,160,0.925088,2272
1053632,1249640,160,0.925173,2264
1054544,1249640,159,0.924745,2272
1054576,1249640,158,0.924730,2272
1055672,1249640,157,0.924204,2288
1058144,1249640,157,0.922987,2288
1060560,1249640,157,0.921758,2288
1060048,1249640,157,0.922040,2288
1062384,1249640,157,0.920822,2288
1062032,1249640,158,0.921004,2288
1059288,1249640,159,0.922397,2288
1056528,1249640,159,0.923772,2288
1057176,1249640,158,0.923444,2320
1054464,1249640,158,0.924760,2320
1057712,1249640,158,0.923183,2320
1060360,1249640,158,0.921843,2320
1062760,1249640,158,0.920585,2320
1060512,1249640,158,0.921774,2304
1063352,1249640,158,0.920283,2304
1062976,1249640,159,0.920480,2304
1059752,1249640,159,0.922157,2304
1061392,1249640,159,0.921301,2304
1060984,1249640,160,0.921526,2272
1062240,1249640,159,0.920872,2288
1066008,1249640,158,0.918861,2304
1065000,1249640,158,0.919432,2304
1068584,1249640,158,0.917432,2304
1065336,1249640,158,0.919251,2304
1069416,1249640,158,0.916960,2304
1068656,1249640,158,0.917428,2288
1066552,1249640,158,0.918625,2288
1065512,1249640,158,0.919221,2280
1061864,1249640,159,0.921145,2280
1061176,1249640,160,0.921510,2256
1063280,1249640,160,0.920396,2256
1062928,1249640,161,0.920581,2256
1062536,1249640,161,0.920814,2248
1064624,1249640,161,0.919689,2248
1062416,1249640,161,0.920876,2248
1060544,1249640,161,0.921859,2248
1063448,1249640,161,0.920338,2248
1063416,1249640,162,0.920354,2248
1059952,1249640,162,0.922157,2248
1062616,1249640,162,0.920772,2248
1059432,1249640,162,0.922417,2248
1059528,1249640,161,0.922369,2248
1055656,1249640,162,0.924254,2248
1059400,1249640,162,0.922409,2248
1056600,1249640,162,0.923803,2248
1057968,1249640,162,0.923116,2248
1059392,1249640,162,0.922389,2248
1060408,1249640,161,0.921863,2280
1062040,1249640,161,0.921004,2280
1065752,1249640,160,0.919026,2304
1068480,1249640,160,0.917491,2304
1068528,1249640,159,0.917464,2304
1069504,1249640,158,0.916896,2328
1065480,1249640,159,0.919135,2328
1063360,1249640,159,0.920291,2328
1065160,1249640,158,0.919325,2344
1065392,1249640,157,0.919199,2344
1064392,1249640,158,0.919736,2344
1064696,1249640,157,0.919570,2352
1061664,1249640,157,0.921186,2352
1063528,1249640,157,0.920190,2352
1062976,1249640,158,0.920501,2312
1062808,1249640,158,0.920614,2312
1065368,1249640,158,0.919230,2312
1069088,1249640,157,0.917160,2328
1067944,1249640,157,0.917832,2328
1067280,1249640,158,0.918206,2320
1063224,1249640,159,0.920401,2304
1064016,1249640,159,0.919958,2304
1067584,1249640,159,0.917993,2304
1064520,1249640,160,0.919677,2280
1060792,1249640,160,0.921644,2280
1063240,1249640,160,0.920354,2280
1062320,1249640,161,0.920855,2240
1059632,1249640,161,0.922249,2240
1062672,1249640,161,0.920672,2240
1063488,1249640,161,0.920220,2240
1065504,1249640,161,0.919117,2240
1065736,1249640,160,0.918987,2248
1063720,1249640,159,0.920118,2248
1066600,1249640,159,0.918541,2248
1063000,1249640,160,0.920472,2248
1066840,1249640,160,0.918383,2248
1065224,1249640,160,0.919290,2248
1067328,1249640,160,0.918113,2248
1065208,1249640,160,0.919299,2248
1061288,1249640,161,0.921375,2216
1060432,1249640,161,0.921835,2216
1062440,1249640,161,0.920781,2216
1058672,1249640,161,0.922715,2216
1055696,1249640,162,0.924159,2216
1052976,1249640,163,0.925432,2216
1053768,1249640,163,0.925043,2216
1056824,1249640,163,0.923571,2216
1058600,1249640,163,0.922679,2216
1057368,1249640,164,0.923284,2216
1057984,1249640,163,0.922979,2224
1059096,1249640,163,0.922405,2224
1059896,1249640,163,0.921980,2224
1058464,1249640,164,0.922695,2224
1062272,1249640,164,0.920739,2224
1060520,1249640,165,0.921640,2224
1059728,1249640,165,0.922065,2224
1061216,1249640,165,0.921284,2224
1064184,1249640,164,0.919728,2232
1062096,1249640,165,0.920826,2232
1059912,1249640,165,0.921968,2232
1057136,1249640,165,0.923366,2232
1060144,1249640,165,0.921851,2232
1057576,1249640,166,0.923128,2232
1057864,1249640,165,0.922971,2264
1059688,1249640,165,0.922040,2264
1061720,1249640,165,0.920980,2264
1059248,1249640,166,0.922237,2264
1056808,1249640,166,0.923463,2264
1056248,1249640,166,0.923757,2264
1058032,1249640,166,0.922865,2264
1059360,1249640,166,0.922181,2264
1061952,1249640,166,0.920835,2264
1060752,1249640,165,0.905074,2264
1062136,1249640,165,0.904182,2264
1060360,1249640,166,0.905310,2224
1063744,1249640,166,0.903156,2224
1062752,1249640,167,0.903788,2224
1063064,1249640,166,0.903580,2240
1061704,1249640,166,0.904468,2240
1063600,1249640,166,0.903238,2240
1060024,1249640,167,0.905506,2192
1060112,1249640,166,0.905452,2192
1057992,1249640,167,0.906742,2176
1055640,1249640,167,0.908149,2176
1056696,1249640,167,0.907507,2176
1060280,1249640,166,0.905335,2216
1056248,1249640,165,0.907801,2216
1059592,1249640,165,0.905784,2216
1056576,1249640,165,0.907610,2216
1053336,1249640,165,0.909492,2216
1051216,1249640,166,0.910665,2216
1051904,1249640,165,0.910275,2240
1052456,1249640,164,0.909961,2256
1049344,1249640,164,0.911681,2256
1049672,1249640,163,0.911501,2264
1047544,1249640,163,0.912652,2264
1048784,1249640,163,0.911975,2264
1048568,1249640,163,0.912114,2264
1051176,1249640,163,0.910687,2264
1051080,1249640,164,0.910740,2264
1054296,1249640,163,0.908932,2296
1052768,1249640,163,0.909818,2296
1053928,1249640,163,0.909141,2296
1056432,1249640,163,0.907675,2296
1053688,1249640,163,0.909276,2296
1056352,1249640,163,0.907722,2296
1055648,1249640,164,0.908130,2296
1055416,1249640,165,0.908269,2288
1054152,1249640,165,0.909018,2288
1058224,1249640,165,0.906622,2288
1057920,1249640,166,0.906803,2288
1056696,1249640,167,0.907554,2240
1055536,1249640,167,0.908255,2240
1059080,1249640,167,0.906138,2240
1055184,1249640,168,0.908430,2240
1053448,1249640,168,0.898383,2240
1056760,1249640,168,0.896222,2240
1060672,1249640,168,0.893553,2240
1061080,1249640,167,0.893248,2272
1064072,1249640,167,0.891092,2272
1067456,1249640,167,0.888550,2272
1068576,1249640,167,0.887658,2272
1066312,1249640,167,0.889411,2272
1070064,1249640,167,0.886501,2272
1069816,1249640,168,0.886695,2272
1073696,1249640,168,0.883533,2272
1073584,1249640,169,0.883626,2272
1074440,1249640,168,0.882908,2280
1071968,1249640,168,0.884978,2280
1074896,1249640,167,0.882545,2304
1071512,1249640,168,0.885326,2304
1070768,1249640,168,0.885958,2304
1073608,1249640,168,0.883619,2304
1069696,1249640,169,0.886764,2304
1073296,1249640,169,0.883837,2304
1074112,1249640,169,0.883121,2304
1071896,1249640,169,0.884978,2304
1072224,1249640,168,0.884706,2312
1068536,1249640,169,0.887621,2312
1066224,1249640,169,0.889411,2312
1069184,1249640,169,0.887120,2312
1069424,1249640,168,0.886933,2312
1066960,1249640,169,0.888823,2312
1065920,1249640,168,0.889673,2312
1069744,1249640,168,0.886720,2312
1068704,1249640,168,0.887566,2312
1071648,1249640,168,0.885210,2312
1072920,1249640,167,0.884178,2312
1069040,1249640,168,0.887269,2312
1065472,1249640,168,0.890004,2312
1068264,1249640,168,0.887867,2312
1071688,1249640,168,0.885139,2312
1070688,1249640,169,0.885939,2312
1074408,1249640,169,0.882867,2312
1071184,1249640,170,0.885505,2312
1068304,1249640,170,0.887800,2312
1068024,1249640,171,0.888014,2312
1067776,1249640,172,0.888204,2312
1069552,1249640,172,0.886796,2312
1065976,1249640,173,0.889524,2312
1067168,1249640,173,0.888593,2312
1067408,1249640,172,0.888411,2312
1068232,1249640,171,0.887769,2328
1070872,1249640,171,0.885665,2328
1068056,1249640,171,0.887904,2328
1069960,1249640,171,0.886388,2328
1068560,1249640,171,0.887516,2328
1069840,1249640,171,0.886482,2328
1068728,1249640,171,0.887387,2328
1072488,1249640,171,0.884361,2328
1068744,1249640,171,0.887374,2328
1072472,1249640,171,0.884374,2328
1072320,1249640,172,0.884498,2328
1072912,1249640,171,0.884014,2328
1072624,1249640,172,0.884277,2296
1068984,1249640,171,0.887250,2296
1071664,1249640,171,0.885094,2296
1071072,1249640,172,0.885569,2296
1068680,1249640,172,0.887486,2296
1072576,1249640,172,0.884355,2296
1073336,1249640,171,0.883712,2320
1075776,1249640,170,0.881663,2320
1075640,1249640,171,0.881779,2320
1074992,1249640,171,0.882390,2296
1077352,1249640,171,0.880322,2296
1080184,1249640,171,0.877752,2296
1076760,1249640,171,0.880837,2296
1079600,1249640,171,0.878282,2296
1078592,1249640,171,0.879250,2272
1080712,1249640,171,0.877291,2272
1078072,1249640,172,0.879669,2272
1074736,1249640,173,0.882545,2272
1073824,1249640,174,0.883308,2272
1074320,1249640,173,0.882894,2272
1071872,1249640,173,0.884946,2272
1075752,1249640,173,0.881684,2272
1079200,1249640,173,0.878621,2272
1080888,1249640,172,0.877085,2272
1076968,1249640,172,0.880636,2272
1079952,1249640,172,0.877941,2272
1078968,1249640,173,0.878829,2272
1080112,1249640,172,0.877788,2280
1078920,1249640,172,0.878908,2280
1076448,1249640,172,0.881121,2280
1073456,1249640,173,0.883646,2280
1071720,1249640,173,0.885101,2280
1074232,1249640,172,0.883028,2296
1071592,1249640,172,0.885229,2296
1071544,1249640,173,0.885268,2296
1074216,1249640,173,0.883041,2296
1076800,1249640,173,0.880803,2296
1080056,1249640,173,0.877869,2296
1080032,1249640,174,0.877890,2296
1082680,1249640,174,0.875388,2296
1081136,1249640,173,0.876922,2296
1083296,1249640,173,0.874847,2296
1082960,1249640,174,0.875168,2296
1085504,1249640,173,0.872678,2320
1085200,1249640,174,0.872985,2312
1081912,1249640,174,0.876186,2312
1085872,1249640,174,0.872321,2312
1083072,1249640,175,0.875046,2312
1086120,1249640,175,0.872025,2312
1086264,1249640,174,0.871881,2312
1084392,1249640,173,0.873822,2312
1088232,1249640,173,0.869930,2312
1088712,1249640,172,0.869432,2312
1085392,1249640,173,0.872796,2312
1086936,1249640,172,0.871254,2312
1086216,1249640,172,0.872025,2312
1084632,1249640,172,0.873636,2312
1084016,1249640,173,0.874240,2304
1080504,1249640,173,0.877584,2304
1083368,1249640,173,0.874863,2304
1079288,1249640,174,0.878643,2304
1078008,1249640,173,0.879866,2304
1075328,1249640,173,0.882221,2304
1077720,1249640,173,0.880119,2304
1079816,1249640,173,0.878210,2304
1077920,1249640,174,0.879902,2304
1074240,1249640,175,0.883055,2304
1075872,1249640,174,0.881656,2328
1076640,1249640,174,0.880955,2328
1077904,1249640,174,0.879810,2328
1075968,1249640,174,0.881533,2328
1076640,1249640,173,0.880955,2328
1074248,1249640,173,0.883028,2328
1072960,1249640,172,0.884172,2328
1073496,1249640,171,0.883731,2328
1072672,1249640,172,0.884420,2312
1074432,1249640,171,0.882968,2312
1077112,1249640,171,0.880643,2312
1077456,1249640,170,0.880343,2312
1076072,1249640,170,0.881581,2312
1075096,1249640,171,0.882410,2312
1074128,1249640,172,0.883228,2304
1077976,1249640,172,0.879894,2304
1081440,1249640,172,0.876722,2304
1084800,1249640,172,0.873479,2304
1087000,1249640,172,0.871245,2304
1090656,1249640,172,0.867387,2304
1094528,1249640,172,0.863044,2304
1093352,1249640,171,0.864484,2304
1093528,1249640,170,0.864287,2304
1089456,1249640,171,0.868713,2304
1090040,1249640,170,0.868087,2312
1087032,1249640,171,0.871254,2264
1089864,1249640,171,0.868274,2264
1089472,1249640,171,0.868738,2264
1087592,1249640,172,0.870685,2264
1086792,1249640,172,0.871544,2264
1083888,1249640,172,0.874449,2264
1085968,1249640,172,0.872368,2264
1089328,1249640,172,0.868889,2264
1092984,1249640,172,0.864886,2264
1091960,1249640,173,0.866017,2264
1092696,1249640,172,0.865171,2296
1095688,1249640,172,0.861713,2296
1092744,1249640,173,0.865064,2296
1096464,1249640,173,0.860745,2296
1093080,1249640,173,0.864690,2296
1097016,1249640,173,0.860089,2296
1096872,1249640,173,0.860318,2296
1100584,1249640,173,0.855694,2296
1097328,1249640,173,0.859773,2296
1095568,1249640,173,0.861909,2296
1093904,1249640,173,0.863872,2296
1091544,1249640,174,0.866489,2296
1091320,1249640,173,0.866836,2296
1094200,1249640,173,0.863591,2296
1097536,1249640,173,0.859638,2296
1097560,1249640,172,0.859609,2296
1098008,1249640,171,0.859040,2320
1101456,1249640,171,0.854671,2320
1097984,1249640,171,0.859069,2320
1094160,1249640,172,0.863555,2320
1090736,1249640,173,0.867336,2320
1093288,1249640,173,0.864484,2320
1092320,1249640,174,0.865560,2320
1094000,1249640,173,0.863645,2352
1090504,1249640,174,0.867499,2352
1092336,1249640,173,0.865498,2360
1096264,1249640,173,0.860962,2360
1093920,1249640,174,0.863673,2360
1091360,1249640,175,0.866532,2344
1092264,1249640,174,0.865534,2352
1095864,1249640,174,0.861385,2352
1093888,1249640,175,0.863673,2344
1094040,1249640,174,0.863500,2344
1095016,1249640,173,0.862382,2344
1092272,1249640,173,0.865551,2328
1094128,1249640,172,0.863446,2352
1091184,1249640,171,0.866818,2352
1093168,1249640,170,0.864636,2352
1090984,1249640,170,0.867103,2336
1092016,1249640,170,0.865929,2336
1089168,1249640,170,0.869048,2320
1090336,1249640,169,0.867789,2344
1088336,1249640,169,0.869971,2312
1091808,1249640,168,0.866262,2336
1091312,1249640,169,0.866818,2320
1088416,1249640,169,0.869930,2320
1086968,1249640,170,0.871407,2320
1083216,1249640,170,0.875137,2312
1085888,1249640,170,0.872495,2312
1082896,1249640,170,0.875441,2312
1079144,1249640,171,0.878894,2312
1078328,1249640,172,0.879619,2312
1079888,1249640,171,0.878195,2344
1082176,1249640,170,0.876081,2352
1082792,1249640,169,0.875486,2368
1082728,1249640,170,0.875547,2368
1079896,1249640,171,0.878166,2368
1077144,1249640,172,0.880608,2368
1077896,1249640,172,0.879909,2368
1080880,1249640,172,0.877180,2368
1081520,1249640,171,0.876589,2368
1083448,1249640,171,0.874725,2368
1080744,1249640,171,0.877305,2368
1078072,1249640,171,0.879754,2368
1078608,1249640,170,0.879279,2368
1078072,1249640,171,0.879754,2368
1078504,1249640,170,0.879364,2376
1076952,1249640,171,0.880726,2376
1075088,1249640,170,0.882404,2376
1077176,1249640,169,0.880594,2400
1079040,1249640,169,0.878908,2400
1080016,1249640,168,0.878028,2400
1079864,1249640,169,0.878166,2400
1083896,1249640,169,0.874356,2400
1087088,1249640,169,0.871156,2400
1086600,1249640,169,0.871705,2392
1085888,1249640,169,0.872464,2392
1089448,1249640,168,0.868797,2424
1089904,1249640,167,0.868282,2456
1092760,1249640,167,0.865135,2456
1092208,1249640,168,0.865763,2440
1094176,1249640,168,0.863509,2440
1093768,1249640,169,0.863971,2440
1090832,1249640,168,0.867336,2416
1088768,1249640,168,0.869565,2416
1089672,1249640,167,0.868612,2424
1090784,1249640,167,0.867379,2424
1087936,1249640,168,0.870366,2424
1085768,1249640,168,0.872598,2424
1081872,1249640,169,0.876343,2424
1082376,1249640,168,0.875863,2432
1079712,1249640,169,0.878318,2432
1076376,1249640,169,0.881300,2432
1078808,1249640,168,0.879144,2464
1076560,1249640,169,0.881114,2464
1079688,1249640,169,0.878311,2464
1083368,1249640,168,0.874893,2464
1087192,1249640,168,0.871083,2464
1089328,1249640,168,0.868830,2464
1089632,1249640,167,0.868511,2464
1086752,1249640,167,0.871528,2464
1088704,1249640,167,0.869482,2464
1087072,1249640,168,0.871156,2464
1083352,1249640,169,0.874817,2464
1079872,1249640,169,0.878101,2464
1076016,1249640,169,0.881540,2464
1072208,1249640,169,0.884752,2464
1072528,1249640,168,0.884492,2464
1073424,1249640,167,0.883731,2496
1072592,1249640,167,0.884453,2496
1070816,1249640,168,0.885881,2496
1069472,1249640,169,0.886945,2488
1069896,1249640,168,0.886608,2496
1069840,1249640,169,0.886652,2496
1068064,1249640,169,0.888063,2496
1070896,1249640,168,0.885856,2496
1073704,1249640,167,0.883546,2536
1075440,1249640,166,0.882086,2544
1072680,1249640,166,0.884420,2544
1075152,1249640,165,0.882370,2544
1075232,1249640,164,0.882302,2544
1075632,1249640,163,0.881963,2544
1079176,1249640,163,0.878829,2544
1078208,1249640,163,0.879746,2528
1081040,1249640,162,0.877151,2576
1079088,1249640,162,0.878965,2576
1075008,1249640,163,0.882505,2576
1078632,1249640,163,0.879329,2576
1076536,1249640,163,0.881204,2576
1077104,1249640,162,0.880692,2600
1077200,1249640,161,0.880608,2600
1074648,1249640,161,0.882827,2600
1076104,1249640,161,0.881554,2600
1077168,1249640,160,0.880636,2600
1073544,1249640,161,0.883705,2600
1076616,1249640,161,0.881073,2600
1073688,1249640,162,0.883566,2576
1074208,1249640,161,0.883121,2592
1070264,1249640,161,0.886388,2552
1066920,1249640,162,0.888961,2552
1069536,1249640,161,0.886921,2600
1072944,1249640,161,0.884159,2600
1069752,1249640,162,0.886720,2592
1070208,1249640,161,0.886331,2632
1068272,1249640,162,0.887873,2584
1068408,1249640,161,0.887769,2584
1067744,1249640,161,0.888326,2568
1070032,1249640,160,0.886532,2600
1069448,1249640,161,0.886995,2592
1068528,1249640,160,0.887781,2592
1066896,1249640,161,0.889021,2592
1067000,1249640,160,0.888943,2592
1066552,1249640,160,0.889321,2584
1066512,1249640,160,0.889387,2584
1066272,1249640,159,0.889637,2584
1067816,1249640,159,0.888441,2584
1069552,1249640,158,0.887095,2600
1070944,1249640,158,0.885964,2600
1071304,1249640,157,0.885671,2608
1073136,1249640,157,0.884152,2608
1072304,1249640,158,0.884849,2584
1073912,1249640,157,0.883513,2608
1070312,1249640,156,0.886495,2608
1073688,1249640,156,0.883738,2608
1071792,1249640,156,0.885326,2600
1071712,1249640,157,0.885390,2600
1072488,1249640,156,0.884726,2648
1075128,1249640,156,0.882505,2648
1074288,1249640,157,0.883208,2648
1073608,1249640,157,0.883811,2648
1070504,1249640,157,0.886356,2640
1066896,1249640,157,0.889165,2640
1069960,1249640,157,0.886783,2640
1066240,1249640,157,0.889655,2640
1068624,1249640,157,0.887818,2640
1071864,1249640,157,0.885236,2640
1071464,1249640,158,0.885556,2640
1071552,1249640,157,0.885486,2640
1073016,1249640,157,0.884263,2640
1070992,1249640,158,0.885894,2640
1069768,1249640,159,0.886883,2608
1068336,1249640,159,0.888027,2608
1071656,1249640,159,0.885390,2608
1075376,1249640,159,0.882289,2608
1075808,1249640,159,0.881882,2608
1077336,1249640,159,0.880525,2608
1073264,1249640,160,0.883969,2608
1075112,1249640,160,0.882390,2608
1073120,1249640,160,0.884087,2608
1071104,1249640,160,0.885754,2608
1073160,1249640,160,0.884054,2608
1073176,1249640,159,0.884041,2608
1072984,1249640,160,0.884198,2608
1072368,1249640,161,0.884700,2608
1076208,1249640,161,0.881458,2608
1078464,1249640,160,0.879471,2632
1075480,1249640,160,0.882099,2632
1071512,1249640,160,0.885409,2632
1069584,1249640,159,0.887008,2632
1070968,1249640,159,0.885881,2632
1074176,1249640,159,0.883235,2632
1077224,1249640,159,0.880601,2632
1075680,1249640,160,0.881929,2632
1072320,1249640,160,0.884758,2632
1074584,1249640,160,0.882854,2632
1076712,1249640,159,0.881017,2664
1072832,1249640,160,0.884277,2664
1069416,1249640,161,0.887002,2664
1069096,1249640,160,0.887331,2656
1067648,1249640,161,0.888441,2656
1069128,1249640,161,0.887269,2656
1068376,1249640,160,0.887935,2640
1065584,1249640,159,0.890105,2640
1061744,1249640,159,0.892896,2640
1061416,1249640,159,0.893164,2632
1061576,1249640,158,0.893053,2632
1065024,1249640,157,0.890568,2664
1064368,1249640,157,0.891098,2640
1067584,1249640,157,0.888684,2640
1068488,1249640,156,0.887978,2664
1072568,1249640,155,0.884765,2664
1072864,1249640,154,0.884524,2664
1071608,1249640,155,0.885544,2656
1074336,1249640,155,0.883281,2656
1075056,1249640,154,0.882673,2664
1074992,1249640,154,0.882767,2664
1078792,1249640,154,0.879449,2664
1079016,1249640,153,0.879250,2664
1077008,1249640,154,0.881010,2664
1078448,1249640,153,0.879746,2672
1077280,1249640,154,0.880789,2648
1074448,1249640,155,0.883235,2600
1075544,1249640,155,0.882275,2600
1071512,1249640,155,0.885627,2600
1069376,1249640,155,0.887343,2600
1069704,1249640,154,0.887083,2608
1072392,1249640,153,0.884952,2608
1069624,1249640,154,0.887145,2608
1069744,1249640,153,0.887051,2608
1067928,1249640,153,0.888484,2608
1068096,1249640,152,0.888356,2608
1069016,1249640,151,0.887621,2648
1068736,1249640,151,0.887873,2648
1070432,1249640,151,0.886520,2648
1068936,1249640,151,0.887720,2648
1072272,1249640,151,0.885056,2648
1071888,1249640,151,0.885409,2640
1068528,1249640,151,0.888076,2640
1070216,1249640,151,0.886733,2640
1071200,1249640,150,0.885945,2656
1070424,1249640,150,0.886601,2648
1067336,1249640,151,0.888973,2648
1065840,1249640,151,0.890122,2648
1068496,1249640,151,0.888094,2648
1065104,1249640,152,0.890644,2624
1067672,1249640,152,0.888702,2624
1069472,1249640,152,0.887288,2624
1066160,1249640,152,0.889833,2624
1068048,1249640,152,0.888380,2624
1064736,1249640,153,0.890842,2624
1067944,1249640,153,0.888423,2624
1071280,1249640,153,0.885792,2624
1069856,1249640,153,0.886952,2624
1073768,1249640,153,0.883778,2624
1071352,1249640,153,0.885773,2624
1074088,1249640,153,0.883513,2624
1072648,1249640,154,0.884700,2616
1070384,1249640,155,0.886507,2616
1070800,1249640,154,0.886179,2616
1070376,1249640,154,0.886576,2584
1069600,1249640,154,0.887219,2584
1066608,1249640,154,0.889530,2584
1065632,1249640,154,0.890287,2584
1069680,1249640,153,0.887194,2632
1073504,1249640,153,0.884106,2632
1076904,1249640,153,0.881211,2632
1078008,1249640,153,0.880210,2632
1079552,1249640,152,0.878836,2640
1076824,1249640,151,0.881314,2640
1078296,1249640,150,0.880000,2680
1078072,1249640,151,0.880196,2680
1079512,1249640,150,0.878915,2688
1078456,1249640,150,0.879894,2688
1075576,1249640,150,0.882417,2688
1074064,1249640,151,0.883679,2688
1070080,1249640,150,0.886952,2688
1073992,1249640,150,0.883778,2688
1070608,1249640,150,0.886539,2688
1072552,1249640,150,0.884952,2688
1075848,1249640,150,0.882187,2688
1078808,1249640,149,0.879584,2736
1082264,1249640,149,0.876402,2736
1079880,1249640,149,0.878628,2736
1083464,1249640,149,0.875274,2736
1079384,1249640,149,0.879072,2736
1079816,1249640,148,0.878678,2744
1076072,1249640,149,0.881950,2744
1075320,1249640,149,0.882639,2728
1076440,1249640,149,0.881650,2728
1076968,1249640,148,0.881183,2744
1074952,1249640,148,0.882934,2744
1073120,1249640,148,0.884485,2744
1075016,1249640,148,0.882881,2744
1077080,1249640,148,0.881086,2744
1073632,1249640,149,0.884014,2712
1072992,1249640,149,0.884576,2712
1075424,1249640,149,0.882525,2712
1077992,1249640,149,0.880280,2712
1077856,1249640,150,0.880399,2712
1078880,1249640,150,0.879456,2712
1075952,1249640,150,0.882038,2712
1076528,1249640,149,0.881547,2712
1074168,1249640,149,0.883573,2712
1078136,1249640,149,0.880154,2712
1075496,1249640,149,0.882464,2712
1078896,1249640,149,0.879485,2712
1076416,1249640,150,0.881643,2712
1075936,1249640,151,0.882058,2704
1078824,1249640,151,0.879513,2704
1075368,1249640,151,0.882538,2704
1076368,1249640,150,0.881691,2704
1072808,1249640,151,0.884680,2672
1071240,1249640,151,0.885977,2672
1074328,1249640,150,0.883440,2712
1076832,1249640,150,0.881286,2712
1076400,1249640,151,0.881663,2704
1076944,1249640,150,0.881162,2744
1073232,1249640,150,0.884335,2720
1075952,1249640,150,0.882031,2720
1075448,1249640,151,0.882464,2712
1073816,1249640,152,0.883844,2688
1076168,1249640,152,0.881834,2688
1077800,1249640,151,0.880406,2712
1074032,1249640,151,0.883646,2712
1077560,1249640,151,0.880615,2712
1079544,1249640,151,0.878822,2712
1078264,1249640,151,0.880000,2712
1075456,1249640,151,0.882491,2672
1077624,1249640,151,0.880594,2672
1076176,1249640,151,0.881882,2672
1076856,1249640,150,0.881279,2696
1074600,1249640,151,0.883208,2672
1075392,1249640,150,0.882545,2672
1078776,1249640,150,0.879584,2672
1076672,1249640,150,0.881458,2672
1076408,1249640,151,0.881684,2672
1076760,1249640,150,0.881382,2672
1075072,1249640,150,0.882854,2672
1074528,1249640,151,0.883341,2632
1072632,1249640,152,0.884894,2632
1076272,1249640,152,0.881834,2632
1080328,1249640,152,0.878231,2632
1082168,1249640,151,0.876522,2656
1078576,1249640,152,0.879775,2656
1082064,1249640,152,0.876574,2656
1083744,1249640,151,0.874954,2696
1081344,1249640,151,0.877247,2696
1084832,1249640,151,0.873908,2696
1082904,1249640,151,0.875796,2696
1079216,1249640,152,0.879172,2696
1077232,1249640,151,0.880997,2696
1080000,1249640,151,0.878513,2696
1076064,1249640,151,0.881997,2696
1077136,1249640,151,0.881038,2696
1075592,1249640,152,0.882363,2688
1079248,1249640,152,0.879151,2688
1080040,1249640,151,0.878434,2696
1079808,1249640,152,0.878643,2696
1077512,1249640,153,0.880671,2696
1074184,1249640,152,0.883573,2696
1074392,1249640,151,0.883401,2696
1075576,1249640,151,0.882370,2696
1073936,1249640,151,0.883804,2664
1070600,1249640,151,0.886526,2664
1072632,1249640,151,0.884868,2664
1075704,1249640,151,0.882289,2664
1077320,1249640,151,0.880865,2664
1073664,1249640,152,0.883949,2664
1072408,1249640,153,0.884985,2648
1075288,1249640,153,0.882572,2648
1077192,1249640,152,0.880914,2688
1078104,1249640,151,0.880105,2704
1074752,1249640,151,0.883015,2704
1075128,1249640,150,0.882700,2704
1072072,1249640,150,0.885249,2704
1068576,1249640,150,0.888027,2704
1068000,1249640,150,0.888508,2696
1067000,1249640,151,0.889261,2696
1067456,1249640,150,0.888913,2704
1065112,1249640,150,0.890685,2704
1068960,1249640,150,0.887769,2704
1072848,1249640,150,0.884661,2704
1070152,1249640,150,0.886846,2704
1071120,1249640,149,0.886078,2712
1074352,1249640,149,0.883421,2712
1071312,1249640,150,0.885888,2712
1071000,1249640,151,0.886148,2696
1068528,1249640,151,0.888106,2696
1068736,1249640,150,0.887947,2696
1068872,1249640,149,0.887843,2696
1069960,1249640,149,0.886964,2696
1069968,1249640,148,0.886958,2696
1069512,1249640,149,0.887319,2688
1067312,1249640,150,0.888997,2688
1067528,1249640,149,0.888835,2688
1066752,1249640,150,0.889452,2640
1067848,1249640,150,0.888593,2640
1068184,1249640,149,0.888338,2640
1065776,1249640,150,0.890140,2640
1063488,1249640,151,0.891822,2608
1060936,1249640,151,0.893658,2592
1064024,1249640,151,0.891449,2592
1064120,1249640,150,0.891380,2592
1063080,1249640,151,0.892124,2592
1061232,1249640,151,0.893453,2592
1063408,1249640,150,0.891913,2608
1065288,1249640,149,0.890545,2624
1067648,1249640,148,0.888756,2672
1064080,1249640,149,0.891386,2672
1067208,1249640,149,0.889051,2672
1066104,1249640,150,0.889874,2672
1065552,1249640,151,0.890316,2624
1066664,1249640,151,0.889458,2624
1068512,1249640,151,0.888027,2624
1066224,1249640,150,0.889821,2624
1065952,1249640,150,0.890057,2624
1065264,1249640,150,0.890615,2600
1069040,1249640,150,0.887751,2600
1070048,1249640,149,0.886970,2600
1068560,1249640,148,0.888192,2600
1071704,1249640,148,0.885703,2600
1075040,1249640,148,0.882941,2600
1072824,1249640,148,0.884804,2600
1071840,1249640,149,0.885607,2584
1071120,1249640,149,0.886236,2560
1073568,1249640,149,0.884231,2560
1075328,1249640,148,0.882753,2584
1078104,1249640,147,0.880378,2584
1077312,1249640,148,0.881073,2576
1077952,1249640,147,0.880504,2592
1076984,1249640,148,0.881348,2584
1080352,1249640,148,0.878340,2584
1079584,1249640,148,0.879072,2584
1081376,1249640,148,0.877408,2584
1081032,1249640,149,0.877723,2584
1082032,1249640,148,0.876804,2584
1078392,1249640,148,0.880126,2584
1074552,1249640,148,0.883440,2584
1072192,1249640,149,0.885364,2584
1075032,1249640,148,0.883008,2624
1071304,1249640,148,0.886078,2624
1069440,1249640,148,0.887572,2624
1066768,1249640,148,0.889631,2624
1068968,1249640,148,0.887935,2624
1070096,1249640,148,0.887027,2624
1066168,1249640,149,0.890004,2624
1066952,1249640,148,0.889423,2624
1069072,1249640,148,0.887781,2624
1069056,1249640,148,0.887831,2624
1071424,1249640,148,0.885945,2624
1074696,1249640,148,0.883248,2624
1075536,1249640,147,0.882545,2624
1072032,1249640,148,0.885460,2576
1073640,1249640,147,0.884159,2576
1070528,1249640,147,0.886689,2576
1072152,1249640,147,0.885364,2576
1069320,1249640,148,0.887591,2576
1072928,1249640,148,0.884700,2576
1072792,1249640,149,0.884810,2576
1072312,1249640,150,0.885197,2576
1072952,1249640,149,0.884641,2624
1074208,1249640,149,0.883573,2624
1070824,1249640,149,0.886343,2624
1070664,1249640,150,0.886469,2624
1073064,1249640,150,0.884511,2624
1071376,1249640,151,0.885869,2624
1072472,1249640,150,0.884985,2632
1072344,1249640,149,0.885165,2632
1073216,1249640,148,0.884459,2632
1074088,1249640,147,0.883745,2632
1072392,1249640,148,0.885126,2632
1075568,1249640,147,0.882478,2672
1074088,1249640,147,0.883751,2672
1073784,1249640,147,0.884041,2672
1073352,1249640,146,0.884472,2672
1074984,1249640,146,0.883088,2672
1073424,1249640,147,0.884401,2640
1076536,1249640,147,0.881766,2640
1080400,1249640,147,0.878333,2640
1081816,1249640,147,0.876996,2640
1080200,1249640,146,0.878556,2640
1076944,1249640,146,0.881458,2640
1074712,1249640,145,0.883421,2640
1075112,1249640,144,0.883088,2640
1075824,1249640,143,0.882478,2656
1077992,1249640,143,0.880580,2656
1075256,1249640,144,0.882914,2656
1075896,1249640,144,0.882336,2656
1074456,1249640,145,0.883546,2648
1077464,1249640,144,0.880976,2680
1075840,1249640,145,0.882363,2680
1079872,1249640,145,0.878815,2680
1079600,1249640,145,0.879108,2672
1082080,1249640,145,0.876811,2672
1078312,1249640,146,0.880217,2656
1076928,1249640,147,0.881417,2656
1078928,1249640,146,0.879633,2704
1080096,1249640,146,0.878549,2704
1078192,1249640,147,0.880273,2664
1078904,1249640,147,0.879605,2664
1077448,1249640,147,0.880921,2664
1080808,1249640,147,0.877898,2664
1080720,1249640,148,0.877978,2664
1078576,1249640,148,0.879937,2664
1077552,1249640,148,0.880872,2664
1074320,1249640,148,0.883646,2664
1077856,1249640,148,0.880608,2664
1080080,1249640,147,0.878599,2712
1082408,1249640,147,0.876425,2712
1080776,1249640,148,0.877927,2712
1077984,1249640,149,0.880413,2712
1079992,1249640,149,0.878592,2712
1083536,1249640,149,0.875274,2712
1081608,1249640,149,0.877121,2712
1081680,1249640,148,0.877048,2720
1085352,1249640,148,0.873519,2720
1083776,1249640,149,0.875038,2720
1084400,1249640,148,0.874433,2728
1083768,1249640,149,0.875053,2712
1084320,1249640,148,0.874495,2744
1083800,1249640,149,0.875008,2728
1087392,1249640,149,0.871439,2728
1084552,1249640,149,0.874287,2728
1088112,1249640,149,0.870709,2728
1086760,1249640,150,0.872073,2728
1089696,1249640,150,0.869023,2728
1089600,1249640,151,0.869124,2728
1085888,1249640,152,0.872891,2728
1088240,1249640,152,0.870480,2728
1092040,1249640,152,0.866419,2728
1089080,1249640,153,0.869615,2680
1090608,1249640,152,0.867985,2704
1086952,1249640,152,0.871809,2704
1085824,1249640,152,0.872977,2704
1087136,1249640,151,0.871633,2744
1088584,1249640,150,0.870160,2744
1084696,1249640,151,0.874039,2744
1088248,1249640,151,0.870456,2744
1087368,1249640,152,0.871367,2728
1087080,1249640,153,0.871657,2728
1087584,1249640,152,0.871140,2736
1085080,1249640,152,0.873674,2736
1088352,1249640,152,0.870357,2736
1089184,1249640,151,0.869499,2736
1086736,1249640,151,0.872041,2736
1088640,1249640,150,0.870078,2768
1085496,1249640,151,0.873237,2768
1089576,1249640,151,0.869057,2768
1087544,1249640,152,0.871148,2768
1086560,1249640,151,0.872233,2768
1089416,1249640,150,0.869291,2800
1085688,1249640,150,0.873111,2800
1089336,1249640,150,0.869374,2800
1089264,1249640,150,0.869507,2792
1092272,1249640,149,0.866306,2792
1093056,1249640,149,0.865392,2792
1090856,1249640,148,0.867883,2792
1087320,1249640,148,0.871592,2792
1084728,1249640,149,0.874148,2792
1083560,1249640,149,0.875312,2792
1086352,1249640,148,0.872606,2792
1088552,1249640,148,0.870341,2792
1088584,1249640,147,0.870308,2792
1091280,1249640,147,0.867430,2792
1089688,1249640,148,0.869115,2792
1093648,1249640,148,0.864788,2792
1093008,1249640,149,0.865516,2776
1093712,1249640,149,0.864681,2776
1089744,1249640,149,0.869023,2776
1091384,1249640,149,0.867233,2776
1088944,1249640,150,0.869814,2768
1085728,1249640,150,0.873103,2768
1083872,1249640,151,0.874924,2744
1085352,1249640,151,0.873448,2744
1088992,1249640,151,0.869739,2744
1088792,1249640,152,0.869954,2736
1085008,1249640,152,0.873791,2736
1086032,1249640,151,0.872772,2752
1085872,1249640,152,0.872930,2752
1087888,1249640,151,0.870872,2792
1084568,1249640,151,0.874210,2792
1081912,1249640,152,0.876722,2792
1082632,1249640,152,0.876006,2792
1082976,1249640,151,0.875683,2792
1083824,1249640,151,0.874832,2792
1083896,1249640,150,0.874763,2792
1083048,1249640,151,0.875569,2792
1080256,1249640,152,0.878152,2792
1078224,1249640,153,0.879965,2792
1081848,1249640,153,0.876648,2792
1080840,1249640,153,0.877620,2792
1080200,1249640,154,0.878202,2792
1083856,1249640,154,0.874756,2792
1087608,1249640,154,0.871010,2792
1089776,1249640,154,0.868721,2792
1092264,1249640,154,0.866000,2792
1088464,1249640,154,0.870086,2792
1090968,1249640,154,0.867404,2792
1090944,1249640,155,0.867430,2792
1094496,1249640,155,0.863455,2792
1093400,1249640,156,0.864690,2792
1095312,1249640,155,0.862483,2824
1092984,1249640,155,0.865171,2824
1094392,1249640,155,0.863536,2824
1092192,1249640,155,0.866043,2824
1094056,1249640,154,0.863953,2840
1092520,1249640,154,0.865719,2840
1091688,1249640,155,0.866636,2832
1092976,1249640,154,0.865180,2872
1089928,1249640,154,0.868527,2872
1088744,1249640,154,0.869814,2872
1092032,1249640,154,0.866271,2872
1089672,1249640,155,0.868797,2872
1092488,1249640,154,0.865754,2888
1094560,1249640,153,0.863382,2936
1097000,1249640,153,0.860489,2936
1094896,1249640,153,0.862998,2936
1091144,1249640,153,0.867215,2936
1087296,1249640,154,0.871229,2936
1089272,1249640,154,0.869149,2936
1090704,1249640,154,0.867584,2936
1093336,1249640,154,0.864654,2936
1089304,1249640,154,0.869065,2936
1091472,1249640,153,0.866749,2944
1091024,1249640,154,0.867258,2920
1093008,1249640,154,0.865038,2920
1091992,1249640,154,0.866227,2904
1090704,1249640,155,0.867661,2864
1087280,1249640,155,0.871270,2864
1088896,1249640,154,0.869607,2872
1089064,1249640,153,0.869432,2872
1090456,1249640,152,0.867934,2904
1090248,1249640,153,0.868155,2904
1091224,1249640,152,0.867086,2928
1089808,1249640,151,0.868696,2928
1086824,1249640,152,0.871761,2928
1084808,1249640,153,0.873791,2888
1085608,1249640,152,0.872970,2928
1084240,1249640,152,0.874348,2928
1083560,1249640,153,0.875000,2928
1085608,1249640,152,0.873009,2936
1085864,1249640,151,0.872757,2936
1089000,1249640,151,0.869532,2936
1088432,1249640,151,0.870193,2912
1086600,1249640,152,0.872049,2912
1089224,1249640,152,0.869324,2912
1089240,1249640,151,0.869307,2912
1087112,1249640,151,0.871568,2880
1083776,1249640,151,0.874886,2880
1087336,1249640,151,0.871342,2880
1087280,1249640,151,0.871447,2880
1089184,1249640,151,0.869449,2880
1086352,1249640,152,0.872328,2880
1087568,1249640,151,0.871067,2920
1084024,1249640,152,0.874564,2920
1087656,1249640,152,0.870929,2920
1089328,1249640,152,0.869157,2920
1093240,1249640,152,0.864886,2920
1089616,1249640,152,0.868856,2920
1085584,1249640,153,0.872954,2920
1087648,1249640,153,0.870840,2920
1084672,1249640,153,0.873846,2920
1080800,1249640,154,0.877496,2920
1077192,1249640,155,0.880713,2920
1081064,1249640,154,0.877254,2920
1083240,1249640,154,0.875175,2920
1081760,1249640,155,0.876581,2904
1080152,1249640,156,0.878079,2880
1081872,1249640,156,0.876455,2880
1083592,1249640,156,0.874786,2880
1080584,1249640,155,0.877730,2832
1083576,1249640,155,0.874893,2832
1087080,1249640,154,0.871415,2872
1086240,1249640,155,0.872257,2872
1090088,1249640,155,0.868257,2872
1087128,1249640,156,0.871318,2872
1087240,1249640,155,0.871205,2872
1090088,1249640,155,0.868206,2872
1086264,1249640,155,0.872185,2872
1087384,1249640,154,0.871059,2872
1084040,1249640,154,0.874410,2872
1082432,1249640,155,0.875938,2872
1079992,1249640,156,0.878188,2872
1083376,1249640,156,0.875000,2872
1079736,1249640,156,0.878419,2872
1081888,1249640,156,0.876402,2872
1082424,1249640,155,0.875901,2872
1084032,1249640,154,0.874372,2872
1081352,1249640,155,0.876900,2872
1081640,1249640,154,0.876633,2872
1078576,1249640,155,0.879414,2872
1077184,1249640,156,0.880664,2840
1075512,1249640,156,0.882140,2840
1075336,1249640,157,0.882289,2840
1073728,1249640,158,0.883632,2840
1075672,1249640,158,0.881963,2840
1072792,1249640,159,0.884361,2840
1076712,1249640,159,0.881031,2840
1080040,1249640,159,0.878043,2840
1082312,1249640,159,0.875901,2840
1083208,1249640,159,0.875008,2840
1086256,1249640,158,0.872017,2856
1083664,1249640,157,0.874648,2856
1082688,1249640,157,0.875645,2832
1085648,1249640,157,0.872741,2832
1088408,1249640,157,0.869905,2832
1088112,1249640,157,0.870259,2832
1090512,1249640,157,0.867695,2832
1089360,1249640,157,0.868965,2832
1086792,1249640,156,0.871697,2832
1085592,1249640,156,0.872938,2832
1083792,1249640,157,0.874687,2832
1085872,1249640,157,0.872614,2832
1085856,1249640,158,0.872630,2832
1085784,1249640,159,0.872701,2832
1088128,1249640,159,0.870292,2832
1087504,1249640,160,0.870937,2824
1091048,1249640,160,0.867181,2824
1093080,1249640,160,0.864904,2824
1094712,1249640,159,0.863062,2824
1097392,1249640,159,0.859869,2824
1096416,1249640,160,0.861028,2824
1097200,1249640,159,0.860098,2824
1099320,1249640,159,0.857461,2824
1096952,1249640,159,0.860394,2824
1097808,1249640,159,0.859311,2824
1096088,1249640,159,0.861414,2824
1098008,1249640,159,0.859069,2824
1097032,1249640,159,0.860299,2824
1099360,1249640,159,0.857411,2824
1097264,1249640,160,0.859964,2824
1097040,1249640,161,0.860232,2824
1096144,1249640,162,0.861329,2792
1097168,1249640,161,0.860108,2800
1098608,1249640,161,0.858309,2800
1097584,1249640,162,0.859571,2784
1099080,1249640,161,0.857738,2792
1096640,1249640,161,0.860745,2792
1097848,1249640,160,0.859282,2808
1098544,1249640,159,0.858377,2856
1096560,1249640,159,0.860821,2856
1099600,1249640,158,0.857083,2896
1097480,1249640,158,0.859734,2896
1099464,1249640,158,0.857252,2896
1095856,1249640,158,0.861657,2896
1094784,1249640,158,0.862952,2896
1092520,1249640,158,0.865551,2896
1093512,1249640,157,0.864394,2944
1096160,1249640,156,0.861348,2952
1095016,1249640,157,0.862686,2944
1092984,1249640,157,0.865038,2944
1095728,1249640,157,0.861862,2944
1092920,1249640,157,0.865109,2944
1094152,1249640,157,0.863673,2944
1095896,1249640,157,0.861610,2944
1093264,1249640,157,0.864672,2944
1097088,1249640,157,0.860203,2944
1095656,1249640,157,0.861946,2944
1093152,1249640,157,0.864851,2944
1094720,1249640,156,0.863053,2968
1095320,1249640,155,0.862363,2968
1098312,1249640,155,0.858758,2968
1097512,1249640,156,0.859773,2928
1099912,1249640,156,0.856773,2928
1097760,1249640,156,0.859475,2928
1101096,1249640,156,0.855276,2928
1097136,1249640,157,0.860165,2928
1093184,1249640,158,0.864726,2928
1096216,1249640,158,0.861198,2928
1100304,1249640,158,0.856160,2928
1100208,1249640,158,0.856342,2928
1102840,1249640,158,0.852886,2928
1102744,1249640,159,0.853013,2928
1098992,1249640,160,0.857797,2928
1095272,1249640,160,0.862298,2928
1095680,1249640,159,0.861815,2936
1099400,1249640,158,0.857302,2968
1097840,1249640,157,0.859359,2944
1098256,1249640,156,0.858836,2960
1098416,1249640,155,0.858641,2960
1096592,1249640,155,0.844713,2920
1094648,1249640,155,0.847294,2920
1093432,1249640,156,0.848877,2880
1090368,1249640,156,0.852720,2832
1094224,1249640,156,0.847943,2832
1095936,1249640,155,0.845718,2856
1094808,1249640,155,0.847232,2856
1092496,1249640,154,0.850242,2856
1093160,1249640,153,0.849404,2872
1093912,1249640,153,0.848407,2872
1092776,1249640,152,0.849938,2872
1091936,1249640,153,0.850974,2864
1094904,1249640,153,0.847222,2864
1091184,1249640,154,0.851861,2832
1087640,1249640,155,0.855992,2832
1085104,1249640,154,0.858913,2832
1083024,1249640,153,0.861241,2832
1079480,1249640,154,0.864871,2832
1077256,1249640,154,0.867147,2784
1077992,1249640,154,0.866386,2784
1081288,1249640,154,0.863043,2784
1084480,1249640,154,0.859641,2784
1087536,1249640,154,0.856218,2784
1087568,1249640,153,0.856182,2784
1084096,1249640,153,0.860053,2784
1082528,1249640,154,0.861736,2760
1080624,1249640,154,0.863745,2760
1078736,1249640,154,0.865680,2760
1081352,1249640,154,0.863002,2760
1078744,1249640,153,0.865720,2760
1078288,1249640,153,0.866246,2728
1079288,1249640,152,0.865221,2768
1075992,1249640,152,0.868460,2768
1078688,1249640,152,0.865814,2768
1082096,1249640,152,0.862326,2768
1085968,1249640,152,0.858144,2768
1083624,1249640,152,0.860726,2768
1082216,1249640,153,0.862202,2768
1084648,1249640,152,0.859623,2776
1081608,1249640,153,0.862863,2736
1080608,1249640,153,0.863955,2712
1081912,1249640,153,0.862574,2712
1084888,1249640,153,0.859382,2712
1084584,1249640,153,0.859761,2712
1082800,1249640,153,0.861702,2712
1085216,1249640,153,0.859079,2712
1084104,1249640,153,0.860326,2712
1087440,1249640,153,0.856624,2712
1087728,1249640,152,0.856290,2720
1090104,1249640,152,0.853502,2720
1087112,1249640,153,0.856928,2720
1090328,1249640,153,0.853183,2720
1094120,1249640,153,0.848517,2720
1096240,1249640,152,0.845760,2760
1096320,1249640,151,0.845656,2760
1094704,1249640,151,0.847802,2752
1091976,1249640,150,0.851293,2752
1087920,1249640,151,0.856037,2752
1091560,1249640,151,0.851737,2752
1088472,1249640,152,0.855400,2712
1090840,1249640,151,0.852634,2720
1093048,1249640,150,0.849967,2720
1094800,1249640,150,0.847720,2720
1092712,1249640,151,0.850350,2696
1093824,1249640,150,0.848977,2696
1097064,1249640,150,0.844766,2696
1099736,1249640,150,0.841100,2696
1103312,1249640,150,0.835939,2696
1101104,1249640,151,0.839122,2696
1097736,1249640,151,0.843812,2696
1093912,1249640,152,0.848747,2696
1096160,1249640,152,0.845822,2696
1100160,1249640,152,0.840380,2696
1096952,1249640,152,0.844787,2696
1096400,1249640,153,0.845531,2680
1096376,1249640,153,0.845624,2680
1097688,1249640,152,0.843876,2696
1099864,1249640,151,0.840879,2728
1095992,1249640,152,0.846061,2728
1098680,1249640,152,0.842435,2728
1097344,1249640,153,0.844227,2728
1099280,1249640,152,0.841584,2752
1098560,1249640,152,0.842630,2752
1100984,1249640,152,0.839213,2752
1098632,1249640,152,0.842533,2752
1101592,1249640,152,0.838350,2752
1104552,1249640,152,0.833938,2752
1104136,1249640,153,0.834563,2752
1105256,1249640,152,0.832858,2760
1105368,1249640,151,0.832687,2760
1104800,1249640,152,0.833588,2736
1108848,1249640,152,0.827151,2736
1105384,1249640,153,0.832626,2736
1108424,1249640,153,0.827763,2736
1104632,1249640,154,0.833697,2736
1108560,1249640,154,0.827464,2736
1105032,1249640,154,0.833090,2736
1101576,1249640,155,0.838190,2736
1101464,1249640,156,0.838350,2736
1101960,1249640,155,0.837638,2736
1102152,1249640,154,0.837361,2736
1101720,1249640,155,0.838018,2712
1102480,1249640,154,0.836898,2728
1106016,1249640,154,0.831517,2728
1102432,1249640,155,0.836898,2728
1099784,1249640,156,0.840657,2728
1101752,1249640,156,0.837811,2728
1104320,1249640,156,0.833962,2728
1100992,1249640,156,0.838896,2728
1097152,1249640,156,0.844227,2728
1097216,1249640,155,0.844142,2728
1098960,1249640,155,0.841727,2728
1095104,1249640,155,0.846895,2728
1092056,1249640,156,0.850721,2712
1094712,1249640,156,0.847355,2712
1095016,1249640,155,0.846967,2712
1092672,1249640,156,0.849908,2712
1094544,1249640,156,0.847507,2712
1092808,1249640,156,0.849750,2704
1095008,1249640,155,0.846967,2720
1091008,1249640,155,0.851976,2720
1094200,1249640,155,0.847994,2720
1090608,1249640,156,0.852397,2720
1092880,1249640,155,0.849583,2768
1091136,1249640,155,0.851765,2768
1089504,1249640,155,0.853783,2744
1093312,1249640,155,0.849136,2744
1091136,1249640,155,0.851871,2728
1088968,1249640,155,0.854490,2720
1087760,1249640,156,0.855892,2704
1085024,1249640,156,0.858983,2704
1086112,1249640,155,0.857791,2704
1085704,1249640,155,0.858328,2672
1082896,1249640,155,0.861434,2632
1081072,1249640,154,0.863419,2632
1077672,1249640,155,0.866799,2632
1075600,1249640,156,0.868822,2584
1076720,1249640,155,0.867730,2616
1080664,1249640,155,0.863801,2616
1081688,1249640,154,0.862715,2656
1084040,1249640,154,0.860198,2656
1080056,1249640,154,0.864375,2656
1083488,1249640,154,0.860785,2656
1081312,1249640,154,0.863101,2656
1085168,1249640,154,0.858983,2656
1087984,1249640,154,0.855801,2656
1087408,1249640,155,0.856453,2656
1084368,1249640,154,0.859898,2656
1088360,1249640,154,0.855428,2656
1089208,1249640,153,0.854453,2656
1087368,1249640,154,0.856552,2656
1084864,1249640,155,0.859313,2656
1087000,1249640,155,0.856911,2656
1085608,1249640,155,0.858503,2656
1089192,1249640,154,0.854462,2664
1089768,1249640,153,0.853793,2664
1092920,1249640,153,0.849957,2664
1092032,1249640,154,0.851051,2656
1095720,1249640,154,0.846381,2656
1098728,1249640,153,0.842348,2696
1100184,1249640,153,0.840279,2696
1103296,1249640,153,0.835750,2696
1102208,1249640,152,0.837477,2696
1104800,1249640,152,0.833576,2696
1104016,1249640,153,0.834754,2696
1104744,1249640,152,0.833660,2696
1100800,1249640,152,0.839484,2696
1099808,1249640,153,0.840868,2696
1103392,1249640,153,0.835679,2696
1101720,1249640,154,0.838144,2672
1101368,1249640,155,0.838646,2672
1099240,1249640,156,0.841617,2672
1096808,1249640,156,0.844986,2640
1094840,1249640,156,0.847589,2640
1097048,1249640,156,0.844671,2640
1101080,1249640,156,0.839100,2640
1100168,1249640,157,0.840402,2624
1102952,1249640,157,0.836361,2624
1104504,1249640,156,0.833998,2664
1103696,1249640,157,0.835253,2632
1100480,1249640,157,0.839955,2632
1098344,1249640,157,0.842954,2632
1094592,1249640,158,0.847852,2632
1096024,1249640,158,0.845957,2632
1095592,1249640,159,0.846525,2624
1092448,1249640,159,0.850526,2624
1090656,1249640,159,0.852739,2624
1092992,1249640,158,0.849908,2632
1095048,1249640,157,0.847283,2672
1098648,1249640,157,0.842489,2672
1096928,1249640,158,0.844787,2672
1099256,1249640,158,0.841595,2672
1098656,1249640,159,0.842413,2672
1101376,1249640,159,0.838566,2672
1102712,1249640,158,0.836571,2720
1104856,1249640,158,0.833309,2720
1105984,1249640,157,0.831529,2752
1108176,1249640,157,0.827983,2752
1105344,1249640,157,0.832516,2752
1102968,1249640,158,0.836080,2752
1106408,1249640,158,0.830794,2752
1107432,1249640,157,0.829101,2800
1108744,1249640,157,0.826903,2800
1112688,1249640,157,0.820112,2800
1109256,1249640,157,0.826061,2800
1107832,1249640,157,0.828486,2784
1103848,1249640,157,0.834730,2784
1102320,1249640,157,0.837049,2784
1104520,1249640,157,0.833721,2784
1105152,1249640,156,0.832761,2784
1106704,1249640,156,0.830280,2784
1109544,1249640,156,0.825610,2784
1106912,1249640,156,0.829952,2784
1102952,1249640,157,0.835986,2784
1103416,1249640,156,0.835301,2784
1104320,1249640,155,0.833914,2808
1102416,1249640,156,0.836781,2776
1105304,1249640,156,0.832393,2776
1101392,1249640,156,0.838258,2776
1099760,1249640,156,0.825996,2776
1098336,1249640,157,0.828127,2776
1101960,1249640,157,0.822522,2776
1099240,1249640,158,0.826708,2776
1101368,1249640,157,0.823450,2776
1100872,1249640,158,0.824221,2776
1099768,1249640,158,0.825984,2776
1099032,1249640,159,0.827140,2744
1097616,1249640,160,0.829232,2744
1099576,1249640,159,0.826311,2752
1103192,1249640,159,0.820598,2752
1102400,1249640,160,0.821864,2752
1106416,1249640,160,0.815168,2752
1109488,1249640,160,0.809676,2752
1107528,1249640,161,0.813178,2744
1106624,1249640,162,0.814785,2720
1104144,1249640,163,0.818946,2720
1108152,1249640,163,0.812039,2720
1104352,1249640,164,0.818525,2720
1101568,1249640,164,0.823075,2720
1102048,1249640,163,0.822320,2720
1101872,1249640,163,0.822673,2720
1104592,1249640,162,0.818288,2720
1102256,1249640,163,0.822067,2720
1102184,1249640,163,0.822257,2720
1101184,1249640,164,0.823824,2720
1103776,1249640,164,0.819626,2720
1106648,1249640,164,0.814743,2720
1107120,1249640,163,0.813929,2720
1111120,1249640,163,0.806641,2720
1111616,1249640,162,0.805709,2720
1112496,1249640,161,0.804032,2720
1116528,1249640,161,0.795865,2720
1117768,1249640,160,0.793212,2736
1119480,1249640,159,0.789429,2760
1116120,1249640,160,0.796629,2760
1118848,1249640,160,0.790717,2760
1118392,1249640,160,0.791816,2760
1121632,1249640,160,0.784432,2760
1118008,1249640,160,0.792645,2760
1120416,1249640,160,0.787223,2760
1116656,1249640,160,0.795514,2760
1117904,1249640,160,0.792766,2760
1117256,1249640,161,0.794217,2728
1114528,1249640,161,0.799936,2728
1112544,1249640,161,0.803925,2728
1109576,1249640,161,0.809575,2720
1113176,1249640,161,0.802717,2720
1110880,1249640,161,0.807179,2720
1111936,1249640,160,0.805163,2736
1112936,1249640,159,0.803245,2736
1113352,1249640,158,0.802436,2736
1114024,1249640,157,0.801099,2744
1110896,1249640,157,0.807194,2744
1107480,1249640,158,0.813345,2744
1111344,1249640,158,0.806266,2744
1109440,1249640,159,0.809778,2744
1111848,1249640,159,0.805224,2744
1110816,1249640,159,0.807253,2744
1114864,1249640,159,0.799325,2744
1116104,1249640,159,0.796696,2744
1114496,1249640,160,0.800000,2728
1110464,1249640,161,0.807757,2728
1106416,1249640,161,0.815127,2680
1110032,1249640,161,0.808641,2680
1109272,1249640,162,0.810067,2656
1111256,1249640,162,0.806327,2656
1112104,1249640,161,0.804706,2664
1111688,1249640,162,0.805527,2648
1113160,1249640,162,0.802608,2648
1113336,1249640,161,0.802264,2648
1113120,1249640,161,0.802779,2648
1114464,1249640,161,0.800032,2648
1111328,1249640,161,0.806206,2648
1110616,1249640,161,0.807654,2632
1113640,1249640,161,0.801793,2632
1111584,1249640,162,0.805754,2632
1114432,1249640,162,0.800128,2632
1114984,1249640,161,0.798938,2672
1114352,1249640,161,0.800320,2664
1114376,1249640,160,0.800272,2664
1113840,1249640,160,0.801431,2664
1112208,1249640,160,0.804691,2664
1114704,1249640,160,0.799711,2664
1111672,1249640,159,0.805800,2664
1113432,1249640,159,0.802327,2664
1109920,1249640,160,0.808963,2664
1109984,1249640,159,0.808846,2664
1111344,1249640,159,0.806236,2664
1108504,1249640,160,0.811429,2664
1108136,1249640,160,0.812166,2664
1104560,1249640,160,0.818354,2664
1104736,1249640,159,0.818036,2680
1105872,1249640,159,0.816053,2680
1106360,1249640,158,0.815223,2680
1102976,1249640,158,0.820906,2680
1100960,1249640,159,0.824097,2672
1104912,1249640,159,0.817678,2672
1101720,1249640,159,0.822912,2672
1103864,1249640,159,0.819404,2672
1105504,1249640,158,0.816607,2720
1105416,1249640,158,0.816835,2720
1109064,1249640,158,0.810413,2720
1105512,1249640,159,0.816593,2720
1107936,1249640,159,0.812336,2720
1104568,1249640,160,0.818089,2720
1105088,1249640,159,0.817197,2736
1101432,1249640,160,0.823113,2736
1102152,1249640,159,0.821953,2752
1100472,1249640,160,0.824640,2712
1099832,1249640,161,0.825693,2664
1103392,1249640,161,0.820029,2664
1101456,1249640,162,0.823150,2640
1098448,1249640,162,0.827807,2640
1100080,1249640,162,0.825278,2640
1099592,1249640,163,0.826020,2640
1102376,1249640,163,0.821622,2640
1105208,1249640,163,0.816916,2640
1104504,1249640,163,0.818169,2640
1103408,1249640,164,0.819990,2624
1099824,1249640,165,0.825620,2624
1103752,1249640,165,0.819352,2624
1100904,1249640,166,0.823886,2624
1103592,1249640,166,0.819535,2624
1105528,1249640,165,0.816324,2624
1103520,1249640,165,0.819730,2624
1107128,1249640,165,0.813582,2624
1110224,1249640,165,0.807950,2624
1108512,1249640,165,0.811187,2600
1112464,1249640,165,0.803771,2600
1108504,1249640,165,0.811201,2600
1110168,1249640,165,0.808097,2600
1106240,1249640,165,0.815155,2600
1108672,1249640,165,0.810815,2600
1107800,1249640,165,0.812448,2600
1105736,1249640,166,0.816012,2600
1106552,1249640,165,0.814620,2600
1104816,1249640,165,0.817664,2584
1101624,1249640,165,0.822900,2584
1102312,1249640,164,0.821813,2584
1105760,1249640,164,0.816080,2584
1102160,1249640,165,0.821978,2584
1099296,1249640,165,0.826480,2584
1095384,1249640,165,0.832248,2584
1095704,1249640,164,0.831773,2600
1093016,1249640,164,0.835561,2600
1095616,1249640,164,0.831898,2600
1093048,1249640,165,0.835452,2600
1091720,1249640,166,0.837232,2600
1091920,1249640,165,0.836966,2600
1092584,1249640,164,0.836046,2624
1095840,1249640,164,0.831478,2624
1095112,1249640,165,0.832506,2624
1091304,1249640,165,0.837750,2624
1089304,1249640,166,0.840404,2576
1089136,1249640,167,0.840618,2576
1086248,1249640,167,0.844264,2576
1085616,1249640,167,0.845095,2568
1082408,1249640,167,0.848908,2568
1084760,1249640,166,0.846163,2576
1086584,1249640,165,0.843943,2600
1087680,1249640,164,0.842586,2608
1083840,1249640,165,0.847208,2608
1086184,1249640,165,0.844361,2608
1085128,1249640,165,0.845707,2592
1085464,1249640,164,0.845296,2600
1086680,1249640,164,0.843768,2600
1086696,1249640,163,0.843748,2600
1089048,1249640,163,0.840760,2600
1086040,1249640,163,0.844584,2568
1089976,1249640,163,0.839615,2568
1088544,1249640,162,0.841558,2568
1092624,1249640,162,0.836197,2568
1089360,1249640,162,0.840526,2568
1091784,1249640,162,0.837317,2568
1090504,1249640,162,0.839057,2568
1093136,1249640,162,0.835506,2568
1092240,1249640,162,0.836775,2568
1089280,1249640,163,0.840628,2568
1090952,1249640,163,0.838411,2568
1088872,1249640,164,0.841084,2568
1088768,1249640,165,0.841215,2568
1089160,1249640,164,0.840719,2568
1092728,1249640,164,0.835992,2568
1089176,1249640,164,0.812002,2568
1088936,1249640,164,0.812432,2568
1089496,1249640,163,0.811545,2600
1092696,1249640,163,0.806524,2600
1089840,1249640,163,0.811074,2568
1086776,1249640,164,0.815600,2568
1087560,1249640,163,0.814463,2568
1087352,1249640,163,0.814836,2568
1085072,1249640,164,0.818092,2568
1083008,1249640,164,0.821008,2568
1086480,1249640,164,0.816095,2568
1086992,1249640,163,0.815358,2568
1089504,1249640,163,0.811581,2568
1092960,1249640,163,0.806155,2568
1089704,1249640,163,0.811280,2568
1089208,1249640,164,0.812026,2568
1093152,1249640,164,0.805848,2568
1092648,1249640,164,0.806739,2560
1093088,1249640,163,0.806040,2560
1093592,1249640,162,0.805181,2592
1093288,1249640,163,0.805669,2592
1094768,1249640,163,0.803191,2592
1096256,1249640,163,0.800636,2592
1095160,1249640,163,0.802545,2592
1095672,1249640,162,0.801628,2632
1098760,1249640,162,0.796254,2632
1095944,1249640,162,0.801200,2616
1092704,1249640,162,0.806562,2616
1089120,1249640,163,0.812098,2608
1087856,1249640,163,0.814042,2608
1084848,1249640,164,0.818350,2608
1081520,1249640,164,0.822954,2608
1084336,1249640,164,0.819063,2608
1084616,1249640,163,0.818674,2608
1083872,1249640,164,0.819749,2576
1081752,1249640,164,0.822687,2576
1078376,1249640,165,0.827076,2576
1080648,1249640,165,0.824084,2576
1076960,1249640,166,0.828794,2576
1077728,1249640,165,0.827834,2576
1079768,1249640,164,0.825221,2584
1082032,1249640,164,0.822174,2584
1079344,1249640,165,0.825707,2584
1082320,1249640,165,0.821722,2584
1085168,1249640,165,0.817732,2584
1087584,1249640,165,0.814194,2584
1083504,1249640,165,0.820046,2584
1086128,1249640,165,0.816301,2584
1086856,1249640,164,0.815253,2584
1090944,1249640,163,0.809067,2632
1090784,1249640,164,0.809314,2632
1094864,1249640,164,0.802730,2632
1090872,1249640,164,0.809179,2632
1089632,1249640,164,0.811147,2632
1091832,1249640,163,0.807735,2648
1090992,1249640,164,0.809104,2608
1087552,1249640,164,0.814346,2608
1086104,1249640,165,0.816438,2608
1083272,1249640,165,0.820463,2608
1080648,1249640,164,0.824105,2608
1084368,1249640,164,0.819019,2608
1086584,1249640,163,0.815842,2640
1088688,1249640,162,0.812742,2656
1091488,1249640,162,0.808410,2656
1094856,1249640,161,0.803007,2664
1092880,1249640,162,0.806206,2664
1094232,1249640,162,0.803950,2664
1093192,1249640,162,0.805708,2664
1093768,1249640,161,0.804755,2680
1095288,1249640,160,0.802227,2704
1096816,1249640,160,0.799578,2704
1098560,1249640,160,0.796479,2704
1095192,1249640,161,0.802227,2704
1097968,1249640,161,0.797430,2704
1100752,1249640,161,0.792380,2704
1099792,1249640,161,0.794206,2704
1097592,1249640,161,0.798193,2688
1099168,1249640,161,0.795349,2688
1100816,1249640,161,0.792292,2688
1099136,1249640,162,0.795320,2688
1102760,1249640,162,0.788583,2688
1100104,1249640,161,0.793673,2688
1100480,1249640,160,0.792992,2688
1099416,1249640,160,0.794993,2688
1101848,1249640,159,0.790536,2704
1097800,1249640,160,0.797805,2704
1096360,1249640,161,0.800271,2704
1098608,1249640,161,0.796310,2704
1094728,1249640,162,0.802915,2704
1091160,1249640,162,0.808696,2704
1088072,1249640,162,0.813441,2704
1091568,1249640,161,0.808135,2704
1095320,1249640,161,0.802015,2704
1092848,1249640,161,0.806116,2704
1091408,1249640,162,0.808385,2704
1093960,1249640,162,0.804250,2704
1096640,1249640,162,0.799715,2704
1096128,1249640,163,0.800582,2704
1095344,1249640,162,0.802055,2704
1097440,1249640,162,0.798427,2704
1093616,1249640,162,0.804885,2704
1094368,1249640,161,0.803624,2728
1097896,1249640,161,0.797597,2728
1101944,1249640,160,0.790312,2728
1099848,1249640,160,0.794235,2728
1102232,1249640,160,0.789774,2728
1104232,1249640,160,0.785865,2728
1100616,1249640,160,0.792817,2696
1101784,1249640,159,0.790655,2704
1100976,1249640,160,0.792160,2696
1102928,1249640,160,0.788431,2696
1101376,1249640,161,0.791410,2656
1105232,1249640,160,0.783998,2680
1103296,1249640,161,0.787761,2680
1107360,1249640,161,0.779605,2680
1104912,1249640,161,0.784629,2680
1106432,1249640,161,0.781500,2680
1106256,1249640,162,0.781856,2680
1104128,1249640,163,0.786067,2680
1104552,1249640,162,0.785241,2680
1102512,1249640,163,0.789173,2672
1099624,1249640,163,0.794564,2672
1097960,1249640,163,0.797583,2672
1100920,1249640,162,0.792277,2688
1100592,1249640,163,0.792890,2680
1102904,1249640,163,0.788507,2680
1101552,1249640,162,0.791218,2680
1103112,1249640,162,0.788203,2680
1099480,1249640,162,0.794979,2680
1100504,1249640,161,0.793050,2728
1100216,1249640,162,0.793586,2720
1101696,1249640,161,0.790848,2736
1105216,1249640,161,0.784013,2736
1108592,1249640,161,0.777021,2736
1106528,1249640,161,0.781387,2736
1104696,1249640,162,0.785053,2728
1102312,1249640,163,0.789624,2728
1101840,1249640,163,0.790595,2728
1105904,1249640,163,0.782660,2728
1103528,1249640,164,0.787348,2712
1099824,1249640,164,0.794306,2712
1100752,1249640,163,0.792628,2712
1102704,1249640,163,0.788916,2712
1102368,1249640,164,0.789549,2712
1104624,1249640,163,0.785178,2736
1102984,1249640,163,0.788522,2688
1105376,1249640,162,0.783887,2688
1108400,1249640,162,0.777627,2688
1106856,1249640,162,0.780916,2688
1109552,1249640,162,0.775185,2688
1110264,1249640,162,0.773544,2688
1112216,1249640,162,0.769110,2688
1115784,1249640,162,0.760637,2688
1113384,1249640,163,0.766328,2688
1115280,1249640,162,0.761816,2704
1112864,1249640,162,0.767600,2704
1115256,1249640,161,0.761970,2712
1114832,1249640,161,0.763118,2704
1117432,1249640,161,0.756645,2704
1114840,1249640,161,0.763099,2704
1112720,1249640,160,0.745932,2704
1110096,1249640,160,0.752432,2704
1110488,1249640,159,0.751499,2704
1111856,1249640,158,0.748071,2752
1113712,1249640,157,0.743370,2776
1110264,1249640,157,0.751976,2776
1111744,1249640,156,0.748306,2816
1110504,1249640,156,0.751423,2816
1111248,1249640,155,0.749535,2856
1107336,1249640,155,0.758788,2856
1103696,1249640,156,0.766710,2856
1104608,1249640,155,0.764672,2904
1107656,1249640,155,0.757848,2904
1107520,1249640,156,0.758156,2904
1109624,1249640,156,0.753188,2904
1105560,1249640,157,0.762405,2904
1105800,1249640,156,0.761880,2904
1105480,1249640,157,0.762580,2904
1107584,1249640,157,0.757794,2904
1103672,1249640,157,0.766457,2904
1102536,1249640,157,0.768928,2904
1106008,1249640,157,0.761423,2904
1105704,1249640,157,0.762196,2904
1108440,1249640,157,0.755947,2904
1104424,1249640,157,0.764963,2904
1103056,1249640,158,0.767949,2856
1100000,1249640,158,0.774239,2856
1103432,1249640,158,0.767164,2856
1100472,1249640,158,0.773304,2856
1102432,1249640,158,0.769242,2856
1103920,1249640,158,0.766034,2856
1102056,1249640,158,0.770046,2840
1101864,1249640,159,0.770455,2832
1104272,1249640,159,0.765338,2832
1100368,1249640,159,0.773463,2832
1098832,1249640,159,0.776564,2832
1102160,1249640,159,0.769850,2832
1100216,1249640,160,0.773765,2832
1102624,1249640,160,0.768796,2832
1104304,1249640,160,0.765167,2832
1100696,1249640,160,0.772714,2832
1104016,1249640,160,0.765780,2832
1100456,1249640,160,0.773193,2832
1101696,1249640,160,0.770601,2832
1098632,1249640,160,0.776765,2832
1100360,1249640,160,0.773288,2832
1104056,1249640,160,0.765593,2832
1107624,1249640,160,0.757648,2832
1106632,1249640,159,0.760095,2832
1105816,1249640,160,0.761898,2832
1109336,1249640,160,0.753809,2832
1111648,1249640,160,0.748149,2832
1109448,1249640,160,0.753546,2832
1112624,1249640,160,0.745732,2832
1109000,1249640,161,0.754482,2832
1104952,1249640,162,0.763570,2832
1106768,1249640,161,0.759577,2832
1107296,1249640,160,0.758355,2848
1110936,1249640,160,0.749729,2848
1108880,1249640,160,0.754724,2848
1106184,1249640,160,0.760947,2848
1108904,1249640,160,0.754668,2848
1104952,1249640,160,0.763639,2848
1106432,1249640,160,0.760291,2848
1104992,1249640,160,0.763553,2848
1102832,1249640,160,0.768232,2848
1102416,1249640,161,0.769093,2848
1100048,1249640,162,0.773891,2840
1103288,1249640,162,0.767197,2840
1100936,1249640,162,0.772122,2840
1104560,1249640,162,0.764500,2840
1102920,1249640,162,0.768066,2840
1100136,1249640,162,0.773812,2840
1098360,1249640,162,0.777364,2840
1102240,1249640,162,0.769571,2840
1098832,1249640,162,0.776456,2840
1101736,1249640,161,0.770650,2864
1102840,1249640,160,0.768382,2864
1103232,1249640,159,0.767566,2864
1102944,1249640,158,0.768382,2856
1105536,1249640,158,0.762772,2856
1103640,1249640,159,0.766861,2840
1107008,1249640,159,0.759452,2840
1103832,1249640,160,0.766440,2800
1105152,1249640,159,0.763553,2832
1106376,1249640,158,0.760876,2832
1110368,1249640,158,0.790408,2832
1110256,1249640,159,0.790633,2832
1113752,1249640,159,0.818471,2832
1116688,1249640,159,0.812925,2832
1120352,1249640,159,0.845040,2832
1117112,1249640,159,0.850280,2832
1115752,1249640,159,0.852416,2832
1118680,1249640,159,0.847826,2832
1115704,1249640,159,0.852488,2832
1116000,1249640,158,0.852045,2832
1118448,1249640,157,0.848245,2848
1117360,1249640,158,0.849946,2848
1113640,1249640,157,0.855647,2832
1110120,1249640,157,0.860579,2832
1111552,1249640,156,0.858630,2840
1112888,1249640,156,0.856704,2840
1116928,1249640,156,0.850697,2840
1114496,1249640,157,0.854342,2832
1114104,1249640,158,0.854911,2832
1116112,1249640,158,0.851876,2832
1117224,1249640,157,0.850181,2832
1114608,1249640,157,0.854248,2784
1115584,1249640,156,0.852810,2784
1114104,1249640,156,0.855107,2744
1114480,1249640,155,0.854563,2744
1113480,1249640,156,0.856001,2744
1112240,1249640,157,0.857768,2728
1115744,1249640,156,0.852691,2752
1117848,1249640,155,0.849413,2800
1117080,1249640,156,0.850599,2800
1117120,1249640,155,0.850538,2800
1115152,1249640,155,0.853568,2800
1114128,1249640,156,0.855130,2752
1111440,1249640,157,0.858904,2752
1110936,1249640,158,0.859633,2720
1114584,1249640,158,0.854447,2720
1112000,1249640,158,0.858178,2720
1114720,1249640,158,0.854248,2720
1113888,1249640,158,0.855521,2720
1115800,1249640,157,0.852727,2720
1113544,1249640,158,0.856047,2696
1115648,1249640,158,0.852917,2696
1118424,1249640,158,0.848598,2696
1117304,1249640,159,0.850354,2688
1117672,1249640,158,0.849785,2688
1117120,1249640,159,0.850648,2680
1120760,1249640,159,0.884094,2680
1123408,1249640,158,0.880674,2720
1124624,1249640,157,0.879060,2720
1121944,1249640,157,0.882622,2720
1118872,1249640,158,0.886390,2720
1118136,1249640,158,0.887313,2720
1122208,1249640,158,0.926895,2720
1120296,1249640,159,0.928377,2720
1121128,1249640,158,0.927734,2728
1119656,1249640,158,0.928920,2688
1117856,1249640,159,0.930254,2672
1114488,1249640,159,0.932631,2672
1115736,1249640,158,0.931776,2680
1112832,1249640,158,0.933768,2656
1109440,1249640,157,0.935959,2656
1111680,1249640,157,0.934538,2656
1115344,1249640,157,0.932094,2656
1119312,1249640,156,0.929248,2688
1115728,1249640,156,0.931842,2688
1118744,1249640,155,0.929667,2736
1121704,1249640,154,0.927404,2768
1123968,1249640,154,0.925553,2768
1122992,1249640,155,0.926346,2768
1121672,1249640,156,0.927417,2736
1118016,1249640,157,0.930161,2736
1120464,1249640,157,0.928311,2736
1123632,1249640,157,0.925776,2736
1121952,1249640,157,0.927160,2736
1125104,1249640,157,0.924555,2736
1122592,1249640,158,0.926628,2720
1122712,1249640,157,0.926532,2720
1125816,1249640,157,0.923923,2720
1127728,1249640,156,0.922248,2720
1125416,1249640,156,0.924305,2720
1127688,1249640,156,0.922284,2720
1124472,1249640,155,0.925164,2688
1122512,1249640,155,0.926793,2688
1119776,1249640,155,0.928938,2688
1116600,1249640,156,0.931237,2688
1118760,1249640,156,0.929655,2688
1121824,1249640,155,0.927329,2696
1119008,1249640,156,0.929467,2696
1121736,1249640,156,0.927360,2696
1123848,1249640,156,0.925632,2696
1124896,1249640,155,0.924744,2720
1123872,1249640,156,0.925593,2720
1121520,1249640,157,0.927473,2720
1125512,1249640,157,0.924183,2720
1127920,1249640,157,0.922032,2720
1124728,1249640,156,0.924884,2720
1122744,1249640,157,0.926506,2720
1120320,1249640,158,0.928396,2720
1117632,1249640,158,0.930415,2720
1116608,1249640,158,0.931181,2712
1119096,1249640,158,0.929355,2712
1116496,1249640,158,0.931259,2712
1119928,1249640,158,0.928734,2712
1118112,1249640,158,0.930109,2712
1121632,1249640,158,0.927429,2712
1123336,1249640,157,0.926036,2760
1121176,1249640,157,0.927783,2760
1121432,1249640,156,0.927579,2768
1117480,1249640,156,0.930558,2768
1113920,1249640,155,0.933074,2768
1117168,1249640,154,0.930831,2792
1119224,1249640,153,0.929331,2808
1120056,1249640,152,0.928698,2824
1117608,1249640,152,0.930529,2824
1118680,1249640,151,0.929725,2864
1115144,1249640,151,0.932252,2864
1114904,1249640,152,0.932415,2864
1116664,1249640,152,0.931169,2864
1117984,1249640,151,0.930208,2896
1114384,1249640,151,0.932744,2896
1115968,1249640,151,0.931632,2896
1116792,1249640,150,0.931040,2920
1117552,1249640,149,0.930483,2944
1116736,1249640,148,0.931130,2944
1118720,1249640,147,0.929708,2944
1115672,1249640,147,0.931903,2944
1114984,1249640,148,0.932393,2912
1117144,1249640,148,0.930865,2912
1119392,1249640,148,0.929201,2912
1115728,1249640,149,0.931820,2912
1113072,1249640,148,0.933663,2912
1117000,1249640,148,0.930967,2912
1118224,1249640,148,0.930057,2912
1116912,1249640,147,0.931074,2896
1116360,1249640,147,0.931516,2864
1117888,1249640,146,0.930403,2912
1114024,1249640,147,0.933069,2912
1116848,1249640,146,0.931108,2960
1120096,1249640,146,0.928710,2960
1117832,1249640,146,0.930409,2960
1121688,1249640,145,0.927523,2968
1118960,1249640,145,0.929620,2968
1115320,1249640,145,0.926203,2968
1115808,1249640,144,0.925839,2968
1112088,1249640,145,0.928521,2968
1110968,1249640,145,0.929324,2968
1107424,1249640,146,0.931653,2968
1108784,1249640,146,0.930746,2968
1106304,1249640,145,0.932387,2968
1102664,1249640,145,0.934605,2968
1102856,1249640,144,0.934488,2976
1102880,1249640,143,0.934474,2976
1101576,1249640,144,0.935227,2976
1100056,1249640,145,0.936096,2952
1103232,1249640,145,0.934254,2952
1100344,1249640,145,0.935936,2952
1098072,1249640,145,0.937205,2952
1094600,1249640,145,0.939038,2952
1093624,1249640,145,0.939563,2928
1095488,1249640,144,0.938611,2952
1095848,1249640,143,0.938425,2952
1094144,1249640,143,0.939328,2928
1097808,1249640,143,0.937411,2928
1095160,1249640,143,0.938815,2928
1093600,1249640,143,0.939623,2928
1093040,1249640,144,0.939915,2896
1096632,1249640,143,0.938098,2896
1099976,1249640,143,0.936278,2896
1102576,1249640,143,0.934781,2896
1103824,1249640,143,0.934023,2896
1105496,1249640,142,0.933003,2920
1101848,1249640,142,0.935186,2920
1104832,1249640,141,0.933420,2944
1104872,1249640,140,0.933396,2944
1101144,1249640,141,0.935572,2944
1104496,1249640,141,0.933593,2944
1102336,1249640,141,0.934892,2944
1104648,1249640,141,0.933502,2944
1101552,1249640,142,0.935314,2944
1104088,1249640,141,0.933823,2968
1102328,1249640,141,0.934883,2968
1106384,1249640,141,0.932426,2968
1106672,1249640,140,0.932242,2976
1110168,1249640,140,0.929954,2976
1113440,1249640,140,0.927666,2976
1113192,1249640,140,0.927876,2976
1111088,1249640,140,0.929367,2976
1110768,1249640,141,0.929595,2960
1110568,1249640,142,0.929729,2960
1108656,1249640,143,0.930990,2960
1108768,1249640,142,0.930918,2960
1109064,1249640,141,0.930715,2976
1106728,1249640,141,0.932242,2968
1105048,1249640,142,0.933295,2936
1108464,1249640,142,0.931130,2936
1108640,1249640,141,0.931016,2936
1109416,1249640,140,0.930500,2952
1112384,1249640,140,0.928460,2952
1113008,1249640,139,0.928018,2960
1110032,1249640,140,0.930056,2960
1112832,1249640,139,0.928130,2976
1109808,1249640,139,0.930225,2976
1110856,1249640,139,0.929492,2976
1110600,1249640,140,0.929670,2968
1110984,1249640,139,0.929411,2968
1108712,1249640,139,0.914382,2920
1106920,1249640,139,0.915836,2920
1107488,1249640,138,0.915380,2936
1104936,1249640,138,0.917373,2936
1101288,1249640,139,0.920017,2936
1099040,1249640,139,0.921596,2936
1102848,1249640,139,0.918907,2936
1103784,1249640,138,0.918197,2976
1106768,1249640,138,0.915911,2976
1107504,1249640,138,0.915298,2976
1106680,1249640,139,0.915960,2952
1103152,1249640,139,0.918641,2952
1104800,1249640,139,0.917391,2952
1102984,1249640,140,0.918728,2952
1102368,1249640,139,0.919246,2944
1104304,1249640,138,0.917838,2944
1105688,1249640,138,0.916764,2944
1104200,1249640,139,0.917879,2944
1105976,1249640,138,0.916514,2984
1102256,1249640,139,0.919263,2984
1101856,1249640,140,0.919548,2984
1098608,1249640,141,0.921789,2984
1097824,1249640,141,0.922343,2984
1094864,1249640,142,0.924252,2984
1091392,1249640,142,0.926404,2984
1092928,1249640,142,0.925451,2984
1089496,1249640,142,0.927513,2984
1089952,1249640,141,0.927250,2984
1093184,1249640,140,0.925314,3000
1095672,1249640,139,0.923751,3016
1098520,1249640,139,0.921859,3016
1102360,1249640,139,0.919166,3016
1101504,1249640,140,0.919780,3008
1097472,1249640,141,0.922528,3008
1099584,1249640,141,0.921080,3008
1099408,1249640,142,0.921200,3008
1103096,1249640,141,0.918583,3040
1103696,1249640,140,0.918145,3040
1107120,1249640,140,0.915512,3040
1104688,1249640,141,0.917385,3024
1105288,1249640,140,0.916934,3024
1103184,1249640,141,0.918531,2976
1107096,1249640,141,0.915543,2976
1106720,1249640,142,0.915836,2976
1107760,1249640,142,0.914982,2976
1107184,1249640,143,0.915437,2976
1106216,1249640,144,0.916189,2976
1103104,1249640,145,0.918519,2976
1105952,1249640,145,0.916355,2976
1108784,1249640,145,0.914085,2976
1111072,1249640,145,0.912152,2976
1109216,1249640,146,0.913715,2952
1111656,1249640,145,0.911669,2960
1114128,1249640,144,0.909502,2960
1113432,1249640,144,0.910208,2912
1113744,1249640,143,0.909924,2920
1112672,1249640,143,0.910910,2920
1108792,1249640,142,0.909351,2920
1107504,1249640,142,0.910475,2920
1104352,1249640,142,0.913059,2920
1107872,1249640,142,0.910168,2920
1104664,1249640,143,0.912776,2920
1101480,1249640,144,0.915218,2920
1102664,1249640,144,0.914290,2920
1106712,1249640,144,0.911050,2920
1109960,1249640,144,0.908260,2920
1105880,1249640,144,0.911728,2920
1103480,1249640,145,0.913626,2920
1104560,1249640,145,0.912744,2920
1105808,1249640,145,0.911709,2920
1104472,1249640,145,0.912814,2920
1105264,1249640,144,0.912172,2936
1105656,1249640,143,0.911857,2936
1107792,1249640,142,0.910088,2952
1103752,1249640,143,0.913353,2952
1106448,1249640,143,0.911162,2952
1103136,1249640,144,0.913793,2952
1106656,1249640,144,0.910952,2952
1103568,1249640,145,0.913421,2952
1107256,1249640,145,0.910416,2952
1107216,1249640,146,0.910449,2952
1109200,1249640,146,0.908726,2952
1105680,1249640,147,0.911670,2952
1108712,1249640,147,0.909105,2952
1105384,1249640,148,0.911870,2952
1108096,1249640,148,0.909589,2952
1104720,1249640,148,0.912402,2952
1102024,1249640,148,0.914533,2952
1105120,1249640,148,0.912082,2952
1108776,1249640,148,0.909009,2952
1104688,1249640,149,0.912427,2904
1106952,1249640,149,0.910549,2904
1104176,1249640,149,0.889034,2904
1106240,1249640,149,0.886873,2904
1104136,1249640,150,0.889042,2888
1105680,1249640,150,0.887421,2888
1103360,1249640,150,0.889846,2856
1106944,1249640,150,0.886134,2856
1104128,1249640,151,0.889034,2856
1108040,1249640,151,0.884913,2856
1105264,1249640,152,0.887833,2856
1108152,1249640,151,0.884774,2872
1104184,1249640,151,0.888993,2840
1106560,1249640,151,0.886505,2840
1104736,1249640,152,0.888388,2840
1105792,1249640,152,0.887256,2840
1102752,1249640,152,0.890366,2840
1104024,1249640,152,0.889058,2840
1101248,1249640,152,0.891819,2840
1101736,1249640,151,0.891344,2848
1100512,1249640,152,0.892509,2848
1099704,1249640,153,0.893280,2832
1101880,1249640,153,0.891175,2832
1100232,1249640,152,0.892832,2832
1097904,1249640,152,0.895011,2832
1100288,1249640,152,0.892780,2832
1101624,1249640,152,0.891467,2832
1103712,1249640,151,0.889394,2864
1101328,1249640,151,0.891766,2864
1105192,1249640,151,0.887898,2864
1101840,1249640,151,0.891275,2864
1098160,1249640,152,0.894708,2864
1095312,1249640,152,0.897261,2864
1095632,1249640,151,0.896978,2872
1091768,1249640,151,0.900254,2872
1095432,1249640,150,0.897178,2888
1099264,1249640,150,0.893723,2888
1096592,1249640,151,0.896127,2888
1099248,1249640,150,0.893723,2904
1102864,1249640,150,0.890240,2904
1099760,1249640,150,0.893250,2904
1099144,1249640,151,0.893833,2888
1100440,1249640,151,0.892585,2888
1100584,1249640,150,0.892449,2888
1099752,1249640,151,0.893242,2872
1095680,1249640,150,0.826729,2872
1091808,1249640,150,0.832250,2872
1094456,1249640,150,0.828492,2872
1096560,1249640,150,0.825369,2872
1097552,1249640,149,0.823879,2880
1095240,1249640,149,0.827355,2880
1091664,1249640,150,0.832370,2880
1091136,1249640,151,0.833107,2864
1088520,1249640,151,0.836626,2864
1090080,1249640,151,0.834520,2864
1086328,1249640,151,0.839412,2864
1090200,1249640,151,0.834361,2864
1087760,1249640,152,0.837552,2856
1090744,1249640,152,0.833581,2856
1088680,1249640,152,0.836367,2856
1086328,1249640,151,0.839492,2848
1085336,1249640,152,0.840731,2840
1086696,1249640,152,0.838981,2840
1089088,1249640,152,0.835857,2840
1091672,1249640,152,0.832348,2840
1089912,1249640,153,0.834743,2816
1092056,1249640,153,0.831790,2816
1091480,1249640,154,0.832598,2800
1095112,1249640,154,0.827448,2800
1092016,1249640,154,0.831867,2800
1090968,1249640,154,0.833355,2800
1087480,1249640,155,0.837919,2800
1085008,1249640,156,0.841006,2800
1087336,1249640,156,0.838041,2800
1089888,1249640,156,0.834668,2800
1093040,1249640,156,0.830319,2800
1095088,1249640,156,0.827344,2800
1093816,1249640,155,0.829297,2800
1091528,1249640,156,0.832478,2792
1091568,1249640,155,0.832424,2792
1094016,1249640,154,0.829003,2808
1097544,1249640,154,0.823783,2808
1101072,1249640,154,0.818233,2808
1098808,1249640,154,0.821860,2808
1102464,1249640,154,0.815977,2808
1102440,1249640,155,0.816017,2808
1105088,1249640,155,0.811486,2808
1104168,1249640,156,0.813125,2768
1104224,1249640,155,0.813030,2768
1107472,1249640,155,0.807276,2768
1105064,1249640,155,0.811596,2768
1104008,1249640,155,0.813476,2768
1101136,1249640,156,0.818195,2768
1103192,1249640,155,0.814802,2792
1104856,1249640,154,0.811912,2840
1103224,1249640,155,0.814668,2840
1104520,1249640,154,0.812445,2864
1101272,1249640,154,0.817899,2864
1104728,1249640,154,0.812090,2864
1105664,1249640,153,0.810434,2888
1101824,1249640,153,0.816969,2888
1099496,1249640,153,0.820746,2888
1097392,1249640,153,0.824035,2888
1098528,1249640,153,0.822241,2888
1100072,1249640,153,0.819769,2888
1103560,1249640,153,0.814027,2888
1103184,1249640,154,0.814655,2888
1101488,1249640,155,0.817436,2888
1105568,1249640,155,0.810517,2888
1102920,1249640,154,0.815173,2888
1106088,1249640,154,0.809692,2888
1109312,1249640,154,0.803772,2888
1107224,1249640,155,0.807649,2856
1110016,1249640,154,0.802465,2880
1107088,1249640,153,0.808021,2880
1108272,1249640,153,0.805796,2880
1105032,1249640,153,0.811624,2880
1101512,1249640,154,0.817487,2880
1102584,1249640,154,0.815662,2880
1099736,1249640,154,0.820309,2880
1099312,1249640,155,0.820970,2880
1103256,1249640,155,0.814549,2880
1102216,1249640,155,0.816344,2880
1099560,1249640,156,0.820609,2864
1101504,1249640,156,0.817449,2864
1102744,1249640,156,0.815345,2864
1099216,1249640,156,0.821069,2864
1098288,1249640,157,0.822497,2864
1101128,1249640,156,0.818002,2896
1098288,1249640,156,0.822583,2856
1101872,1249640,156,0.816865,2856
1099320,1249640,157,0.820920,2856
1103136,1249640,157,0.814708,2856
1102440,1249640,157,0.815951,2848
1101080,1249640,157,0.818233,2848
1104712,1249640,157,0.812145,2848
1102296,1249640,157,0.816265,2848
1105784,1249640,156,0.810322,2880
1107488,1249640,155,0.807218,2928
1110776,1249640,155,0.801018,2928
1110264,1249640,155,0.802162,2888
1109600,1249640,155,0.803548,2864
1106632,1249640,156,0.808945,2864
1103968,1249640,156,0.813624,2864
1107240,1249640,155,0.807936,2872
1107712,1249640,154,0.807045,2896
1107688,1249640,155,0.807088,2896
1109488,1249640,155,0.803698,2896
1111248,1249640,155,0.800263,2896
1110400,1249640,155,0.801995,2888
1106456,1249640,156,0.809214,2888
1104744,1249640,157,0.812227,2864
1107776,1249640,156,0.806872,2880
1107464,1249640,157,0.807448,2872
1108144,1249640,156,0.806190,2888
1109256,1249640,156,0.804056,2888
1109552,1249640,155,0.803503,2888
1108384,1249640,156,0.805679,2880
1110072,1249640,155,0.802450,2928
1108088,1249640,155,0.806219,2928
1108800,1249640,154,0.804900,2936
1110264,1249640,153,0.802162,2936
1108264,1249640,154,0.805884,2936
1106384,1249640,154,0.809369,2920
1103752,1249640,155,0.813893,2920
1105504,1249640,155,0.810823,2920
1103360,1249640,156,0.814469,2920
1101536,1249640,155,0.817655,2896
1100824,1249640,154,0.818947,2896
1098816,1249640,154,0.822155,2896
1101760,1249640,153,0.817487,2920
1100856,1249640,154,0.818947,2912
1101568,1249640,154,0.817732,2912
1104976,1249640,154,0.811994,2912
1101904,1249640,155,0.817112,2912
1099664,1249640,156,0.820671,2912
1096264,1249640,156,0.825887,2912
1097488,1249640,156,0.823999,2912
1100856,1249640,156,0.818718,2912
1101616,1249640,156,0.817423,2912
1104960,1249640,156,0.811775,2912
1107512,1249640,155,0.807290,2912
1105768,1249640,155,0.810461,2912
1108640,1249640,154,0.805268,2944
1104712,1249640,155,0.812227,2944
1107744,1249640,154,0.806828,2984
1107280,1249640,154,0.807750,2984
1110808,1249640,154,0.801125,2984
1110976,1249640,153,0.800803,2984
1111472,1249640,152,0.799829,2992
1114784,1249640,152,0.793087,2992
1113096,1249640,153,0.796626,2944
1115616,1249640,153,0.791347,2944
1111720,1249640,153,0.799347,2944
1115224,1249640,153,0.792170,2944
1119112,1249640,153,0.783593,2944
1117872,1249640,153,0.786477,2944
1114672,1249640,153,0.793418,2944
1113896,1249640,154,0.795043,2928
1112552,1249640,154,0.797837,2928
1113376,1249640,153,0.796112,2968
1113496,1249640,152,0.795870,2968
1112528,1249640,153,0.797806,2968
1116336,1249640,153,0.789868,2968
1115784,1249640,154,0.791127,2928
1115184,1249640,155,0.792388,2928
1118152,1249640,154,0.785981,2936
1116400,1249640,155,0.789800,2936
1112976,1249640,155,0.796978,2936
1109936,1249640,155,0.802963,2936
1112840,1249640,155,0.797250,2936
1114888,1249640,155,0.792987,2936
1118904,1249640,155,0.784191,2936
1119520,1249640,154,0.782755,2952
1116688,1249640,154,0.789147,2952
1118632,1249640,154,0.784767,2952
1122040,1249640,154,0.776720,2952
1121704,1249640,155,0.777548,2944
1120432,1249640,156,0.780556,2944
1122408,1249640,156,0.775730,2944
1118464,1249640,156,0.785054,2944
1121240,1249640,155,0.778579,2976
1120328,1249640,156,0.780836,2928
1123176,1249640,156,0.773883,2928
1122736,1249640,156,0.775085,2928
1121192,1249640,156,0.778920,2928
1119712,1249640,156,0.782480,2928
1116680,1249640,156,0.789319,2928
1118560,1249640,156,0.785090,2928
1116504,1249640,157,0.789628,2912
1118696,1249640,157,0.784713,2912
1121064,1249640,157,0.779147,2912
1121896,1249640,156,0.777087,2944
1117808,1249640,157,0.786512,2944
1118744,1249640,156,0.784425,2944
1121024,1249640,156,0.779053,2944
1124312,1249640,156,0.770870,2944
1127112,1249640,156,0.763390,2944
1125896,1249640,155,0.766896,2944
1128440,1249640,155,0.759866,2944
1127032,1249640,155,0.763866,2944
1124000,1249640,156,0.771883,2904
1121016,1249640,157,0.779223,2880
1123368,1249640,157,0.773406,2880
1126568,1249640,157,0.802004,2880
1130288,1249640,157,0.837948,2880
1128144,1249640,158,0.841978,2880
1129368,1249640,157,0.839672,2896
1125512,1249640,158,0.846646,2888
1127664,1249640,158,0.842752,2888
1124600,1249640,159,0.848136,2880
1123504,1249640,159,0.850062,2872
1121472,1249640,159,0.853417,2872
1124632,1249640,159,0.848177,2872
1123752,1249640,160,0.849651,2872
1121504,1249640,160,0.853367,2872
1122808,1249640,160,0.851201,2872
1121736,1249640,160,0.853063,2832
1121208,1249640,160,0.853995,2816
1122440,1249640,159,0.851977,2856
1121144,1249640,160,0.854033,2856
1123432,1249640,160,0.850286,2856
1121136,1249640,161,0.853970,2856
1121744,1249640,160,0.853012,2856
1124224,1249640,160,0.848891,2856
1126792,1249640,160,0.844375,2856
1124520,1249640,159,0.848474,2856
1121920,1249640,159,0.852809,2856
1121192,1249640,159,0.854033,2856
1124216,1249640,159,0.849065,2856
1120528,1249640,159,0.855064,2856
1117520,1249640,160,0.859616,2816
1121536,1249640,160,0.897187,2816
1121144,1249640,161,0.897618,2816
1124920,1249640,160,0.893275,2840
1128184,1249640,160,0.927571,2840
1127080,1249640,160,0.928526,2840
1126368,1249640,161,0.929110,2832
1128152,1249640,160,0.927638,2840
1125744,1249640,160,0.929640,2840
1124280,1249640,160,0.930818,2840
1120864,1249640,161,0.933339,2840
1121440,1249640,160,0.932927,2840
1123576,1249640,159,0.931347,2848
1122328,1249640,160,0.932281,2840
1119392,1249640,160,0.934403,2840
1116216,1249640,161,0.936520,2840
1120024,1249640,161,0.963878,2840
1122256,1249640,161,0.962985,2840
1119096,1249640,161,0.938175,2840
1120320,1249640,160,0.937351,2872
1122832,1249640,160,0.935602,2872
1118896,1249640,161,0.938253,2872
1117320,1249640,161,0.939284,2872
1114928,1249640,162,0.940747,2864
1115240,1249640,161,0.940561,2864
1112672,1249640,161,0.942086,2864
1113960,1249640,160,0.941340,2872
1116008,1249640,159,0.940117,2880
1117552,1249640,159,0.939134,2880
1116640,1249640,159,0.939735,2872
1120496,1249640,159,0.937234,2872
1122040,1249640,159,0.936154,2872
1117944,1249640,159,0.938892,2872
1119816,1249640,159,0.937653,2872
1120624,1249640,158,0.937095,2904
1117216,1249640,158,0.939329,2904
1116528,1249640,157,0.939814,2904
1113096,1249640,157,0.941876,2904
1110672,1249640,157,0.943257,2904
1113816,1249640,156,0.941470,2936
1110072,1249640,157,0.943565,2936
1106016,1249640,157,0.945695,2936
1104152,1249640,157,0.946645,2912
1105336,1249640,156,0.946057,2936
1101392,1249640,156,0.947955,2936
1097872,1249640,156,0.949542,2936
1100320,1249640,155,0.948453,2960
1100808,1249640,154,0.948232,2960
1100424,1249640,154,0.948428,2960
1103920,1249640,154,0.946780,2960
1107752,1249640,154,0.944851,2960
1104960,1249640,154,0.946276,2960
1100880,1249640,155,0.948200,2960
1100536,1249640,155,0.948377,2960
1101544,1249640,154,0.947918,2960
1103040,1249640,153,0.947218,2968
1105664,1249640,153,0.945926,2968
1102344,1249640,154,0.947522,2968
1105424,1249640,154,0.946021,2968
1106560,1249640,153,0.945434,3008
1104136,1249640,154,0.946630,3008
1103112,1249640,155,0.947142,2960
1104112,1249640,154,0.946657,2976
1102384,1249640,154,0.947499,2976
1104896,1249640,154,0.946276,2976
1107640,1249640,154,0.944876,2976
1109096,1249640,154,0.944091,2976
1111360,1249640,154,0.942839,2976
1109584,1249640,155,0.943827,2936
1111544,1249640,155,0.942733,2936
1112256,1249640,155,0.942308,2936
1112912,1249640,154,0.941935,2936
1110792,1249640,154,0.943170,2896
1110680,1249640,154,0.943257,2896
1108784,1249640,154,0.944298,2896
1110360,1249640,154,0.943431,2896
1114008,1249640,154,0.941354,2896
1116584,1249640,154,0.939785,2896
1117936,1249640,153,0.938938,2904
1117928,1249640,153,0.938973,2904
1119184,1249640,152,0.938144,2944
1118464,1249640,153,0.938613,2936
1115128,1249640,154,0.940670,2936
1116384,1249640,154,0.939883,2936
1118984,1249640,154,0.938217,2936
1122136,1249640,154,0.936076,2936
1122720,1249640,153,0.935669,2936
1119472,1249640,154,0.937884,2912
1121304,1249640,153,0.936631,2960
1118672,1249640,153,0.938402,2960
1118976,1249640,152,0.938201,2968
1117720,1249640,153,0.939028,2928
1120160,1249640,152,0.937442,2944
1118488,1249640,152,0.938577,2920
1115640,1249640,151,0.940402,2920
1117808,1249640,151,0.939038,2920
1115544,1249640,150,0.940489,2920
1116784,1249640,150,0.939706,2920
1117896,1249640,150,0.938983,2920
1115960,1249640,151,0.940180,2920
1116720,1249640,151,0.939686,2920
1115288,1249640,152,0.940561,2912
1114296,1249640,153,0.941176,2864
1116184,1249640,152,0.940020,2912
1120104,1249640,152,0.937500,2912
1116112,1249640,152,0.940063,2912
1118696,1249640,151,0.938418,2960
1115240,1249640,152,0.940561,2960
1116784,1249640,152,0.939592,2960
1116616,1249640,152,0.939726,2960
1115792,1249640,153,0.940233,2952
1113312,1249640,153,0.941725,2952
1110888,1249640,153,0.943113,2952
1111800,1249640,152,0.942608,2952
1111720,1249640,153,0.942653,2952
1111224,1249640,153,0.942954,2952
1114432,1249640,153,0.941101,2952
1115160,1249640,152,0.940670,2952
1116360,1249640,152,0.939917,2952
1115560,1249640,153,0.940407,2944
1117024,1249640,153,0.939483,2944
1114280,1249640,153,0.941167,2944
1115840,1249640,153,0.940209,2944
1111920,1249640,153,0.942519,2944
1109200,1249640,153,0.944027,2944
1109288,1249640,152,0.943981,2944
1110672,1249640,152,0.943209,2944
1112392,1249640,152,0.942226,2944
1115448,1249640,151,0.940436,2960
1112072,1249640,152,0.942398,2960
1109728,1249640,152,0.943711,2960
1106008,1249640,153,0.945639,2960
1106864,1249640,152,0.945199,2976
1106008,1249640,153,0.945631,2976
1107696,1249640,153,0.944748,2976
1110144,1249640,153,0.943427,2976
1109464,1249640,154,0.943801,2960
1106504,1249640,155,0.945350,2944
1108544,1249640,155,0.944272,2944
1107016,1249640,156,0.945089,2896
1105680,1249640,156,0.945811,2848
1109392,1249640,155,0.943895,2856
1109080,1249640,156,0.944061,2856
1106720,1249640,157,0.945309,2808
1105424,1249640,158,0.945970,2784
1107824,1249640,157,0.944752,2792
1103776,1249640,158,0.946769,2792
1100728,1249640,158,0.948214,2792
1102736,1249640,158,0.947263,2792
1100536,1249640,158,0.948301,2792
1099304,1249640,159,0.948871,2752
1098992,1249640,160,0.949008,2752
1098488,1249640,161,0.949233,2744
1094472,1249640,161,0.950947,2744
1094528,1249640,160,0.950924,2744
1097176,1249640,160,0.949799,2744
1097696,1249640,159,0.949576,2744
1100200,1249640,159,0.948453,2744
1103048,1249640,159,0.947116,2744
1099216,1249640,159,0.948892,2744
1096784,1249640,160,0.949946,2744
1098528,1249640,160,0.949174,2744
1097488,1249640,160,0.940366,2744
1098776,1249640,159,0.939699,2752
1100120,1249640,158,0.938988,2760
1101784,1249640,158,0.938063,2760
1102328,1249640,157,0.937740,2800
1104888,1249640,157,0.936260,2800
1105872,1249640,156,0.935683,2800
1106544,1249640,155,0.935269,2824
1105064,1249640,156,0.936153,2808
1101256,1249640,156,0.938325,2808
1100320,1249640,157,0.938843,2784
1100440,1249640,156,0.938778,2784
1101008,1249640,155,0.938464,2800
1100712,1249640,156,0.938624,2800
1103208,1249640,156,0.937222,2800
1102184,1249640,157,0.937816,2760
1103936,1249640,157,0.936804,2760
1105280,1249640,157,0.935999,2760
1103528,1249640,157,0.937036,2760
1104504,1249640,156,0.936455,2800
1104176,1249640,157,0.936648,2792
1108128,1249640,157,0.934266,2792
1110224,1249640,157,0.932914,2792
1108744,1249640,158,0.933853,2792
1109112,1249640,157,0.933622,2792
1105840,1249640,158,0.935622,2792
1104656,1249640,159,0.936316,2792
1106992,1249640,159,0.934902,2792
1104824,1249640,159,0.936218,2792
1104352,1249640,160,0.936506,2768
1103120,1249640,159,0.937262,2768
1101064,1249640,159,0.938446,2728
1100016,1249640,160,0.939022,2704
1099648,1249640,160,0.939242,2704
1098104,1249640,160,0.940071,2704
1094040,1249640,161,0.942089,2704
1091104,1249640,161,0.943485,2704
1089560,1249640,161,0.944203,2704
1090840,1249640,160,0.943627,2704
1094672,1249640,160,0.941807,2704
1096904,1249640,160,0.940681,2704
1095440,1249640,161,0.941409,2704
1098048,1249640,161,0.940075,2704
1100328,1249640,161,0.938855,2704
1100528,1249640,160,0.938748,2704
1096816,1249640,161,0.940681,2696
1100784,1249640,161,0.938589,2696
1101424,1249640,160,0.938242,2696
1103480,1249640,160,0.937073,2696
1104656,1249640,159,0.936395,2704
1101032,1249640,159,0.938451,2704
1103632,1249640,159,0.936982,2704
1105688,1249640,159,0.935764,2704
1107248,1249640,158,0.934820,2720
1110464,1249640,158,0.932774,2720
1106960,1249640,159,0.934980,2696
1107384,1249640,158,0.934723,2696
1106712,1249640,159,0.935144,2672
1107032,1249640,158,0.934951,2672
1104184,1249640,159,0.936630,2672
1106792,1249640,159,0.935067,2672
1103944,1249640,159,0.936767,2672
1106336,1249640,159,0.935341,2672
1104880,1249640,159,0.936228,2672
1101888,1249640,159,0.937948,2672
1104104,1249640,159,0.936676,2672
1104144,1249640,158,0.936653,2672
1100976,1249640,159,0.938420,2672
1103872,1249640,159,0.936781,2672
1099840,1249640,160,0.939005,2672
1103000,1249640,160,0.937249,2672
1099008,1249640,161,0.939419,2672
1095696,1249640,162,0.941109,2672
1093824,1249640,163,0.942023,2672
1097040,1249640,163,0.940410,2672
1098664,1249640,162,0.939557,2704
1099656,1249640,161,0.939022,2728
1097784,1249640,162,0.940001,2728
1099216,1249640,161,0.939238,2760
1095664,1249640,161,0.941081,2760
1094000,1249640,161,0.941919,2760
1094344,1249640,160,0.941753,2760
1098200,1249640,160,0.939795,2760
1094384,1249640,159,0.941757,2760
1091400,1249640,160,0.943169,2760
1087544,1249640,160,0.944928,2736
1086720,1249640,159,0.945341,2696
1086120,1249640,160,0.945596,2696
1086728,1249640,160,0.945317,2696
1089592,1249640,160,0.944043,2696
1088392,1249640,161,0.944575,2696
1090584,1249640,161,0.943573,2696
1089048,1249640,161,0.944285,2696
1092272,1249640,161,0.942794,2696
1093752,1249640,160,0.942092,2696
1093952,1249640,159,0.941996,2696
1097224,1249640,159,0.940354,2696
1095496,1249640,160,0.941220,2696
1095672,1249640,159,0.941133,2696
1092440,1249640,160,0.942700,2680
1091104,1249640,159,0.943364,2680
1087832,1249640,159,0.944848,2680
1085600,1249640,159,0.945822,2680
1083496,1249640,160,0.946691,2680
1079664,1249640,160,0.948223,2680
1077752,1249640,160,0.948975,2648
1079112,1249640,160,0.948446,2648
1080264,1249640,159,0.947985,2696
1084216,1249640,158,0.946394,2736
1085672,1249640,158,0.945768,2736
1088360,1249640,158,0.944592,2736
1088944,1249640,157,0.944331,2744
1086216,1249640,158,0.945515,2744
1084960,1249640,158,0.946063,2744
1087304,1249640,158,0.945049,2744
1088088,1249640,157,0.944705,2752
1091592,1249640,157,0.943106,2752
1091168,1249640,158,0.943302,2752
1091728,1249640,157,0.943025,2792
1088384,1249640,156,0.944578,2792
1089040,1249640,155,0.944282,2808
1087296,1249640,155,0.945066,2808
1083352,1249640,156,0.946717,2808
1083392,1249640,155,0.946701,2808
1083568,1249640,154,0.946626,2816
1082576,1249640,155,0.947037,2792
1082944,1249640,154,0.946889,2792
1081200,1249640,154,0.947602,2792
1082904,1249640,154,0.946905,2792
1080640,1249640,153,0.947840,2792
1077928,1249640,152,0.948910,2792
1080928,1249640,152,0.947746,2792
1083912,1249640,152,0.946535,2792
1083128,1249640,153,0.946856,2784
1082808,1249640,154,0.946992,2768
1085816,1249640,154,0.945735,2768
1088568,1249640,154,0.944529,2768
1088480,1249640,155,0.944568,2768
1085832,1249640,156,0.945708,2768
1087328,1249640,156,0.945049,2768
1091360,1249640,155,0.943250,2768
1088496,1249640,155,0.944561,2768
1090080,1249640,155,0.943834,2768
1089424,1249640,156,0.944128,2768
1089880,1249640,155,0.943924,2768
1087048,1249640,156,0.945169,2768
1087640,1249640,156,0.944893,2768
1086184,1249640,157,0.945518,2768
1089320,1249640,157,0.944132,2768
1085272,1249640,157,0.945902,2768
1085640,1249640,156,0.945748,2768
1085320,1249640,157,0.945886,2760
1081824,1249640,157,0.947330,2760
1085352,1249640,156,0.945882,2784
1085312,1249640,157,0.945899,2784
1086096,1249640,156,0.945566,2792
1088256,1249640,156,0.944613,2792
1085680,1249640,156,0.945741,2792
1088584,1249640,156,0.944469,2792
1085736,1249640,157,0.945697,2792
1083016,1249640,156,0.946860,2792
1085576,1249640,156,0.945785,2792
1083536,1249640,156,0.946649,2792
1081960,1249640,156,0.947302,2792
1085560,1249640,156,0.945812,2792
1088424,1249640,156,0.944561,2792
1084760,1249640,156,0.946152,2776
1086808,1249640,156,0.945269,2776
1089368,1249640,156,0.944128,2776
1086568,1249640,156,0.945372,2776
1086224,1249640,157,0.945518,2776
1084176,1249640,157,0.946394,2776
1082128,1249640,157,0.947241,2776
1086056,1249640,157,0.945610,2776
1082912,1249640,158,0.946921,2744
1083904,1249640,157,0.946508,2768
1087464,1249640,157,0.944990,2768
1089000,1249640,157,0.944296,2768
1091024,1249640,156,0.943383,2768
1089776,1249640,157,0.943949,2768
1086808,1249640,158,0.945252,2768
1089440,1249640,158,0.944078,2768
1085608,1249640,158,0.945761,2768
1086200,1249640,158,0.945491,2768
1082480,1249640,158,0.947046,2768
1080144,1249640,157,0.948004,2768
1084152,1249640,157,0.946387,2768
1084640,1249640,156,0.946182,2776
1081152,1249640,156,0.947621,2744
1077200,1249640,156,0.949145,2744
1074712,1249640,157,0.950049,2744
1073328,1249640,158,0.950538,2744
1073760,1249640,157,0.950383,2752
1070624,1249640,157,0.951479,2752
1066624,1249640,158,0.952790,2752
1063752,1249640,158,0.953713,2720
1067712,1249640,157,0.952453,2760
1069128,1249640,156,0.951978,2800
1071848,1249640,156,0.951047,2800
1074512,1249640,156,0.950100,2800
1077216,1249640,156,0.949100,2800
1079976,1249640,156,0.948038,2800
1077808,1249640,156,0.948880,2800
1078696,1249640,155,0.948546,2800
1075432,1249640,156,0.949753,2800
1078824,1249640,156,0.948479,2800
1076816,1249640,157,0.949230,2800
1075592,1249640,157,0.949695,2800
1078888,1249640,157,0.948455,2800
1081824,1249640,157,0.947295,2800
1083888,1249640,156,0.946446,2840
1082328,1249640,156,0.947098,2840
1080408,1249640,156,0.947874,2840
1078968,1249640,156,0.948449,2832
1076360,1249640,156,0.949439,2832
1079488,1249640,156,0.948250,2832
1076080,1249640,157,0.949524,2832
1077312,1249640,156,0.949068,2840
1081296,1249640,156,0.947526,2840
1085072,1249640,156,0.945976,2840
1085224,1249640,155,0.945912,2840
1084104,1249640,155,0.946410,2808
1088192,1249640,155,0.944656,2808
1084560,1249640,156,0.946202,2808
1086680,1249640,155,0.945300,2832
1084576,1249640,155,0.946205,2832
1087072,1249640,155,0.945132,2832
1084064,1249640,156,0.946397,2832
1084312,1249640,155,0.946291,2840
1081280,1249640,156,0.947520,2824
1077408,1249640,156,0.949020,2824
1080280,1249640,156,0.947911,2824
1078968,1249640,157,0.948430,2784
1075384,1249640,157,0.949776,2784
1073624,1249640,156,0.950437,2784
1074744,1249640,156,0.950023,2784
1078448,1249640,156,0.948646,2784
1076328,1249640,157,0.949442,2760
1078744,1249640,156,0.948531,2792
1074936,1249640,157,0.949934,2792
1075728,1249640,156,0.949643,2808
1073032,1249640,156,0.950619,2808
1076808,1249640,155,0.949254,2840
1078184,1249640,154,0.948739,2848
1079624,1249640,154,0.948174,2848
1077272,1249640,153,0.949097,2848
1074512,1249640,153,0.950117,2848
1077088,1249640,153,0.949165,2848
1077336,1249640,152,0.949071,2856
1073560,1249640,153,0.950445,2824
1076760,1249640,153,0.949277,2824
1074776,1249640,154,0.949997,2824
1077144,1249640,154,0.949118,2824
1074344,1249640,154,0.950151,2824
1078104,1249640,153,0.948760,2872
1075712,1249640,154,0.949643,2872
1073488,1249640,155,0.950437,2872
1073888,1249640,154,0.950296,2872
1071928,1249640,154,0.950995,2872
1073184,1249640,153,0.950554,2888
1074648,1249640,153,0.950020,2888
1073216,1249640,154,0.950538,2856
1070592,1249640,154,0.951455,2856
1066784,1249640,154,0.952721,2856
1063168,1249640,154,0.953864,2856
1064976,1249640,153,0.953297,2888
1061768,1249640,154,0.954277,2888
1064664,1249640,153,0.953384,2920
1064632,1249640,153,0.953409,2920
1065736,1249640,153,0.953049,2920
1069576,1249640,153,0.951790,2920
1068720,1249640,154,0.952078,2904
1069128,1249640,153,0.951944,2904
1068984,1249640,153,0.952007,2904
1072808,1249640,153,0.950697,2904
1072768,1249640,153,0.950727,2904
1073040,1249640,152,0.950633,2904
1073080,1249640,151,0.950619,2904
1075320,1249640,150,0.949825,2904
1071624,1249640,151,0.951121,2904
1075656,1249640,151,0.949686,2904
1073096,1249640,151,0.950613,2904
1076632,1249640,151,0.949330,2904
1075848,1249640,151,0.949637,2896
1074088,1249640,152,0.950267,2896
1077552,1249640,151,0.949005,2912
1080504,1249640,151,0.947864,2912
1077784,1249640,151,0.948919,2912
1077200,1249640,152,0.949136,2912
1081008,1249640,152,0.947668,2912
1080528,1249640,152,0.947874,2912
1078928,1249640,153,0.948488,2912
1077552,1249640,154,0.949008,2904
1078920,1249640,153,0.948488,2920
1076976,1249640,153,0.949233,2920
1077624,1249640,152,0.948984,2944
1077936,1249640,151,0.948868,2944
1078160,1249640,150,0.948784,2944
1075720,1249640,151,0.949689,2928
1073832,1249640,152,0.950380,2880
1071768,1249640,153,0.951097,2880
1073616,1249640,152,0.950448,2904
1071464,1249640,152,0.951211,2896
1073920,1249640,151,0.950361,2896
1077000,1249640,151,0.949233,2896
1076416,1249640,152,0.949451,2888
1079744,1249640,152,0.948186,2888
1083120,1249640,152,0.946837,2888
1084080,1249640,151,0.946446,2888
1082208,1249640,151,0.947222,2888
1082720,1249640,150,0.947017,2888
1080440,1249640,150,0.947936,2888
1082168,1249640,149,0.947245,2920
1079664,1249640,150,0.948223,2920
1080000,1249640,149,0.948094,2920
1078152,1249640,150,0.948805,2896
1077120,1249640,150,0.949207,2896
1076560,1249640,151,0.949427,2856
1077088,1249640,150,0.949230,2864
1078896,1249640,150,0.948537,2864
1081464,1249640,150,0.947526,2864
1077936,1249640,150,0.948907,2840
1078720,1249640,149,0.948597,2880
1075496,1249640,150,0.949787,2880
1071584,1249640,151,0.951160,2880
1075216,1249640,150,0.949882,2896
1071352,1249640,149,0.951266,2896
1070096,1249640,150,0.951694,2880
1072816,1249640,150,0.950752,2880
1070040,1249640,150,0.951713,2880
1072240,1249640,149,0.950959,2904
1071328,1249640,150,0.951271,2904
1075232,1249640,149,0.949905,2912
1078272,1249640,148,0.948778,2944
1076072,1249640,149,0.949599,2920
1076424,1249640,148,0.949471,2920
1074584,1249640,149,0.950143,2896
1077296,1249640,149,0.949142,2896
1077792,1249640,148,0.948955,2904
1074568,1249640,149,0.950128,2904
1077120,1249640,149,0.949186,2904
1076512,1249640,149,0.949427,2904
1075848,1249640,149,0.949692,2888
1075352,1249640,150,0.949874,2880
1078096,1249640,150,0.948850,2880
1078672,1249640,149,0.948631,2888
1081728,1249640,149,0.947432,2888
1081040,1249640,150,0.947712,2864
1081808,1249640,149,0.947394,2904
1078240,1249640,148,0.948805,2904
1075928,1249640,149,0.949657,2904
1079888,1249640,149,0.948161,2904
1082808,1249640,149,0.946995,2904
1080856,1249640,148,0.947805,2904
1078464,1249640,148,0.948739,2904
1081832,1249640,148,0.947422,2904
1084000,1249640,148,0.946531,2904
1083712,1249640,148,0.946672,2896
1082064,1249640,147,0.947372,2896
1085320,1249640,147,0.946029,2896
1088456,1249640,147,0.944670,2896
1087544,1249640,147,0.945094,2880
1088952,1249640,147,0.944459,2880
1087456,1249640,148,0.945114,2872
1088056,1249640,147,0.944855,2872
1085992,1249640,147,0.945775,2832
1088752,1249640,147,0.944568,2832
1088384,1249640,148,0.944729,2832
1091056,1249640,148,0.943515,2832
1087568,1249640,148,0.934590,2832
1087728,1249640,147,0.934504,2840
1084808,1249640,147,0.935998,2840
1082784,1249640,147,0.937001,2840
1085544,1249640,147,0.935633,2840
1086384,1249640,146,0.935205,2856
1083096,1249640,146,0.936844,2856
1086152,1249640,146,0.935322,2856
1085040,1249640,147,0.935875,2856
1084104,1249640,148,0.936354,2816
1086832,1249640,148,0.934974,2816
1085728,1249640,148,0.935554,2816
1087400,1249640,148,0.934684,2816
1091448,1249640,148,0.932517,2816
1088200,1249640,148,0.934272,2816
1089968,1249640,148,0.933316,2816
1087384,1249640,147,0.934742,2768
1084096,1249640,148,0.936381,2768
1088168,1249640,148,0.934313,2768
1085664,1249640,148,0.935610,2768
1085808,1249640,147,0.935538,2768
1082336,1249640,148,0.937225,2768
1082752,1249640,147,0.937027,2768
1085984,1249640,147,0.935426,2768
1083736,1249640,146,0.936579,2768
1086128,1249640,145,0.935402,2768
1085256,1249640,146,0.935836,2768
1088480,1249640,146,0.934176,2768
1084552,1249640,146,0.936182,2768
1085624,1249640,145,0.935653,2768
1084488,1249640,145,0.936237,2768
1086408,1249640,145,0.935261,2768
1082840,1249640,146,0.937008,2768
1086680,1249640,146,0.935100,2768
1083960,1249640,146,0.936470,2768
1087328,1249640,146,0.934770,2768
1084936,1249640,147,0.935970,2768
1085632,1249640,146,0.935622,2776
1081808,1249640,146,0.937492,2776
1080312,1249640,145,0.938231,2776
1082312,1249640,144,0.937300,2776
1084824,1249640,144,0.936068,2776
1081624,1249640,144,0.937624,2776
1081136,1249640,144,0.937877,2768
1084400,1249640,144,0.936303,2768
1080840,1249640,143,0.938036,2768
1081536,1249640,142,0.937706,2784
1080000,1249640,142,0.938435,2784
1080968,1249640,141,0.937991,2784
1078776,1249640,140,0.939030,2784
1082872,1249640,140,0.937122,2784
1082256,1249640,141,0.937421,2768
1079696,1249640,142,0.938602,2768
1081152,1249640,142,0.937914,2768
1081608,1249640,141,0.937702,2768
1083176,1249640,140,0.936947,2800
1082448,1249640,141,0.937293,2800
1080496,1249640,142,0.938201,2800
1082304,1249640,141,0.937357,2808
1082264,1249640,142,0.937376,2808
1086024,1249640,142,0.935530,2808
1085848,1249640,143,0.935622,2800
1083064,1249640,144,0.936978,2800
1079104,1249640,144,0.938851,2760
1079552,1249640,143,0.938649,2760
1077360,1249640,143,0.939645,2760
1075008,1249640,144,0.940657,2760
1072840,1249640,144,0.941579,2760
1073928,1249640,143,0.941120,2784
1070872,1249640,144,0.942372,2768
1074040,1249640,144,0.941060,2768
1076352,1249640,143,0.940079,2768
1079864,1249640,143,0.938504,2768
1080840,1249640,142,0.938043,2800
1084072,1249640,142,0.936493,2800
1086472,1249640,141,0.935309,2800
1084272,1249640,141,0.936427,2784
1082296,1249640,141,0.937395,2784
1080808,1249640,141,0.938109,2784
1083784,1249640,141,0.936687,2784
1082672,1249640,141,0.937240,2784
1086440,1249640,141,0.935382,2784
1083736,1249640,141,0.936733,2784
1084408,1249640,140,0.936396,2808
1080776,1249640,140,0.938135,2808
1079552,1249640,141,0.938693,2808
1079976,1249640,140,0.938501,2808
1078272,1249640,141,0.939286,2760
1081216,1249640,140,0.937932,2808
1082320,1249640,140,0.937395,2808
1081344,1249640,141,0.937851,2808
1082416,1249640,140,0.937350,2808
1080368,1249640,141,0.938300,2808
1082344,1249640,140,0.937380,2816
1082440,1249640,139,0.937334,2816
1083240,1249640,139,0.936932,2816
1081288,1249640,139,0.937873,2816
1084208,1249640,139,0.936466,2816
1081480,1249640,140,0.937762,2816
1085280,1249640,140,0.935919,2816
1084264,1249640,140,0.936455,2784
1081992,1249640,140,0.937560,2784
1084616,1249640,139,0.936303,2792
1081344,1249640,139,0.937884,2784
1077688,1249640,139,0.939554,2784
1078272,1249640,138,0.939293,2792
1074904,1249640,138,0.940772,2784
1073680,1249640,138,0.941316,2752
1077408,1249640,138,0.939712,2752
1078184,1249640,138,0.939350,2752
1080760,1249640,138,0.938168,2752
1083160,1249640,137,0.937035,2776
1082488,1249640,138,0.937365,2752
1085520,1249640,138,0.935879,2752
1082680,1249640,139,0.937251,2752
1085048,1249640,138,0.936111,2752
1084792,1249640,139,0.936237,2752
1082072,1249640,139,0.937560,2752
1082744,1249640,138,0.937232,2776
1081736,1249640,137,0.937750,2776
1084944,1249640,137,0.936198,2776
1085232,1249640,136,0.936057,2776
1082736,1249640,137,0.937259,2776
1085960,1249640,137,0.935673,2776
1082960,1249640,138,0.937130,2776
1084208,1249640,137,0.936532,2776
1080936,1249640,138,0.938076,2776
1077856,1249640,138,0.939484,2776
1080424,1249640,138,0.938311,2776
1080840,1249640,137,0.938113,2792
1080048,1249640,138,0.938482,2776
1077880,1249640,139,0.939452,2776
1081344,1249640,139,0.937866,2776
1085328,1249640,139,0.935938,2776
1084256,1249640,140,0.936462,2776
1081360,1249640,141,0.937836,2776
1080832,1249640,141,0.938106,2768
1083104,1249640,140,0.937039,2776
1087072,1249640,140,0.935067,2776
1085952,1249640,140,0.935653,2776
1085160,1249640,140,0.936068,2776
1085992,1249640,139,0.935637,2816
1085592,1249640,140,0.935836,2816
1088344,1249640,140,0.934421,2816
1086224,1249640,141,0.935498,2816
1083464,1249640,141,0.936871,2816
1079848,1249640,141,0.938577,2816
1076200,1249640,141,0.940207,2816
1078032,1249640,140,0.939396,2848
1080832,1249640,139,0.938120,2880
1077680,1249640,139,0.939565,2864
1077456,1249640,140,0.939663,2864
1075536,1249640,140,0.940511,2864
1072960,1249640,141,0.941586,2864
1077040,1249640,141,0.939844,2864
1074632,1249640,141,0.940893,2864
1077576,1249640,141,0.939610,2864
1078520,1249640,140,0.939194,2864
1079352,1249640,139,0.938801,2912
1082808,1249640,139,0.937183,2912
1085552,1249640,139,0.935832,2912
1087040,1249640,138,0.935084,2920
1088768,1249640,138,0.934172,2920
1090296,1249640,137,0.933350,2952
1087624,1249640,137,0.934770,2952
1087800,1249640,136,0.934680,2952
1083880,1249640,137,0.936629,2952
1080504,1249640,137,0.938238,2952
1082120,1249640,136,0.937470,2992
1085736,1249640,136,0.935701,2992
1085160,1249640,137,0.935986,2992
1088864,1249640,137,0.934085,2992
1087320,1249640,136,0.934929,2992
1089872,1249640,135,0.933601,3000
1089464,1249640,136,0.933821,2992
1088216,1249640,137,0.934471,2992
1089208,1249640,136,0.933938,3024
1089720,1249640,136,0.933644,3024
1086768,1249640,136,0.935193,3024
1087624,1249640,135,0.934746,3048
1083528,1249640,135,0.936798,3048
1083464,1249640,136,0.936829,3048
1087056,1249640,136,0.935035,3048
1085512,1249640,137,0.935808,3048
1085592,1249640,136,0.935768,3048
1082088,1249640,137,0.937459,3048
1079376,1249640,137,0.938729,3048
1076352,1249640,138,0.940062,3048
1076776,1249640,137,0.939865,3080
1076416,1249640,138,0.940021,3080
1073264,1249640,139,0.941352,3080
1076592,1249640,138,0.939927,3120
1077712,1249640,138,0.939417,3120
1081360,1249640,138,0.937743,3120
1081792,1249640,137,0.937530,3144
1082584,1249640,136,0.937149,3160
1079608,1249640,136,0.938551,3160
1079592,1249640,137,0.938559,3160
1078968,1249640,137,0.938865,3152
1076520,1249640,137,0.939976,3128
1073768,1249640,137,0.941163,3128
1075240,1249640,137,0.940524,3128
1076176,1249640,136,0.940107,3168
1074128,1249640,136,0.941000,3160
1071376,1249640,136,0.942147,3160
1069736,1249640,136,0.931228,3160
1070576,1249640,135,0.930810,3200
1069984,1249640,135,0.931114,3200
1071688,1249640,134,0.930293,3208
1070920,1249640,135,0.930683,3168
1070640,1249640,135,0.930840,3168
1070320,1249640,135,0.931015,3168
1071592,1249640,134,0.930383,3216
1068392,1249640,135,0.931916,3176
1071760,1249640,135,0.930297,3176
1072432,1249640,135,0.929946,3176
1072624,1249640,134,0.929852,3176
1074616,1249640,133,0.928835,3224
1073272,1249640,134,0.929508,3224
1069976,1249640,135,0.931107,3224
1067200,1249640,136,0.932412,3192
1068432,1249640,135,0.931838,3208
1070376,1249640,134,0.930909,3240
1074280,1249640,134,0.928973,3240
1077792,1249640,134,0.927133,3240
1078968,1249640,133,0.926483,3280
1078192,1249640,133,0.926925,3280
1079144,1249640,133,0.926388,3280
1078384,1249640,133,0.926822,3280
1079840,1249640,133,0.926009,3280
1078728,1249640,134,0.926612,3280
1078968,1249640,133,0.926483,3280
1077872,1249640,133,0.927095,3280
1078584,1249640,133,0.926689,3280
1074824,1249640,134,0.928677,3232
1071880,1249640,135,0.930165,3184
1075328,1249640,135,0.928420,3184
1072928,1249640,136,0.929627,3184
1076480,1249640,136,0.927801,3184
1080312,1249640,136,0.925724,3184
1081496,1249640,135,0.925043,3224
1084504,1249640,134,0.923308,3240
1083656,1249640,135,0.923803,3240
1084456,1249640,134,0.923308,3288
1081224,1249640,135,0.925160,3288
1078384,1249640,136,0.926732,3256
1077896,1249640,136,0.927018,3256
1078624,1249640,136,0.926603,3256
1076512,1249640,136,0.927747,3256
1077008,1249640,135,0.927483,3264
1080560,1249640,135,0.925543,3264
1076704,1249640,136,0.927618,3264
1073376,1249640,137,0.929337,3224
1075472,1249640,136,0.928264,3248
1076688,1249640,135,0.927630,3256
1077440,1249640,135,0.927209,3256
1073784,1249640,136,0.929093,3256
1076968,1249640,135,0.927433,3304
1075744,1249640,134,0.928129,3288
1076336,1249640,133,0.927814,3304
1075264,1249640,132,0.928416,3304
1078296,1249640,131,0.926822,3320
1074904,1249640,130,0.927615,3320
1070872,1249640,130,0.929659,3320
1071576,1249640,130,0.929291,3320
1069792,1249640,130,0.930185,3312
1069064,1249640,130,0.930556,3312
1071688,1249640,130,0.929264,3312
1074752,1249640,129,0.927718,3320
1076888,1249640,128,0.926598,3328
1073224,1249640,129,0.928491,3328
1072464,1249640,129,0.928903,3312
1070736,1249640,130,0.929768,3280
1073152,1249640,129,0.928563,3304
1074792,1249640,129,0.927705,3304
1076104,1249640,128,0.927007,3336
1076072,1249640,128,0.927049,3336
1078464,1249640,127,0.925774,3336
1074432,1249640,128,0.927898,3336
1077232,1249640,127,0.926432,3344
1075592,1249640,127,0.927321,3344
1073784,1249640,128,0.928253,3336
1071592,1249640,129,0.929346,3336
1074832,1249640,128,0.927718,3336
1076408,1249640,128,0.926873,3336
1078848,1249640,127,0.925539,3384
1077728,1249640,127,0.926171,3384
1078296,1249640,126,0.925861,3392
1077704,1249640,127,0.926189,3376
1075056,1249640,128,0.927582,3376
1076016,1249640,127,0.927074,3392
1079904,1249640,127,0.924954,3392
1078520,1249640,128,0.925714,3392
1076936,1249640,129,0.926564,3392
1078456,1249640,129,0.925722,3392
1075664,1249640,130,0.927221,3368
1079128,1249640,130,0.925342,3368
1079728,1249640,129,0.925007,3376
1078928,1249640,128,0.925500,3376
1081376,1249640,128,0.924111,3376
1078536,1249640,129,0.925688,3376
1080520,1249640,128,0.924593,3376
1077584,1249640,128,0.926227,3376
1081400,1249640,127,0.924102,3416
1080912,1249640,127,0.924405,3416
1084024,1249640,126,0.922589,3456
1080424,1249640,126,0.924683,3456
1077856,1249640,126,0.926116,3456
1079336,1249640,126,0.925285,3456
1079760,1249640,125,0.925034,3488
1076232,1249640,125,0.926961,3488
1080024,1249640,125,0.924888,3488
1078464,1249640,125,0.925779,3472
1077656,1249640,126,0.926231,3440
1079376,1249640,126,0.925272,3440
1082952,1249640,126,0.923226,3440
1079616,1249640,126,0.925140,3440
1081544,1249640,126,0.924034,3440
1077584,1249640,127,0.926219,3440
1074200,1249640,128,0.927988,3440
1074784,1249640,127,0.927664,3488
1078744,1249640,126,0.925566,3488
1076520,1249640,127,0.926759,3488
1075304,1249640,127,0.927420,3488
1074560,1249640,128,0.927825,3448
1072160,1249640,129,0.929034,3448
1071616,1249640,130,0.929323,3408
1074080,1249640,130,0.928066,3408
1074656,1249640,129,0.927767,3416
1077408,1249640,129,0.926300,3416
1076064,1249640,130,0.927016,3408
1079376,1249640,130,0.925211,3408
1081568,1249640,129,0.923984,3408
1078200,1249640,130,0.925852,3408
1075592,1249640,131,0.927237,3408
1079600,1249640,131,0.925060,3408
1082760,1249640,130,0.923263,3424
1082944,1249640,129,0.923156,3424
1080656,1249640,129,0.924490,3424
1077912,1249640,129,0.926025,3424
1080312,1249640,128,0.924710,3424
1077632,1249640,129,0.926176,3424
1078520,1249640,129,0.925670,3424
1081960,1249640,129,0.923724,3424
1080128,1249640,129,0.924803,3392
1083720,1249640,129,0.922721,3392
1080264,1249640,130,0.924701,3392
1081384,1249640,130,0.924043,3392
1080728,1249640,130,0.919096,3376
1081280,1249640,130,0.918733,3376
1077320,1249640,131,0.921068,3376
1079424,1249640,130,0.919816,3424
1077368,1249640,130,0.921040,3424
1078712,1249640,129,0.920258,3432
1076112,1249640,128,0.921803,3432
1077280,1249640,128,0.921114,3432
1075808,1249640,129,0.921947,3432
1076600,1249640,128,0.921474,3480
1075904,1249640,129,0.921875,3464
1078016,1249640,128,0.920663,3480
1077376,1249640,128,0.921059,3480
1081352,1249640,128,0.918685,3480
1077344,1249640,129,0.921050,3480
1075208,1249640,130,0.922259,3472
1077304,1249640,129,0.921077,3472
1076736,1249640,129,0.921437,3456
1077288,1249640,129,0.921095,3456
1079352,1249640,129,0.919868,3456
1077368,1249640,130,0.921022,3456
1078080,1249640,129,0.920612,3456
1077928,1249640,130,0.920700,3456
1074856,1249640,131,0.922436,3456
1076896,1249640,130,0.921287,3464
1079864,1249640,129,0.919555,3472
1078408,1249640,129,0.920440,3472
1079648,1249640,129,0.919683,3472
1077504,1249640,130,0.920935,3472
1080728,1249640,129,0.919009,3520
1078728,1249640,130,0.920197,3520
1081368,1249640,129,0.918597,3560
1081184,1249640,130,0.918709,3560
1080464,1249640,130,0.919182,3544
1079672,1249640,131,0.919664,3528
1082504,1249640,130,0.917944,3536
1086600,1249640,130,0.915296,3536
1089424,1249640,129,0.913370,3568
1088080,1249640,130,0.914293,3560
1087624,1249640,129,0.914691,3520
1090560,1249640,128,0.912669,3536
1086624,1249640,129,0.915344,3536
1085056,1249640,130,0.916369,3528
1085728,1249640,129,0.915935,3528
1085480,1249640,130,0.916101,3520
1086544,1249640,129,0.915376,3568
1088800,1249640,128,0.913837,3608
1091080,1249640,128,0.912218,3608
1090016,1249640,129,0.912999,3560
1093616,1249640,129,0.910385,3560
1092088,1249640,129,0.911533,3560
1088640,1249640,130,0.913946,3560
1092248,1249640,130,0.911383,3560
1092192,1249640,131,0.911424,3560
1093144,1249640,131,0.910697,3560
1095624,1249640,131,0.908804,3560
1093408,1249640,131,0.910526,3528
1093904,1249640,131,0.910124,3528
1090096,1249640,131,0.912899,3528
1088328,1249640,131,0.914147,3528
1092304,1249640,130,0.911343,3560
1093408,1249640,130,0.910503,3560
1092696,1249640,131,0.911024,3560
1091704,1249640,132,0.911763,3528
1089608,1249640,133,0.913254,3504
1089192,1249640,134,0.913541,3504
1090520,1249640,134,0.912585,3504
1089536,1249640,135,0.913271,3504
1087048,1249640,135,0.914989,3504
1086616,1249640,136,0.915291,3480
1084168,1249640,136,0.916906,3480
1083472,1249640,137,0.917350,3472
1085832,1249640,136,0.915831,3488
1088552,1249640,135,0.914006,3512
1085608,1249640,136,0.915977,3488
1081992,1249640,136,0.918289,3488
1083808,1249640,136,0.917129,3488
1087824,1249640,136,0.914482,3488
1085616,1249640,136,0.915972,3488
1083032,1249640,137,0.917616,3488
1081848,1249640,138,0.918348,3488
1084904,1249640,137,0.916421,3504
1088640,1249640,137,0.913919,3504
1085136,1249640,137,0.916297,3464
1087992,1249640,136,0.914406,3480
1084216,1249640,137,0.916875,3480
1084456,1249640,136,0.916713,3496
1081488,1249640,137,0.918568,3488
1084024,1249640,136,0.916967,3528
1087176,1249640,136,0.914888,3528
1088648,1249640,136,0.913864,3528
1086152,1249640,136,0.915565,3528
1087376,1249640,136,0.914723,3528
1090112,1249640,136,0.912821,3528
1090592,1249640,136,0.912450,3528
1089920,1249640,137,0.912921,3528
1086840,1249640,137,0.915048,3528
1087296,1249640,136,0.914744,3528
1087800,1249640,136,0.914374,3528
1090704,1249640,136,0.912337,3528
1093728,1249640,135,0.910148,3528
1094920,1249640,135,0.909218,3528
1093216,1249640,136,0.910497,3520
1094192,1249640,135,0.909766,3528
1091656,1249640,136,0.911654,3488
1095368,1249640,136,0.908872,3488
1091384,1249640,135,0.911883,3488
1088048,1249640,135,0.914233,3488
1085176,1249640,136,0.916132,3488
1083648,1249640,137,0.917124,3464
1084376,1249640,136,0.916662,3464
1086752,1249640,135,0.915101,3488
1090808,1249640,135,0.912292,3488
1090056,1249640,136,0.912837,3464
1086152,1249640,137,0.915481,3464
1084920,1249640,138,0.916292,3448
1085160,1249640,137,0.916122,3472
1083048,1249640,138,0.917476,3456
1082192,1249640,139,0.918023,3432
1085968,1249640,138,0.915612,3448
1089344,1249640,137,0.913337,3456
1088680,1249640,138,0.913820,3416
1086160,1249640,138,0.915538,3416
1089688,1249640,137,0.913160,3416
1087928,1249640,138,0.914363,3416
1083904,1249640,138,0.917023,3416
1087808,1249640,137,0.914476,3416
1089504,1249640,136,0.913310,3432
1089928,1249640,136,0.912982,3432
1092056,1249640,135,0.911476,3432
1094960,1249640,135,0.909297,3432
1097288,1249640,135,0.907464,3432
1096328,1249640,136,0.908214,3432
1092744,1249640,137,0.910936,3392
1096024,1249640,136,0.908467,3408
1096248,1249640,135,0.908294,3408
1094088,1249640,134,0.910005,3408
1094800,1249640,133,0.909472,3408
1094128,1249640,133,0.910011,3408
1097368,1249640,133,0.907496,3408
1094464,1249640,134,0.909725,3408
1097912,1249640,133,0.907066,3408
1097600,1249640,134,0.907313,3408
1094432,1249640,134,0.909784,3408
1090976,1249640,134,0.912332,3408
1088008,1249640,134,0.914417,3400
1091192,1249640,133,0.912196,3432
1094432,1249640,133,0.909802,3432
1097616,1249640,133,0.907319,3432
1098968,1249640,133,0.906200,3432
1097640,1249640,133,0.907300,3432
1098344,1249640,133,0.906702,3432
1095752,1249640,134,0.908731,3432
1097880,1249640,134,0.907034,3432
1094392,1249640,133,0.909796,3432
1098392,1249640,132,0.906683,3456
1097840,1249640,132,0.907161,3456
1097928,1249640,131,0.907091,3456
1095872,1249640,132,0.908713,3432
1099872,1249640,132,0.905503,3432
1099264,1249640,132,0.906038,3432
1100552,1249640,132,0.904942,3432
1100016,1249640,133,0.905385,3432
1100624,1249640,132,0.904842,3480
1100200,1249640,132,0.905233,3480
1102688,1249640,132,0.903092,3480
1101416,1249640,132,0.904259,3432
1098880,1249640,132,0.906407,3408
1099464,1249640,132,0.905895,3408
1102232,1249640,131,0.903546,3456
1101520,1249640,132,0.904151,3456
1098408,1249640,133,0.906709,3456
1095896,1249640,134,0.908676,3456
1092056,1249640,135,0.911527,3456
1089368,1249640,135,0.913453,3456
1090024,1249640,134,0.912966,3504
1089184,1249640,134,0.913607,3464
1093016,1249640,133,0.910890,3472
1095040,1249640,133,0.909351,3472
1098256,1249640,133,0.906817,3472
1095216,1249640,133,0.909243,3440
1096608,1249640,132,0.908170,3448
1100104,1249640,132,0.905339,3448
1101824,1249640,131,0.903867,3488
1099432,1249640,132,0.905856,3488
1095600,1249640,133,0.908884,3480
1092968,1249640,132,0.910919,3480
1095320,1249640,131,0.909152,3504
1094744,1249640,132,0.909593,3496
1097648,1249640,131,0.907357,3496
1097160,1249640,131,0.903173,3488
1096408,1249640,132,0.903787,3488
1092360,1249640,133,0.906959,3488
1095488,1249640,133,0.904488,3488
1094784,1249640,133,0.905085,3488
1098792,1249640,132,0.901781,3528
1098400,1249640,132,0.902152,3528
1100560,1249640,132,0.900265,3528
1101056,1249640,131,0.899797,3568
1103520,1249640,130,0.897539,3616
1105896,1249640,130,0.895262,3616
1106808,1249640,129,0.894332,3664
1103520,1249640,130,0.897451,3664
1106640,1249640,129,0.894488,3672
1104640,1249640,129,0.896447,3672
1101112,1249640,130,0.899656,3672
1100352,1249640,130,0.900363,3672
1099512,1249640,131,0.901101,3656
1095416,1249640,131,0.904526,3656
1092200,1249640,131,0.907062,3656
1091864,1249640,132,0.907315,3656
1089416,1249640,132,0.909155,3656
1089984,1249640,131,0.908731,3672
1093144,1249640,131,0.906330,3672
1091032,1249640,132,0.907924,3672
1089464,1249640,132,0.909131,3640
1090480,1249640,131,0.908385,3648
1093544,1249640,130,0.906053,3680
1096904,1249640,129,0.903344,3728
1100440,1249640,129,0.900321,3728
1098808,1249640,130,0.901721,3728
1097336,1249640,130,0.902989,3728
1094880,1249640,130,0.905009,3728
1092056,1249640,129,0.907297,3680
1088872,1249640,129,0.909666,3680
1091600,1249640,129,0.907639,3680
1094048,1249640,129,0.905736,3680
1095800,1249640,129,0.904315,3680
1099864,1249640,129,0.900902,3680
1103376,1249640,128,0.897774,3696
1105016,1249640,128,0.896206,3696
1106768,1249640,128,0.894480,3696
1109352,1249640,127,0.891884,3712
1108536,1249640,127,0.892761,3712
1111808,1249640,127,0.889311,3712
1115648,1249640,127,0.884978,3712
1112688,1249640,128,0.888342,3680
1109440,1249640,128,0.891826,3680
1112312,1249640,128,0.888750,3680
1112808,1249640,128,0.888158,3680
1111448,1249640,129,0.889627,3680
1110088,1249640,130,0.891059,3680
1111064,1249640,130,0.889985,3680
1112176,1249640,130,0.888742,3680
1109888,1249640,130,0.891217,3680
1110088,1249640,129,0.891009,3680
1108776,1249640,130,0.892356,3680
1105192,1249640,130,0.895918,3680
1102304,1249640,131,0.898601,3664
1099752,1249640,132,0.900847,3664
1102080,1249640,132,0.898759,3664
1103768,1249640,132,0.897177,3664
1104056,1249640,131,0.896910,3664
1107248,1249640,131,0.893805,3664
1105928,1249640,131,0.895170,3632
1109688,1249640,131,0.891374,3632
1108376,1249640,132,0.892744,3600
1107088,1249640,132,0.894073,3600
1105280,1249640,133,0.895850,3568
1101272,1249640,133,0.899564,3568
1101896,1249640,133,0.898967,3568
1105024,1249640,133,0.896047,3568
1108032,1249640,132,0.893106,3584
1104792,1249640,132,0.896296,3584
1105296,1249640,132,0.895774,3584
1109192,1249640,131,0.891908,3608
1108256,1249640,132,0.892897,3568
1104192,1249640,133,0.896828,3568
1101744,1249640,133,0.899117,3552
1103768,1249640,133,0.897237,3552
1099792,1249640,134,0.900785,3552
1096920,1249640,134,0.903239,3552
1099416,1249640,134,0.901108,3552
1096928,1249640,134,0.903232,3552
1095200,1249640,134,0.904667,3552
1098456,1249640,134,0.901963,3552
1101968,1249640,134,0.898874,3552
1105792,1249640,134,0.895285,3552
1106488,1249640,134,0.894566,3552
1106568,1249640,133,0.894488,3552
1105736,1249640,133,0.895385,3504
1103368,1249640,133,0.897649,3504
1100248,1249640,134,0.900439,3496
1101880,1249640,133,0.899003,3496
1098024,1249640,134,0.902332,3496
1099392,1249640,134,0.901135,3496
1096880,1249640,134,0.903278,3496
1100080,1249640,134,0.900543,3496
1102744,1249640,133,0.898138,3544
1105704,1249640,132,0.895346,3576
1102040,1249640,132,0.898788,3576
1099624,1249640,133,0.900909,3576
1096392,1249640,134,0.903611,3576
1095272,1249640,134,0.904552,3576
1097392,1249640,134,0.902791,3576
1095120,1249640,135,0.904641,3568
1094672,1249640,136,0.904996,3568
1095944,1249640,135,0.903948,3608
1099992,1249640,134,0.900550,3624
1100176,1249640,133,0.900391,3624
1097272,1249640,134,0.902851,3624
1101224,1249640,133,0.899451,3648
1104128,1249640,132,0.896813,3648
1102376,1249640,133,0.898421,3648
1102176,1249640,134,0.898601,3648
1106232,1249640,134,0.894768,3648
1108032,1249640,133,0.892954,3688
1108784,1249640,133,0.892145,3688
1105952,1249640,134,0.894961,3680
1109192,1249640,134,0.891687,3680
1105240,1249640,135,0.895637,3640
1104616,1249640,135,0.896274,3640
1105008,1249640,134,0.895903,3640
1107408,1249640,134,0.893528,3640
1103584,1249640,134,0.897237,3640
1104128,1249640,134,0.896686,3640
1103952,1249640,134,0.896895,3640
1106512,1249640,134,0.894410,3640
1106472,1249640,134,0.894496,3640
1107808,1249640,133,0.893170,3648
1104136,1249640,134,0.896716,3648
1107848,1249640,134,0.893082,3648
1106176,1249640,134,0.894776,3648
1110128,1249640,133,0.890776,3672
1107816,1249640,133,0.893186,3672
1104616,1249640,134,0.896289,3672
1102016,1249640,135,0.898680,3672
1102688,1249640,135,0.898029,3672
1101456,1249640,135,0.899188,3664
1104216,1249640,135,0.896627,3664
1105264,1249640,135,0.895591,3664
1106568,1249640,135,0.894285,3664
1103344,1249640,136,0.897347,3664
1099976,1249640,135,0.900446,3664
1099424,1249640,136,0.900923,3664
1102032,1249640,136,0.898587,3664
1098800,1249640,137,0.901415,3664
1101272,1249640,137,0.899224,3664
1102128,1249640,136,0.898435,3688
1102512,1249640,135,0.898044,3736
1099376,1249640,136,0.900820,3736
1103464,1249640,136,0.897126,3736
1102704,1249640,136,0.897891,3712
1103008,1249640,135,0.897612,3712
1101544,1249640,135,0.898981,3712
1104144,1249640,135,0.896559,3712
1104048,1249640,136,0.896649,3712
1107032,1249640,136,0.893734,3712
1104856,1249640,137,0.895873,3680
1108112,1249640,137,0.892640,3680
1105744,1249640,138,0.894977,3680
1105160,1249640,138,0.895584,3680
1101960,1249640,138,0.898594,3680
1102672,1249640,138,0.897905,3680
1106504,1249640,137,0.894261,3704
1107848,1249640,136,0.892913,3720
1107768,1249640,136,0.893042,3720
1109984,1249640,136,0.890725,3720
1109792,1249640,137,0.890934,3712
1106784,1249640,138,0.893995,3696
1106144,1249640,137,0.894714,3696
1109392,1249640,137,0.891415,3696
1110480,1249640,137,0.890230,3696
1110056,1249640,138,0.890709,3664
1111744,1249640,138,0.888863,3664
1113432,1249640,138,0.886954,3664
1110224,1249640,138,0.890482,3664
1110656,1249640,137,0.890010,3680
1108248,1249640,138,0.892502,3680
1112112,1249640,137,0.888420,3704
1108208,1249640,137,0.892567,3704
1105600,1249640,138,0.895139,3704
1107720,1249640,138,0.893010,3704
1107152,1249640,139,0.893592,3688
1107600,1249640,138,0.893138,3696
1105472,1249640,138,0.895270,3696
1102024,1249640,138,0.898522,3696
1105224,1249640,137,0.895553,3696
1105304,1249640,136,0.895477,3696
1103056,1249640,137,0.897583,3696
1103392,1249640,136,0.897274,3696
1106248,1249640,136,0.894519,3696
1103584,1249640,137,0.897051,3696
1104384,1249640,137,0.896259,3696
1104208,1249640,137,0.896484,3680
1106736,1249640,137,0.894010,3680
1105016,1249640,137,0.895721,3680
1106736,1249640,137,0.894010,3680
1102768,1249640,138,0.897774,3680
1105696,1249640,138,0.894977,3680
1103208,1249640,139,0.897340,3664
1105264,1249640,139,0.895362,3664
1104408,1249640,140,0.896198,3640
1104072,1249640,141,0.896514,3640
1106400,1249640,140,0.894246,3680
1105728,1249640,141,0.894907,3672
1106616,1249640,141,0.893995,3672
1106032,1249640,141,0.894659,3624
1109560,1249640,141,0.891067,3624
1109896,1249640,140,0.890717,3624
1106016,1249640,141,0.894628,3624
1106504,1249640,141,0.894105,3624
1105512,1249640,141,0.895139,3600
1108792,1249640,141,0.891835,3600
1105568,1249640,141,0.864654,3552
1108128,1249640,141,0.861335,3552
1106656,1249640,141,0.863289,3552
1104096,1249640,141,0.866517,3552
1101960,1249640,142,0.869068,3536
1104624,1249640,141,0.865895,3536
1108392,1249640,141,0.861073,3536
1108632,1249640,140,0.860759,3536
1106704,1249640,141,0.863248,3536
1107024,1249640,140,0.862841,3536
1105176,1249640,141,0.865159,3536
1102712,1249640,141,0.868188,3536
1101880,1249640,142,0.869207,3496
1104960,1249640,142,0.865474,3496
1108760,1249640,142,0.860579,3496
1112128,1249640,142,0.855926,3496
1108664,1249640,142,0.860706,3496
1110096,1249640,142,0.858731,3496
1109896,1249640,143,0.859001,3496
1110496,1249640,143,0.858122,3496
1107760,1249640,143,0.861823,3496
1106304,1249640,143,0.863744,3496
1106184,1249640,143,0.863955,3496
1104704,1249640,143,0.865847,3496
1106656,1249640,142,0.863390,3520
1109576,1249640,142,0.859527,3520
1108392,1249640,142,0.861189,3496
1112120,1249640,142,0.856072,3496
1112632,1249640,141,0.855292,3536
1114552,1249640,140,0.852501,3544
1111528,1249640,139,0.856965,3544
1115312,1249640,139,0.851443,3544
1112352,1249640,140,0.855790,3512
1115168,1249640,139,0.851706,3512
1114784,1249640,140,0.852347,3464
1113672,1249640,140,0.854043,3464
1113168,1249640,141,0.854768,3464
1116832,1249640,141,0.849256,3464
1116000,1249640,142,0.850539,3456
1118472,1249640,141,0.846647,3488
1122120,1249640,141,0.840516,3488
1120848,1249640,142,0.842747,3448
1119232,1249640,143,0.845477,3408
1120432,1249640,143,0.843429,3408
1123976,1249640,142,0.837248,3440
1121920,1249640,142,0.840942,3440
1122296,1249640,141,0.840295,3440
1125040,1249640,141,0.835314,3440
1121784,1249640,142,0.841093,3440
1124888,1249640,142,0.835505,3440
1121704,1249640,142,0.841285,3408
1124616,1249640,142,0.836061,3408
1124048,1249640,143,0.837104,3400
1127192,1249640,143,0.831150,3400
1123744,1249640,142,0.837736,3400
1127568,1249640,142,0.830513,3400
1126656,1249640,142,0.832455,3352
1129952,1249640,142,0.825836,3352
1126104,1249640,142,0.833499,3352
1127456,1249640,142,0.830824,3352
1123864,1249640,143,0.837521,3352
1126416,1249640,142,0.832774,3376
1125816,1249640,143,0.833904,3376
1125032,1249640,143,0.835446,3376
1122704,1249640,144,0.839614,3376
1119976,1249640,145,0.844236,3376
1121464,1249640,145,0.841667,3376
1125536,1249640,145,0.834337,3376
1129312,1249640,144,0.826932,3408
1133152,1249640,144,0.818656,3408
1129376,1249640,145,0.826769,3376
1130432,1249640,144,0.824543,3400
1129360,1249640,145,0.826753,3400
1125312,1249640,146,0.834649,3384
1125824,1249640,146,0.833604,3384
1128376,1249640,146,0.828574,3384
1124528,1249640,146,0.836003,3384
1126592,1249640,146,0.832058,3384
1123096,1249640,147,0.838489,3384
1124544,1249640,147,0.835798,3384
1123368,1249640,148,0.837935,3376
1123928,1249640,147,0.836859,3416
1120712,1249640,147,0.842546,3416
1122464,1249640,147,0.839460,3416
1119408,1249640,148,0.844630,3416
1119000,1249640,149,0.845295,3416
1121888,1249640,149,0.840378,3416
1121088,1249640,149,0.841911,3368
1123440,1249640,149,0.837736,3368
1125264,1249640,148,0.834367,3392
1124288,1249640,149,0.836221,3360
1124000,1249640,150,0.836744,3360
1126992,1249640,150,0.831057,3360
1128368,1249640,150,0.828255,3360
1126344,1249640,149,0.832394,3360
1125368,1249640,150,0.834248,3352
1122072,1249640,150,0.840253,3352
1124464,1249640,150,0.835915,3352
1126512,1249640,150,0.831996,3352
1123272,1249640,150,0.838063,3352
1123608,1249640,149,0.837464,3352
1120696,1249640,149,0.842600,3352
1121088,1249640,148,0.841938,3352
1118616,1249640,149,0.846070,3320
1120272,1249640,149,0.843282,3320
1117992,1249640,149,0.847067,3320
1119584,1249640,149,0.844420,3320
1121688,1249640,149,0.840805,3320
1118944,1249640,149,0.845464,3320
1120296,1249640,149,0.843162,3320
1117648,1249640,149,0.847547,3312
1121248,1249640,149,0.841571,3312
1117752,1249640,149,0.847383,3312
1119752,1249640,149,0.844078,3312
1115952,1249640,150,0.850102,3312
1114280,1249640,150,0.852678,3312
1115640,1249640,150,0.850576,3312
1116400,1249640,150,0.849342,3312
1115200,1249640,150,0.851239,3312
1115080,1249640,150,0.851491,3312
1115936,1249640,149,0.850175,3328
1112808,1249640,149,0.854859,3328
1116088,1249640,148,0.849967,3360
1117216,1249640,148,0.848150,3360
1117040,1249640,149,0.848425,3360
1113544,1249640,150,0.853684,3360
1117192,1249640,149,0.848125,3400
1113648,1249640,150,0.853521,3368
1116864,1249640,149,0.848662,3384
1117512,1249640,148,0.847610,3408
1114608,1249640,149,0.852051,3408
1114152,1249640,150,0.852725,3408
1115048,1249640,149,0.851395,3408
1111720,1249640,149,0.856285,3408
1110144,1249640,149,0.858525,3408
1106864,1249640,150,0.862882,3376
1105824,1249640,151,0.864196,3376
1102552,1249640,151,0.868225,3376
1104352,1249640,151,0.866012,3376
1102656,1249640,151,0.868122,3360
1103112,1249640,150,0.867582,3360
1106648,1249640,149,0.863188,3400
1108040,1249640,149,0.861335,3400
1110864,1249640,148,0.857518,3424
1112160,1249640,147,0.855689,3440
1115688,1249640,147,0.850454,3440
1114592,1249640,148,0.852110,3432
1117152,1249640,148,0.848138,3432
1116360,1249640,148,0.849465,3416
1117976,1249640,148,0.846863,3416
1116504,1249640,149,0.849169,3416
1119200,1249640,149,0.844813,3416
1116056,1249640,149,0.849857,3416
1112864,1249640,150,0.854584,3416
1112960,1249640,149,0.854446,3416
1111368,1249640,149,0.856765,3416
1112720,1249640,149,0.854790,3416
1114896,1249640,149,0.851539,3416
1114008,1249640,149,0.852925,3416
1110232,1249640,149,0.858329,3416
1112168,1249640,149,0.855576,3416
1114288,1249640,149,0.852442,3416
1114232,1249640,148,0.852666,3416
1116352,1249640,148,0.849403,3416
1116256,1249640,149,0.849551,3416
1112664,1249640,150,0.854870,3416
1111936,1249640,150,0.855982,3408
1108880,1249640,151,0.860178,3392
1109568,1249640,151,0.859195,3392
1111232,1249640,151,0.856854,3392
1114432,1249640,151,0.852193,3392
1117496,1249640,150,0.847497,3400
1113416,1249640,151,0.853672,3400
1114208,1249640,151,0.852442,3400
1110296,1249640,151,0.858067,3400
1114304,1249640,150,0.852371,3400
1110768,1249640,151,0.857474,3360
1108368,1249640,152,0.860737,3336
1107696,1249640,152,0.861678,3336
1104160,1249640,152,0.866178,3336
1103224,1249640,152,0.867362,3336
1101248,1249640,153,0.869688,3328
1097480,1249640,154,0.873888,3328
1097360,1249640,155,0.874017,3328
1096568,1249640,155,0.874966,3280
1093672,1249640,155,0.878012,3280
1093176,1249640,156,0.878550,3240
1094016,1249640,155,0.877688,3256
1090888,1249640,155,0.880828,3256
1089408,1249640,155,0.882282,3256
1092776,1249640,154,0.878989,3296
1089744,1249640,154,0.881972,3296
1089240,1249640,153,0.882537,3296
1091368,1249640,153,0.880464,3296
1092336,1249640,152,0.879479,3336
1089832,1249640,151,0.881988,3336
1085816,1249640,151,0.885705,3336
1085776,1249640,151,0.885783,3336
1088296,1249640,151,0.883465,3336
1085016,1249640,152,0.886410,3336
1087384,1249640,152,0.884255,3336
1088688,1249640,152,0.883014,3336
1092704,1249640,151,0.879155,3344
1092000,1249640,150,0.879943,3344
1094200,1249640,150,0.877704,3344
1090944,1249640,150,0.880966,3344
1087048,1249640,151,0.884618,3320
1086808,1249640,152,0.884834,3320
1084112,1249640,152,0.887251,3320
1085960,1249640,152,0.885592,3320
1088880,1249640,152,0.882895,3320
1085712,1249640,151,0.885854,3320
1088400,1249640,151,0.883384,3320
1086360,1249640,151,0.885286,3312
1086768,1249640,150,0.884899,3336
1085792,1249640,151,0.885805,3296
1085096,1249640,151,0.886459,3296
1083424,1249640,151,0.887943,3296
1086952,1249640,150,0.884813,3344
1088072,1249640,150,0.883752,3344
1086832,1249640,151,0.884877,3344
1086960,1249640,150,0.884762,3344
1083176,1249640,151,0.888072,3344
1083952,1249640,150,0.887409,3344
1081096,1249640,149,0.889891,3344
1083904,1249640,149,0.887492,3344
1082384,1249640,150,0.888782,3344
1085176,1249640,150,0.886347,3344
1086384,1249640,149,0.885250,3376
1088784,1249640,149,0.883021,3376
1091504,1249640,149,0.880395,3376
1094264,1249640,149,0.877607,3376
1096168,1249640,149,0.875591,3376
1097248,1249640,148,0.874438,3384
1099968,1249640,148,0.871407,3384
1098616,1249640,148,0.872958,3384
1096264,1249640,149,0.875507,3360
1093912,1249640,149,0.877979,3360
1094856,1249640,148,0.877010,3368
1097512,1249640,148,0.874172,3368
1099464,1249640,148,0.871987,3368
1098856,1249640,149,0.872712,3320
1101224,1249640,149,0.870001,3320
1100432,1249640,149,0.870956,3320
1104360,1249640,149,0.866304,3320
1103984,1249640,150,0.866758,3320
1107304,1249640,150,0.862575,3320
1106656,1249640,150,0.863492,3296
1107896,1249640,149,0.861906,3296
1108552,1249640,148,0.861052,3296
1111888,1249640,148,0.856475,3296
1109528,1249640,149,0.859720,3280
1109008,1249640,150,0.860411,3280
1104992,1249640,150,0.865582,3280
1101152,1249640,150,0.870184,3280
1104864,1249640,150,0.865739,3280
1101352,1249640,151,0.869918,3264
1104832,1249640,150,0.865739,3312
1102504,1249640,151,0.868526,3312
1098648,1249640,151,0.872949,3312
1100200,1249640,151,0.871173,3312
1097624,1249640,152,0.874009,3312
1101008,1249640,152,0.870202,3312
1103008,1249640,152,0.867819,3312
1103336,1249640,151,0.867420,3320
1103880,1249640,150,0.866749,3336
1104816,1249640,149,0.865592,3352
1105600,1249640,148,0.864605,3368
1106104,1249640,147,0.863955,3384
1109976,1249640,147,0.858850,3384
1109144,1249640,148,0.860008,3352
1105880,1249640,149,0.864216,3352
1106600,1249640,149,0.863248,3352
1105296,1249640,148,0.865001,3352
1109328,1249640,148,0.859763,3352
1105312,1249640,147,0.865041,3352
1103960,1249640,147,0.866749,3352
1104576,1249640,146,0.865983,3368
1108560,1249640,146,0.860885,3368
1109864,1249640,145,0.859152,3368
1108320,1249640,146,0.861199,3368
1107416,1249640,146,0.862463,3344
1105136,1249640,147,0.865327,3344
1109048,1249640,147,0.860273,3344
1106064,1249640,147,0.864176,3344
1109640,1249640,147,0.859485,3344
1109576,1249640,147,0.859634,3344
1107512,1249640,147,0.862401,3344
1110600,1249640,147,0.858253,3344
1109248,1249640,147,0.860135,3344
1110024,1249640,146,0.859033,3392
1110872,1249640,145,0.857859,3408
1111720,1249640,145,0.856621,3408
1108496,1249640,144,0.861105,3408
1107144,1249640,145,0.862862,3400
1110472,1249640,145,0.858416,3400
1111096,1249640,144,0.857540,3416
1113472,1249640,143,0.854193,3416
1110944,1249640,143,0.857815,3416
1111576,1249640,142,0.856932,3424
1112176,1249640,142,0.856027,3424
1112272,1249640,141,0.855892,3424
1108904,1249640,142,0.860537,3384
1111856,1249640,142,0.856464,3384
1109384,1249640,143,0.859837,3384
1109136,1249640,143,0.860241,3376
1109016,1249640,143,0.860463,3376
1111592,1249640,142,0.856977,3376
1108056,1249640,142,0.861782,3376
1104192,1249640,143,0.866643,3352
1104704,1249640,142,0.865993,3376
1107912,1249640,142,0.861906,3376
1105720,1249640,143,0.864684,3376
1108248,1249640,143,0.861408,3376
1107480,1249640,144,0.862411,3368
1106136,1249640,145,0.864136,3352
1106760,1249640,145,0.863289,3352
1103232,1249640,145,0.867677,3352
1106592,1249640,145,0.863502,3352
1102992,1249640,145,0.867961,3352
1104040,1249640,144,0.866700,3360
1105064,1249640,143,0.865435,3376
1108352,1249640,143,0.861209,3376
1105416,1249640,144,0.864962,3360
1102216,1249640,145,0.868807,3360
1104496,1249640,144,0.866090,3360
1108360,1249640,143,0.861189,3384
1111600,1249640,143,0.856754,3384
1110600,1249640,143,0.858253,3344
1111088,1249640,142,0.857584,3344
1107792,1249640,142,0.862041,3344
1111320,1249640,142,0.857265,3344
1109704,1249640,142,0.859527,3344
1113600,1249640,142,0.854043,3344
1110472,1249640,143,0.858427,3344
1110592,1249640,142,0.858263,3344
1109960,1249640,142,0.852689,3344
1111144,1249640,141,0.850982,3360
1107632,1249640,141,0.855937,3360
1107960,1249640,140,0.855483,3368
1105408,1249640,141,0.858858,3368
1103720,1249640,142,0.861005,3368
1100592,1249640,142,0.864872,3368
1100240,1249640,143,0.865288,3368
1103064,1249640,143,0.861822,3368
1105768,1249640,143,0.858329,3368
1102264,1249640,143,0.862805,3368
1106048,1249640,143,0.857964,3368
1105808,1249640,143,0.858371,3344
1105472,1249640,144,0.858806,3344
1103528,1249640,144,0.861375,3312
1106016,1249640,144,0.858141,3312
1106704,1249640,144,0.857175,3312
1104552,1249640,144,0.860026,3312
1108360,1249640,144,0.854950,3312
1105896,1249640,144,0.858360,3264
1108232,1249640,144,0.855190,3264
1105072,1249640,145,0.859362,3264
1107752,1249640,145,0.855775,3264
1109272,1249640,144,0.853696,3264
1110112,1249640,144,0.852453,3264
1107488,1249640,145,0.856066,3264
1111008,1249640,145,0.851108,3264
1113128,1249640,144,0.847962,3288
1111128,1249640,144,0.850970,3288
1107176,1249640,144,0.856548,3264
1109208,1249640,144,0.853718,3264
1109496,1249640,143,0.853317,3264
1106776,1249640,144,0.857016,3264
1108400,1249640,143,0.854765,3312
1106184,1249640,143,0.857796,3312
1106280,1249640,142,0.857670,3312
1103024,1249640,142,0.861881,3312
1104856,1249640,142,0.859516,3312
1102520,1249640,142,0.862502,3312
1103200,1249640,142,0.861604,3312
1100960,1249640,143,0.864330,3312
1103808,1249640,143,0.860784,3312
1100992,1249640,144,0.864235,3312
1104816,1249640,144,0.859444,3312
1102440,1249640,144,0.862482,3312
1104168,1249640,144,0.860270,3312
1101784,1249640,144,0.863282,3312
1099616,1249640,143,0.865971,3312
1098888,1249640,144,0.866814,3312
1095688,1249640,144,0.870448,3312
1093288,1249640,145,0.873008,3312
1091016,1249640,145,0.875388,3312
1090504,1249640,146,0.875925,3288
1091072,1249640,145,0.875356,3288
1088936,1249640,146,0.877478,3280
1091736,1249640,145,0.874675,3296
1091904,1249640,144,0.874504,3296
1093096,1249640,143,0.873241,3328
1094760,1249640,142,0.871458,3352
1096488,1249640,142,0.869527,3352
1094008,1249640,141,0.872309,3352
1094952,1249640,141,0.871252,3352
1098192,1249640,141,0.867619,3352
1098416,1249640,140,0.867355,3360
1095592,1249640,141,0.870535,3328
1098896,1249640,141,0.866786,3328
1096776,1249640,142,0.869182,3328
1098848,1249640,141,0.866786,3376
1095120,1249640,142,0.870942,3376
1095624,1249640,141,0.870395,3376
1094496,1249640,141,0.871698,3344
1095880,1249640,140,0.870203,3344
1092720,1249640,141,0.873565,3344
1093560,1249640,141,0.872638,3344
1091112,1249640,142,0.875178,3328
1087104,1249640,143,0.879100,3328
1090120,1249640,143,0.876124,3328
1093608,1249640,143,0.872504,3328
1090944,1249640,143,0.875348,3280
1087328,1249640,143,0.878932,3280
1085696,1249640,144,0.880464,3280
1088536,1249640,143,0.877758,3296
1089624,1249640,143,0.876647,3296
1090312,1249640,142,0.875925,3336
1087800,1249640,142,0.878429,3336
1086960,1249640,142,0.879274,3336
1088936,1249640,142,0.877330,3336
1088608,1249640,143,0.877657,3328
1091016,1249640,143,0.875227,3328
1092880,1249640,143,0.873266,3328
1088992,1249640,144,0.877190,3328
1092680,1249640,143,0.873433,3368
1090504,1249640,144,0.875653,3368
1088056,1249640,145,0.878060,3368
1088472,1249640,144,0.877626,3400
1084968,1249640,145,0.880936,3400
1085456,1249640,144,0.880479,3408
1089464,1249640,143,0.876647,3408
1088216,1249640,144,0.877866,3408
1091584,1249640,144,0.874471,3408
1090672,1249640,145,0.875412,3392
1087312,1249640,145,0.878795,3344
1084488,1249640,145,0.881492,3320
1088480,1249640,145,0.877696,3320
1090192,1249640,145,0.875965,3320
1091864,1249640,145,0.874225,3320
1090776,1249640,145,0.875380,3320
1091816,1249640,145,0.874275,3320
1090096,1249640,145,0.876061,3320
1093000,1249640,144,0.873066,3352
1092504,1249640,145,0.873590,3344
1089824,1249640,146,0.876307,3344
1087056,1249640,146,0.879039,3344
1088072,1249640,146,0.878021,3344
1085696,1249640,146,0.861506,3344
1082440,1249640,147,0.864919,3344
1084552,1249640,147,0.862674,3344
1080688,1249640,148,0.866663,3320
1081328,1249640,148,0.865974,3320
1080840,1249640,149,0.866463,3320
1079216,1249640,150,0.868113,3272
1075704,1249640,151,0.871449,3272
1073304,1249640,152,0.873634,3272
1076080,1249640,151,0.871055,3320
1075936,1249640,151,0.871234,3320
1077736,1249640,151,0.869494,3320
1074744,1249640,152,0.872288,3320
1071088,1249640,152,0.875586,3320
1072616,1249640,151,0.874232,3336
1071152,1249640,150,0.875599,3336
1074608,1249640,149,0.872485,3384
1074272,1249640,150,0.872791,3384
1074528,1249640,149,0.872558,3384
1077600,1249640,149,0.869654,3384
1081184,1249640,149,0.866103,3384
1079816,1249640,150,0.867463,3384
1078008,1249640,150,0.869265,3384
1080344,1249640,150,0.866941,3384
1078240,1249640,151,0.868996,3384
1078368,1249640,150,0.868873,3384
1081128,1249640,150,0.866111,3384
1085040,1249640,150,0.862011,3384
1087704,1249640,149,0.859092,3400
1088056,1249640,148,0.858681,3416
1085928,1249640,148,0.861075,3416
1087136,1249640,148,0.859703,3416
1089648,1249640,148,0.856822,3416
1090488,1249640,148,0.855795,3416
1086720,1249640,149,0.860055,3416
1087952,1249640,149,0.858636,3416
1084368,1249640,150,0.862539,3416
1083680,1249640,151,0.863263,3416
1082288,1249640,152,0.864714,3408
1083176,1249640,152,0.863747,3408
1083192,1249640,151,0.863731,3408
1080248,1249640,150,0.866822,3408
1084080,1249640,150,0.862851,3408
1084112,1249640,149,0.862817,3408
1083328,1249640,149,0.863689,3408
1083672,1249640,148,0.863305,3432
1083152,1249640,149,0.863864,3416
1085680,1249640,149,0.861135,3416
1081768,1249640,149,0.865286,3416
1083560,1249640,149,0.863389,3416
1080528,1249640,150,0.866503,3400
1083104,1249640,150,0.863831,3400
1082344,1249640,150,0.864665,3400
1083288,1249640,150,0.863639,3400
1080272,1249640,150,0.866758,3400
1083816,1249640,149,0.863095,3440
1080896,1249640,149,0.866143,3440
1076848,1249640,150,0.870087,3440
1073384,1249640,150,0.873325,3440
1073880,1249640,149,0.872870,3448
1071648,1249640,150,0.874860,3448
1068000,1249640,151,0.877981,3448
1064096,1249640,151,0.881197,3440
1066376,1249640,151,0.879327,3440
1070384,1249640,150,0.875931,3480
1072416,1249640,150,0.874111,3480
1075360,1249640,150,0.871397,3480
1078424,1249640,150,0.868447,3480
1076376,1249640,150,0.870449,3480
1075960,1249640,151,0.870869,3448
1072720,1249640,151,0.873869,3448
1074792,1249640,151,0.871951,3448
1076648,1249640,151,0.870177,3448
1080264,1249640,150,0.866639,3480
1077048,1249640,151,0.869783,3464
1077208,1249640,150,0.869631,3464
1076840,1249640,150,0.870026,3464
1078240,1249640,150,0.868641,3464
1078160,1249640,150,0.868765,3464
1076688,1249640,150,0.870215,3464
1078088,1249640,150,0.868834,3464
1075192,1249640,150,0.850434,3464
1071280,1249640,151,0.854528,3464
1073728,1249640,151,0.851943,3464
1071360,1249640,152,0.854398,3464
1073640,1249640,152,0.851985,3464
1075856,1249640,152,0.849560,3464
1076768,1249640,151,0.848534,3488
1076360,1249640,152,0.849009,3464
1079848,1249640,151,0.845086,3464
1077912,1249640,152,0.847288,3464
1076808,1249640,153,0.848517,3464
1078016,1249640,153,0.847118,3464
1077760,1249640,154,0.847405,3464
1074608,1249640,154,0.850906,3464
1076032,1249640,154,0.849316,3464
1073008,1249640,155,0.852556,3456
1076328,1249640,155,0.848948,3456
1079968,1249640,155,0.844789,3456
1076816,1249640,155,0.848411,3456
1074712,1249640,155,0.850804,3408
1076880,1249640,155,0.848393,3408
1074280,1249640,156,0.851214,3408
1071328,1249640,156,0.854341,3408
1073808,1249640,156,0.851714,3408
1075440,1249640,156,0.849916,3408
1079456,1249640,156,0.845380,3408
1078280,1249640,156,0.846820,3368
1075296,1249640,155,0.850219,3368
1078592,1249640,155,0.846522,3368
1080960,1249640,155,0.843735,3368
1084400,1249640,155,0.839528,3368
1083832,1249640,156,0.840248,3352
1082480,1249640,157,0.841891,3352
1079496,1249640,158,0.845399,3352
1077064,1249640,158,0.848198,3352
1079384,1249640,158,0.845527,3352
1083272,1249640,157,0.840904,3376
1083952,1249640,156,0.840071,3376
1083056,1249640,157,0.841166,3376
1087048,1249640,156,0.836160,3384
1084152,1249640,156,0.839914,3352
1081136,1249640,157,0.843603,3304
1084624,1249640,157,0.839330,3304
1086152,1249640,157,0.837349,3304
1088608,1249640,157,0.834099,3304
1088184,1249640,157,0.834722,3304
1091832,1249640,157,0.829719,3304
1088912,1249640,157,0.833760,3304
1084912,1249640,158,0.838942,3280
1085776,1249640,157,0.837816,3312
1084224,1249640,157,0.839815,3312
1082968,1249640,157,0.841408,3312
1083088,1249640,156,0.841263,3312
1081400,1249640,156,0.843339,3312
1082304,1249640,156,0.842208,3312
1078712,1249640,156,0.846449,3312
1082064,1249640,156,0.842494,3312
1080824,1249640,156,0.844016,3312
1079336,1249640,156,0.845793,3312
1076568,1249640,156,0.849001,3264
1073264,1249640,156,0.852589,3264
1070984,1249640,156,0.854983,3264
1074496,1249640,156,0.851290,3264
1072376,1249640,157,0.853511,3264
1073664,1249640,157,0.852119,3264
1076840,1249640,157,0.848649,3264
1077448,1249640,156,0.847976,3264
1079656,1249640,156,0.845426,3264
1081256,1249640,156,0.843509,3264
1082728,1249640,156,0.841698,3264
1084112,1249640,156,0.839953,3264
1081312,1249640,157,0.843339,3256
1080528,1249640,158,0.844306,3216
1084056,1249640,158,0.840022,3216
1085128,1249640,158,0.838632,3216
1082648,1249640,158,0.841737,3216
1086728,1249640,158,0.836603,3216
1083536,1249640,158,0.840660,3216
1083880,1249640,157,0.840209,3240
1081976,1249640,158,0.842513,3240
1084752,1249640,157,0.839091,3272
1083896,1249640,157,0.840229,3256
1082792,1249640,157,0.841631,3256
1085776,1249640,157,0.837887,3256
1087992,1249640,157,0.834974,3256
1087144,1249640,157,0.836139,3256
1087216,1249640,156,0.836046,3256
1086856,1249640,157,0.836520,3248
1086144,1249640,158,0.837430,3248
1086488,1249640,157,0.836961,3272
1087368,1249640,157,0.835766,3272
1086656,1249640,157,0.836746,3272
1088496,1249640,157,0.834290,3272
1085208,1249640,157,0.838581,3272
1085304,1249640,156,0.838461,3272
1081480,1249640,156,0.843179,3272
1085112,1249640,156,0.838702,3272
1083232,1249640,157,0.841020,3272
1079544,1249640,158,0.845426,3232
1077488,1249640,159,0.847754,3232
1076624,1249640,160,0.848746,3200
1080216,1249640,160,0.844632,3200
1076208,1249640,161,0.849193,3160
1077480,1249640,160,0.847762,3184
1076976,1249640,161,0.848340,3168
1077528,1249640,160,0.847727,3168
1080624,1249640,159,0.844175,3184
1081912,1249640,159,0.842599,3184
1077840,1249640,160,0.847306,3184
1080368,1249640,160,0.844362,3184
1083664,1249640,159,0.840366,3232
1082880,1249640,160,0.841341,3216
1081904,1249640,159,0.842628,3216
1079808,1249640,160,0.845086,3216
1076920,1249640,161,0.848349,3216
1079120,1249640,161,0.845821,3216
1075736,1249640,161,0.849647,3216
1073936,1249640,161,0.851630,3216
1071528,1249640,161,0.854185,3216
1073320,1249640,160,0.852288,3256
1076880,1249640,160,0.848402,3256
1073672,1249640,160,0.851917,3256
1073856,1249640,159,0.851723,3256
1069864,1249640,160,0.855835,3248
1067912,1249640,160,0.857807,3248
1069152,1249640,160,0.856544,3248
1068248,1249640,160,0.857488,3240
1065800,1249640,160,0.859885,3240
1066896,1249640,159,0.858811,3272
1068496,1249640,159,0.857213,3272
1068104,1249640,159,0.857644,3272
1070408,1249640,159,0.855314,3272
1067608,1249640,160,0.858094,3256
1069280,1249640,160,0.856409,3256
1072288,1249640,160,0.853313,3256
1074856,1249640,160,0.850555,3256
1074784,1249640,161,0.850632,3256
1070832,1249640,162,0.854780,3232
1074328,1249640,162,0.851094,3232
1078248,1249640,162,0.846739,3232
1075648,1249640,163,0.849621,3232
1074896,1249640,162,0.850538,3232
1071600,1249640,161,0.854095,3232
1067592,1249640,161,0.858133,3232
1063760,1249640,162,0.861748,3232
1060776,1249640,161,0.864523,3232
1062736,1249640,161,0.862726,3232
1062568,1249640,160,0.862965,3232
1064536,1249640,160,0.861120,3232
1067536,1249640,160,0.858234,3232
1070864,1249640,160,0.854894,3232
1072984,1249640,159,0.852706,3240
1076200,1249640,159,0.849220,3240
1079424,1249640,159,0.845555,3240
1075344,1249640,159,0.850150,3240
1071584,1249640,160,0.854104,3240
1075104,1249640,160,0.850357,3240
1075976,1249640,159,0.849386,3264
1078536,1249640,158,0.846495,3304
1078816,1249640,157,0.846177,3304
1079968,1249640,157,0.844799,3304
1076184,1249640,158,0.849062,3304
1078032,1249640,158,0.846956,3304
1076232,1249640,159,0.849001,3264
1077600,1249640,159,0.847432,3264
1077416,1249640,160,0.847637,3264
1079184,1249640,160,0.845583,3264
1075256,1249640,160,0.850012,3264
1078744,1249640,160,0.846086,3264
1075032,1249640,160,0.850254,3264
1075056,1249640,159,0.850228,3264
1071128,1249640,159,0.854398,3264
1068352,1249640,160,0.857221,3216
1072024,1249640,160,0.853478,3216
1072928,1249640,160,0.852489,3216
1070152,1249640,161,0.855338,3216
1069456,1249640,161,0.856099,3200
1072632,1249640,161,0.852815,3200
1072912,1249640,160,0.852514,3208
1070488,1249640,161,0.855007,3208
1067768,1249640,161,0.857753,3208
1064240,1249640,161,0.861194,3160
1060168,1249640,161,0.864910,3160
1056656,1249640,161,0.867964,3160
1058200,1249640,161,0.866615,3160
1062224,1249640,160,0.863074,3168
1058784,1249640,160,0.866148,3168
1058288,1249640,160,0.866622,3160
1057176,1249640,160,0.867607,3160
1054168,1249640,160,0.870134,3160
1056280,1249640,160,0.868358,3160
1057800,1249640,160,0.867038,3160
1059624,1249640,160,0.865427,3160
1056096,1249640,160,0.868472,3160
1053432,1249640,160,0.870690,3160
1052192,1249640,160,0.871718,3160
1052568,1249640,159,0.871419,3160
1054760,1249640,159,0.869613,3160
1052928,1249640,160,0.871132,3112
1051080,1249640,161,0.872592,3112
1053800,1249640,161,0.870393,3112
1051056,1249640,161,0.872611,3112
1054464,1249640,161,0.869855,3112
1055016,1249640,160,0.869384,3136
1051240,1249640,161,0.872423,3120
1054424,1249640,161,0.869842,3120
1055240,1249640,160,0.869167,3128
1057760,1249640,160,0.867018,3128
1058320,1249640,159,0.866526,3144
1061432,1249640,159,0.863763,3144
1060584,1249640,160,0.864530,3128
1057000,1249640,160,0.867661,3128
1053400,1249640,161,0.870626,3128
1052272,1249640,161,0.871566,3128
1054856,1249640,161,0.869443,3128
1055320,1249640,160,0.869061,3128
1051776,1249640,161,0.871952,3088
1049808,1249640,162,0.873485,3088
1051648,1249640,161,0.872046,3096
1053136,1249640,161,0.870825,3096
1053464,1249640,160,0.870555,3104
1054168,1249640,159,0.869985,3104
1058016,1249640,159,0.866738,3104
1054240,1249640,160,0.869907,3080
1056064,1249640,160,0.868365,3080
1053512,1249640,161,0.870477,3056
1049712,1249640,162,0.873473,3056
1047168,1249640,162,0.875437,3056
1050304,1249640,162,0.873015,3056
1052384,1249640,162,0.871343,3056
1053880,1249640,162,0.870102,3056
1050248,1249640,163,0.872984,3056
1051000,1249640,162,0.872360,3104
1050408,1249640,163,0.872822,3104
1050080,1249640,163,0.873120,3096
1048960,1249640,163,0.874018,3096
1049232,1249640,162,0.873798,3112
1051568,1249640,162,0.871945,3112
1054344,1249640,162,0.869679,3112
1054064,1249640,163,0.869907,3112
1053184,1249640,162,0.870697,3112
1051328,1249640,161,0.872247,3112
1050488,1249640,161,0.872941,3112
1054320,1249640,161,0.869855,3112
1051000,1249640,161,0.872542,3112
1051856,1249640,160,0.871863,3120
1049488,1249640,161,0.873706,3120
1045840,1249640,161,0.876509,3080
1045856,1249640,160,0.876497,3080
1045344,1249640,161,0.876871,3080
1049072,1249640,161,0.874055,3080
1047384,1249640,161,0.875366,3080
1047552,1249640,160,0.875240,3080
1043848,1249640,160,0.877987,3080
1043352,1249640,159,0.878415,3072
1041960,1249640,160,0.879397,3072
1038448,1249640,161,0.881805,3072
1041096,1249640,161,0.879965,3072
1044440,1249640,161,0.877567,3072
1043040,1249640,161,0.878602,3072
1044376,1249640,161,0.877613,3072
1044712,1249640,160,0.877371,3072
1044008,1249640,161,0.877878,3072
1047672,1249640,160,0.875180,3088
1049832,1249640,160,0.873503,3088
1052728,1249640,160,0.871196,3088
1056568,1249640,160,0.868017,3088
1060152,1249640,160,0.864903,3088
1058032,1249640,160,0.866779,3088
1055272,1249640,161,0.869094,3088
1058088,1249640,161,0.866691,3088
1054912,1249640,161,0.869390,3088
1055744,1249640,160,0.868704,3088
1055192,1249640,161,0.869180,3064
1057256,1249640,161,0.867418,3064
1053776,1249640,161,0.870374,3016
1055880,1249640,161,0.868611,3016
1058552,1249640,161,0.866313,3016
1061424,1249640,161,0.863756,3016
1057408,1249640,162,0.867256,3008
1059728,1249640,162,0.865218,3008
1057864,1249640,163,0.866827,3008
1061016,1249640,163,0.864041,3008
1057176,1249640,163,0.867411,3008
1058688,1249640,162,0.866079,3056
1055248,1249640,162,0.869022,3056
1057192,1249640,162,0.867357,3056
1053976,1249640,163,0.870024,3056
1054464,1249640,162,0.869626,3056
1054016,1249640,163,0.869998,3048
1055032,1249640,163,0.869127,3048
1052936,1249640,163,0.870870,3048
1053512,1249640,162,0.870406,3048
1052840,1249640,163,0.870966,3024
1051120,1249640,163,0.872367,3024
1051920,1249640,162,0.871711,3056
1049816,1249640,162,0.873392,3056
1051056,1249640,161,0.872423,3064
1049768,1249640,162,0.873423,3064
1050992,1249640,161,0.872473,3064
1050104,1249640,161,0.873201,3064
1047552,1249640,161,0.875180,3064
1048160,1249640,160,0.874717,3072
1051088,1249640,160,0.872429,3072
1048592,1249640,160,0.874390,3072
1052184,1249640,160,0.871566,3072
1052608,1249640,159,0.871222,3080
1052176,1249640,160,0.871572,3072
1050760,1249640,161,0.872717,3032
1049808,1249640,160,0.873528,3032
1051104,1249640,159,0.872517,3040
1048592,1249640,158,0.874523,3040
1048936,1249640,157,0.874262,3040
1046760,1249640,158,0.875895,3040
1048832,1249640,158,0.874305,3040
1052000,1249640,158,0.871813,3040
1055496,1249640,158,0.868949,3040
1053432,1249640,159,0.870632,3040
1054960,1249640,159,0.869351,3040
1051808,1249640,159,0.871926,3040
1053896,1249640,159,0.870219,3040
1053504,1249640,160,0.870535,3040
1057008,1249640,160,0.867607,3040
1055480,1249640,159,0.868962,3040
1056928,1249640,158,0.867749,3048
1053168,1249640,157,0.870915,3048
1054344,1249640,156,0.869959,3056
1054120,1249640,156,0.868482,3056
1056496,1249640,156,0.866460,3056
1055312,1249640,157,0.867469,3040
1058712,1249640,156,0.864537,3080
1056944,1249640,157,0.866060,3080
1059472,1249640,157,0.863829,3080
1059048,1249640,158,0.864208,3072
1061912,1249640,157,0.861618,3112
1058280,1249640,156,0.864940,3096
1055376,1249640,156,0.867449,3096
1055592,1249640,155,0.867268,3096
1059320,1249640,155,0.864033,3096
1059304,1249640,156,0.864047,3096
1059136,1249640,157,0.864194,3096
1057752,1249640,157,0.865437,3096
1061752,1249640,157,0.861865,3096
1064968,1249640,157,0.858843,3096
1067704,1249640,157,0.856160,3096
1067536,1249640,157,0.856371,3096
1071504,1249640,157,0.852328,3096
1071472,1249640,158,0.852361,3096
1070960,1249640,157,0.852987,3096
1072536,1249640,156,0.851352,3096
1073312,1249640,155,0.850525,3104
1069480,1249640,155,0.854530,3104
1070336,1249640,155,0.853617,3104
1067632,1249640,156,0.856317,3104
1069848,1249640,155,0.854095,3120
1069216,1249640,156,0.854739,3112
1066272,1249640,156,0.857676,3112
1068584,1249640,156,0.855369,3112
1072624,1249640,155,0.851209,3144
1070960,1249640,156,0.852938,3144
1072656,1249640,156,0.851125,3144
1072080,1249640,157,0.851737,3136
1068040,1249640,158,0.855868,3104
1067544,1249640,158,0.856403,3104
1068968,1249640,158,0.854947,3104
1072136,1249640,158,0.851662,3104
1073696,1249640,158,0.849963,3104
1073472,1249640,159,0.850210,3096
1075432,1249640,159,0.848041,3096
1073176,1249640,159,0.850568,3056
1076792,1249640,159,0.846580,3056
1076168,1249640,159,0.847327,3056
1072112,1249640,158,0.851787,3056
1070904,1249640,159,0.853036,3056
1067736,1249640,159,0.856262,3056
1066600,1249640,160,0.857406,3016
1062872,1249640,160,0.860960,3016
1059528,1249640,160,0.864005,3016
1062584,1249640,160,0.861224,3016
1064816,1249640,160,0.859107,3016
1063760,1249640,161,0.860118,2992
1064432,1249640,160,0.859483,3000
1060760,1249640,160,0.862886,3000
1057272,1249640,161,0.865930,3000
1054720,1249640,161,0.868119,2992
1058056,1249640,161,0.865265,2992
1054216,1249640,162,0.868495,2992
1056712,1249640,162,0.866372,2992
1059656,1249640,162,0.863787,2992
1060216,1249640,161,0.863270,3016
1057720,1249640,161,0.865492,3016
1053752,1249640,161,0.868855,3016
1055648,1249640,160,0.867262,3048
1053984,1249640,161,0.868678,3000
1057920,1249640,161,0.865333,3000
1057624,1249640,161,0.865643,2984
1058088,1249640,160,0.865244,2984
1059176,1249640,159,0.864285,3000
1057680,1249640,160,0.865581,3000
1060480,1249640,160,0.863093,3000
1063728,1249640,160,0.860096,3000
1064776,1249640,160,0.859070,3000
1065184,1249640,159,0.858684,3000
1069088,1249640,159,0.854835,3000
1068040,1249640,158,0.855971,3000
1069296,1249640,157,0.854691,3032
1068544,1249640,158,0.855441,3032
1069368,1249640,158,0.854571,3032
1068320,1249640,159,0.855623,3024
1072232,1249640,159,0.851595,3024
1073344,1249640,159,0.850372,3024
1071896,1249640,160,0.851904,3016
1073352,1249640,159,0.850372,3016
1070768,1249640,159,0.853118,3016
1071128,1249640,158,0.852732,3032
1067464,1249640,159,0.856426,3016
1067040,1249640,160,0.856871,2984
1066384,1249640,160,0.857552,2984
1065608,1249640,160,0.858388,2936
1067216,1249640,159,0.856817,2960
1067232,1249640,158,0.856801,2960
1065808,1249640,158,0.858220,2960
1068208,1249640,158,0.855845,2960
1071896,1249640,158,0.852062,2960
1075104,1249640,158,0.848600,2960
1074304,1249640,158,0.849517,2960
1075152,1249640,158,0.848548,2960
1073096,1249640,158,0.850805,2960
1069936,1249640,159,0.854087,2944
1074008,1249640,159,0.849800,2944
1073408,1249640,159,0.850491,2944
1076632,1249640,159,0.846936,2944
1079000,1249640,159,0.844201,2944
1077544,1249640,160,0.845861,2944
1079440,1249640,159,0.843655,2976
1079152,1249640,160,0.843989,2976
1081720,1249640,160,0.840906,2976
1079512,1249640,159,0.843628,2976
1079416,1249640,159,0.843794,2976
1077112,1249640,159,0.846472,2976
1073280,1249640,159,0.850695,2976
1075384,1249640,159,0.848382,2976
1073392,1249640,160,0.850576,2928
1072440,1249640,159,0.851679,2928
1075824,1249640,159,0.848006,2928
1075280,1249640,160,0.848617,2912
1078664,1249640,160,0.844789,2912
1077224,1249640,160,0.846472,2912
1076600,1249640,161,0.847185,2896
1080096,1249640,161,0.843152,2896
1079776,1249640,162,0.843525,2896
1082144,1249640,161,0.840714,2904
1084784,1249640,161,0.837409,2904
1085848,1249640,160,0.836022,2936
1083280,1249640,161,0.839236,2936
1086816,1249640,161,0.834714,2936
1083416,1249640,162,0.839059,2896
1079928,1249640,162,0.843292,2896
1082592,1249640,162,0.840066,2896
1078608,1249640,162,0.844816,2896
1076448,1249640,162,0.847300,2896
1076560,1249640,161,0.847176,2896
1075184,1249640,162,0.848687,2896
1079112,1249640,162,0.844238,2896
1080032,1249640,162,0.843115,2896
1081856,1249640,161,0.840954,2896
1082648,1249640,161,0.839939,2896
1080104,1249640,162,0.843003,2872
1082168,1249640,162,0.840492,2872
1080136,1249640,162,0.842965,2872
1079248,1249640,163,0.843998,2872
1081496,1249640,163,0.841299,2872
1085568,1249640,163,0.836215,2872
1086304,1249640,162,0.835252,2888
1089656,1249640,161,0.830795,2904
1088904,1249640,161,0.831875,2904
1086112,1249640,162,0.835540,2904
1087912,1249640,161,0.833175,2920
1090312,1249640,161,0.829877,2920
1089768,1249640,161,0.830686,2920
1086248,1249640,162,0.835345,2920
1090240,1249640,162,0.829975,2920
1087000,1249640,163,0.834309,2920
1089736,1249640,163,0.830599,2920
1090984,1249640,163,0.828815,2920
1089560,1249640,163,0.830838,2920
1087808,1249640,164,0.833186,2920
1088440,1249640,163,0.832346,2920
1090304,1249640,162,0.829811,2928
1089240,1249640,163,0.831304,2896
1092136,1249640,163,0.827231,2896
1091032,1249640,164,0.828781,2896
1094624,1249640,164,0.823561,2896
1091800,1249640,164,0.827706,2896
1089472,1249640,163,0.831056,2896
1090000,1249640,162,0.830326,2904
1091216,1249640,162,0.828581,2904
1089880,1249640,162,0.830490,2904
1088424,1249640,162,0.832517,2904
1089608,1249640,161,0.830893,2928
1091920,1249640,161,0.827627,2928
1089104,1249640,162,0.831510,2928
1091072,1249640,162,0.828748,2928
1088272,1249640,163,0.832602,2896
1092032,1249640,163,0.827378,2896
1091728,1249640,163,0.827886,2888
1093848,1249640,163,0.824782,2888
1093384,1249640,164,0.825456,2888
1091440,1249640,165,0.828223,2888
1094688,1249640,165,0.823478,2888
1097872,1249640,165,0.818564,2888
1095480,1249640,165,0.822299,2888
1097368,1249640,165,0.819348,2888
1094840,1249640,165,0.823253,2888
1094240,1249640,164,0.824279,2888
1092520,1249640,164,0.826890,2848
1093568,1249640,163,0.825317,2896
1094176,1249640,162,0.824385,2928
1093024,1249640,162,0.826124,2928
1095992,1249640,162,0.821685,2928
1098920,1249640,162,0.817077,2928
1098232,1249640,163,0.818163,2928
1099184,1249640,163,0.816580,2928
1096904,1249640,164,0.820150,2928
1093656,1249640,164,0.825073,2928
1090304,1249640,165,0.829833,2912
1090592,1249640,164,0.829436,2912
1092424,1249640,163,0.826833,2936
1089624,1249640,164,0.830751,2920
1087000,1249640,165,0.834257,2912
1083800,1249640,165,0.838387,2912
1084096,1249640,164,0.838019,2912
1081376,1249640,165,0.841338,2912
1083600,1249640,165,0.838575,2912
1084368,1249640,164,0.837569,2952
1084272,1249640,165,0.837690,2952
1087952,1249640,165,0.832889,2952
1086224,1249640,165,0.835211,2952
1088528,1249640,165,0.832122,2952
1087008,1249640,165,0.834194,2952
1089112,1249640,165,0.831337,2952
1085280,1249640,166,0.836388,2928
1087472,1249640,166,0.833491,2928
1091032,1249640,166,0.828603,2928
1088720,1249640,166,0.831832,2928
1089504,1249640,166,0.830708,2928
1090616,1249640,165,0.829126,2968
1086584,1249640,165,0.834600,2968
1087000,1249640,164,0.834058,2968
1083848,1249640,165,0.838079,2968
1084360,1249640,164,0.837439,2968
1082392,1249640,164,0.839929,2968
1084864,1249640,164,0.836804,2968
1083560,1249640,163,0.838555,2968
1080696,1249640,164,0.842071,2928
1084160,1249640,164,0.837800,2928
1080664,1249640,164,0.842108,2928
1081192,1249640,163,0.841471,2936
1081672,1249640,162,0.840887,2944
1079592,1249640,162,0.843404,2944
1077072,1249640,163,0.846284,2944
1079880,1249640,162,0.843059,2952
1080672,1249640,162,0.842071,2952
1080280,1249640,162,0.842590,2952
1076944,1249640,161,0.846526,2952
1079952,1249640,161,0.843031,2952
1077848,1249640,161,0.845508,2952
1079136,1249640,160,0.844035,2952
1076760,1249640,160,0.846785,2952
1076816,1249640,159,0.846723,2952
1077392,1249640,158,0.846068,2960
1076592,1249640,158,0.847052,2928
1075080,1249640,159,0.848765,2880
1071000,1249640,159,0.853118,2880
1070432,1249640,160,0.853698,2880
1069128,1249640,161,0.855011,2880
1069256,1249640,160,0.854883,2880
1071736,1249640,159,0.852319,2920
1074424,1249640,158,0.849448,2952
1070608,1249640,158,0.853535,2912
1070656,1249640,157,0.853486,2912
1072816,1249640,156,0.851251,2912
1071960,1249640,156,0.852203,2904
1070472,1249640,156,0.853779,2904
1072648,1249640,156,0.851486,2904
1072696,1249640,155,0.851436,2904
1073856,1249640,155,0.850159,2904
1073016,1249640,156,0.851049,2904
1074672,1249640,155,0.849276,2912
1072440,1249640,154,0.851745,2912
1074608,1249640,154,0.849397,2912
1072392,1249640,155,0.851745,2912
1072464,1249640,154,0.851670,2912
1072344,1249640,154,0.851846,2912
1073560,1249640,154,0.850517,2912
1073432,1249640,155,0.850652,2912
1075536,1249640,155,0.848338,2912
1074976,1249640,155,0.849017,2896
1071264,1249640,155,0.852979,2896
1069608,1249640,156,0.854667,2888
1069048,1249640,157,0.855250,2864
1067160,1249640,157,0.857151,2864
1069456,1249640,157,0.854843,2864
1068584,1249640,157,0.855781,2840
1072400,1249640,156,0.851912,2840
1073696,1249640,156,0.850500,2840
1071304,1249640,157,0.852995,2840
1067400,1249640,158,0.856894,2840
1066664,1249640,159,0.857622,2824
1068384,1249640,159,0.855900,2824
1065808,1249640,160,0.858395,2824
1063240,1249640,160,0.860842,2824
1060144,1249640,160,0.863688,2808
1059240,1249640,161,0.864481,2808
1058864,1249640,162,0.864808,2808
1059168,1249640,161,0.864544,2808
1059408,1249640,160,0.864327,2816
1061792,1249640,159,0.862204,2824
1063096,1249640,159,0.860975,2824
1064224,1249640,159,0.859887,2824
1067472,1249640,159,0.856746,2824
1068368,1249640,158,0.855860,2832
1066528,1249640,158,0.857706,2824
1069144,1249640,157,0.855107,2864
1070136,1249640,157,0.854063,2864
1070976,1249640,156,0.853168,2904
1072848,1249640,156,0.851176,2904
1068960,1249640,155,0.855274,2880
1065592,1249640,155,0.858593,2880
1067448,1249640,155,0.856762,2880
1067920,1249640,154,0.856254,2928
1066216,1249640,155,0.857906,2928
1069296,1249640,155,0.854843,2928
1066432,1249640,156,0.857653,2928
1062728,1249640,157,0.861129,2928
1063048,1249640,156,0.860835,2928
1060360,1249640,157,0.863292,2896
1058672,1249640,157,0.864815,2896
1059864,1249640,157,0.863730,2896
1056176,1249640,158,0.866906,2896
1059424,1249640,158,0.864075,2896
1059840,1249640,157,0.863709,2896
1061088,1249640,157,0.862557,2896
1059912,1249640,157,0.855678,2888
1063560,1249640,156,0.852149,2928
1062344,1249640,157,0.853339,2920
1061112,1249640,157,0.854563,2920
1058528,1249640,158,0.856989,2904
1054456,1249640,159,0.860629,2904
1058480,1249640,158,0.856989,2952
1055576,1249640,159,0.859604,2952
1056856,1249640,159,0.858420,2952
1053648,1249640,159,0.861288,2952
1057712,1249640,159,0.857646,2952
1061600,1249640,158,0.854007,2968
1062472,1249640,157,0.853130,3008
1065968,1249640,157,0.849620,3008
1065152,1249640,158,0.850451,3000
1064280,1249640,159,0.851360,2960
1061504,1249640,159,0.854107,2960
1065024,1249640,159,0.850619,2960
1067008,1249640,158,0.848557,3008
1065624,1249640,158,0.850016,3008
1065008,1249640,159,0.850651,2992
1062592,1249640,159,0.853107,2960
1063712,1249640,159,0.851968,2960
1066568,1249640,158,0.849098,2968
1070416,1249640,158,0.845012,2968
1071648,1249640,158,0.843620,2968
1071192,1249640,159,0.844119,2968
1075024,1249640,158,0.839828,2968
1073656,1249640,157,0.841495,2968
1071536,1249640,157,0.843927,2944
1074736,1249640,157,0.840296,2944
1077688,1249640,156,0.836846,2944
1073664,1249640,156,0.841576,2936
1076976,1249640,156,0.837701,2936
1074944,1249640,156,0.840122,2936
1075584,1249640,155,0.839338,2976
1072712,1249640,156,0.842596,2976
1069248,1249640,157,0.846353,2976
1068000,1249640,157,0.847713,2976
1070216,1249640,157,0.845321,2976
1073240,1249640,157,0.841953,2976
1075440,1249640,157,0.839394,2976
1071816,1249640,158,0.843480,2976
1069944,1249640,158,0.845561,2976
1070288,1249640,157,0.845192,2976
1070648,1249640,156,0.844787,2992
1069464,1249640,157,0.846082,2968
1071760,1249640,157,0.843550,2968
1069776,1249640,158,0.845749,2920
1071240,1249640,158,0.844119,2920
1067904,1249640,158,0.847722,2920
1067952,1249640,157,0.847672,2920
1067872,1249640,157,0.847805,2920
1066248,1249640,157,0.849555,2888
1063880,1249640,157,0.851968,2888
1067824,1249640,157,0.847938,2888
1069720,1249640,156,0.845945,2888
1071560,1249640,156,0.843909,2888
1070592,1249640,157,0.845003,2848
1074000,1249640,157,0.841188,2848
1073544,1249640,158,0.841702,2848
1070040,1249640,159,0.845544,2848
1066432,1249640,160,0.849311,2848
1067496,1249640,160,0.848170,2848
1068712,1249640,160,0.846851,2848
1072080,1249640,159,0.843189,2880
1070120,1249640,159,0.845373,2880
1068224,1249640,160,0.847380,2880
1065504,1249640,160,0.850242,2856
1066248,1249640,159,0.849482,2864
1069800,1249640,159,0.845732,2864
1072264,1249640,159,0.843004,2864
1070904,1249640,160,0.844493,2864
1071088,1249640,159,0.844293,2864
1070376,1249640,159,0.845115,2864
1067208,1249640,160,0.848450,2864
1068432,1249640,160,0.847129,2864
1067136,1249640,160,0.848541,2848
1064944,1249640,160,0.850811,2848
1064416,1249640,161,0.851344,2840
1063808,1249640,161,0.851992,2840
1060840,1249640,161,0.854897,2840
1060912,1249640,160,0.854829,2840
1062896,1249640,159,0.852882,2888
1063816,1249640,159,0.851936,2888
1066904,1249640,159,0.848787,2888
1062848,1249640,160,0.852836,2888
1061032,1249640,160,0.854624,2888
1062160,1249640,160,0.853501,2888
1065208,1249640,160,0.850459,2888
1061720,1249640,160,0.853923,2888
1059896,1249640,161,0.855648,2888
1060440,1249640,160,0.855123,2904
1061112,1249640,159,0.854472,2920
1061392,1249640,158,0.854198,2928
1065288,1249640,157,0.850354,2960
1064192,1249640,157,0.851526,2928
1066248,1249640,156,0.849425,2968
1063048,1249640,156,0.852657,2968
1065928,1249640,155,0.849774,2992
1062776,1249640,155,0.852944,2992
1065144,1249640,155,0.850563,2992
1063080,1249640,155,0.852649,2992
1061792,1249640,155,0.853938,2992
1063304,1249640,155,0.852430,2992
1066336,1249640,155,0.849359,2992
1063936,1249640,155,0.851810,2992
1062992,1249640,156,0.852734,2992
1063040,1249640,155,0.852688,2992
1063360,1249640,154,0.852368,3000
1063080,1249640,155,0.852649,2992
1064640,1249640,155,0.851066,2992
1062816,1249640,156,0.852859,2992
1063208,1249640,155,0.852477,2992
1062208,1249640,155,0.853509,2976
1059680,1249640,156,0.855902,2976
1057632,1249640,157,0.857792,2968
1054544,1249640,157,0.860580,2968
1056624,1249640,156,0.858700,3016
1057888,1249640,156,0.857515,3016
1055392,1249640,157,0.859752,3016
1059416,1249640,156,0.856081,3048
1056088,1249640,156,0.859150,3048
1056624,1249640,155,0.858671,3048
1054520,1249640,155,0.860573,3048
1057504,1249640,155,0.857879,3048
1060384,1249640,154,0.855198,3072
1060560,1249640,153,0.855025,3080
1057200,1249640,153,0.858168,3080
1060520,1249640,153,0.855063,3080
1057600,1249640,154,0.857763,3080
1060144,1249640,154,0.855371,3080
1058888,1249640,155,0.856569,3048
1059720,1249640,154,0.855790,3056
1058048,1249640,154,0.857377,3056
1054216,1249640,155,0.860789,3056
1058032,1249640,154,0.857377,3072
1054968,1249640,154,0.860189,3040
1056904,1249640,154,0.858427,3040
1059648,1249640,153,0.855917,3040
1058872,1249640,154,0.856636,3040
1055528,1249640,155,0.859654,3040
1058784,1249640,155,0.856673,3040
1056656,1249640,155,0.858650,3040
1060272,1249640,155,0.855288,3040
1062504,1249640,154,0.853153,3048
1058584,1249640,153,0.856938,3048
1060040,1249640,153,0.855543,3048
1058952,1249640,153,0.856599,3048
1062480,1249640,153,0.853223,3048
1062088,1249640,154,0.853601,3048
1063536,1249640,154,0.852149,3048
1060008,1249640,154,0.855573,3048
1056000,1249640,154,0.859306,3008
1057432,1249640,154,0.857980,3008
1054696,1249640,154,0.860455,3008
1050608,1249640,154,0.863976,3008
1051864,1249640,153,0.862898,3040
1049528,1249640,154,0.864840,3040
1053016,1249640,153,0.861907,3056
1051928,1249640,154,0.862844,3040
1048128,1249640,154,0.866016,3040
1047488,1249640,155,0.866561,3000
1044424,1249640,155,0.869007,2992
1047992,1249640,155,0.866164,2992
1050696,1249640,154,0.863943,3008
1046880,1249640,155,0.867051,2992
1049264,1249640,155,0.865095,2992
1050336,1249640,154,0.864188,3024
1049848,1249640,154,0.864636,3016
1046768,1249640,154,0.867159,3016
1050312,1249640,154,0.864254,3016
1049656,1249640,155,0.864833,2968
1053160,1249640,154,0.861893,2976
1050600,1249640,154,0.864122,2936
1047080,1249640,155,0.866975,2936
1046968,1249640,155,0.867102,2936
1045456,1249640,155,0.868327,2936
1047656,1249640,154,0.866580,2952
1050216,1249640,154,0.864465,2952
1052944,1249640,153,0.862139,3000
1054056,1249640,153,0.861143,3000
1057272,1249640,152,0.858291,3016
1056496,1249640,153,0.858993,3008
1056536,1249640,152,0.858957,3008
1059416,1249640,151,0.856303,3048
1058296,1249640,151,0.857377,3048
1061680,1249640,150,0.854214,3056
1062216,1249640,149,0.853670,3088
1060112,1249640,148,0.855753,3088
1061584,1249640,148,0.854320,3088
1065656,1249640,148,0.850290,3088
1064544,1249640,148,0.851447,3088
1061040,1249640,149,0.854844,3080
1057352,1249640,150,0.858276,3048
1059440,1249640,150,0.856325,3048
1060080,1249640,149,0.855693,3088
1056992,1249640,149,0.858564,3088
1057360,1249640,148,0.858218,3104
1058352,1249640,147,0.857304,3120
1056528,1249640,147,0.858993,3120
1058552,1249640,147,0.857121,3120
1055296,1249640,147,0.860083,3120
1053816,1249640,146,0.861454,3120
1050296,1249640,146,0.864459,3120
1054328,1249640,146,0.861011,3120
1051608,1249640,147,0.863329,3120
1049408,1249640,148,0.865160,3104
1053248,1249640,148,0.861913,3104
1054208,1249640,148,0.861046,3104
1054456,1249640,147,0.860831,3104
1058128,1249640,146,0.857523,3152
1055072,1249640,147,0.860252,3152
1052272,1249640,148,0.862662,3152
1055648,1249640,148,0.859703,3152
1053592,1249640,149,0.861529,3112
1055776,1249640,148,0.859597,3144
1056296,1249640,147,0.859136,3144
1053416,1249640,148,0.861674,3120
1053472,1249640,147,0.861626,3120
1049920,1249640,147,0.864650,3120
1051112,1249640,147,0.863623,3120
1048376,1249640,147,0.865906,3120
1044856,1249640,148,0.868686,3120
1047248,1249640,147,0.866810,3120
1046192,1249640,147,0.867683,3120
1048952,1249640,146,0.865453,3152
1051752,1249640,145,0.863141,3152
1048976,1249640,146,0.865460,3120
1047984,1249640,147,0.866273,3104
1045528,1249640,148,0.868214,3104
1048240,1249640,147,0.866061,3112
1044512,1249640,147,0.869032,3112
1041808,1249640,148,0.871092,3096
1040248,1249640,149,0.872244,3096
1038408,1249640,149,0.873611,3096
1037336,1249640,150,0.874375,3096
1034016,1249640,150,0.876714,3096
1035296,1249640,150,0.875802,3096
1036896,1249640,150,0.874651,3096
1034136,1249640,151,0.876589,3064
1034840,1249640,150,0.876106,3064
1036280,1249640,150,0.875073,3064
1036648,1249640,149,0.874803,3080
1040624,1249640,149,0.871909,3080
1037064,1249640,149,0.874510,3080
1037608,1249640,149,0.874091,3080
1034032,1249640,150,0.876583,3080
1037448,1249640,150,0.874170,3080
1038944,1249640,150,0.873064,3080
1042840,1249640,149,0.870155,3120
1042088,1249640,149,0.870793,3072
1040968,1249640,149,0.871661,3072
1039776,1249640,150,0.872536,3072
1035936,1249640,151,0.875274,3072
1037840,1249640,150,0.873914,3096
1038192,1249640,149,0.873663,3096
1038440,1249640,148,0.873485,3096
1042264,1249640,147,0.870673,3104
1038232,1249640,147,0.873663,3104
1037216,1249640,148,0.874386,3104
1040336,1249640,148,0.872103,3104
1043264,1249640,148,0.869882,3104
1046024,1249640,147,0.867727,3136
1043624,1249640,147,0.869620,3136
1045288,1249640,147,0.868302,3136
1042048,1249640,148,0.870775,3136
1041760,1249640,148,0.871026,3136
1043016,1249640,148,0.870046,3136
1039968,1249640,148,0.872349,3136
1039696,1249640,148,0.872583,3136
1041928,1249640,148,0.870901,3136
1039368,1249640,148,0.872821,3136
1035728,1249640,148,0.875441,3136
1035856,1249640,147,0.875347,3144
1032560,1249640,148,0.877634,3096
1034192,1249640,148,0.876496,3096
1035904,1249640,148,0.875280,3096
1039792,1249640,148,0.872472,3096
1038896,1249640,149,0.873128,3088
1035344,1249640,150,0.875641,3088
1035600,1249640,149,0.875464,3088
1035984,1249640,148,0.875190,3096
1032760,1249640,149,0.877403,3096
1035976,1249640,148,0.875190,3104
1033592,1249640,149,0.876834,3104
1029744,1249640,150,0.879398,3104
1031632,1249640,150,0.878121,3104
1027560,1249640,150,0.880806,3104
1023632,1249640,151,0.883257,3104
1021648,1249640,151,0.884486,3104
1018768,1249640,151,0.886236,3064
1015392,1249640,152,0.888167,3056
1016168,1249640,151,0.887730,3056
1013600,1249640,151,0.889189,3056
1015656,1249640,151,0.888018,3056
1018008,1249640,151,0.886652,3056
1017968,1249640,152,0.886675,3056
1019248,1249640,152,0.885905,3056
1021368,1249640,152,0.884625,3056
1025096,1249640,151,0.882355,3056
1023536,1249640,151,0.883345,3056
1026976,1249640,151,0.881177,3056
1025928,1249640,151,0.881867,3056
1029288,1249640,150,0.879710,3080
1026392,1249640,151,0.881560,3080
1026712,1249640,150,0.881354,3088
1026024,1249640,150,0.881842,3048
1022136,1249640,150,0.884256,3048
1025120,1249640,150,0.882405,3048
1028992,1249640,150,0.879922,3048
1033080,1249640,149,0.877192,3088
1032736,1249640,150,0.877441,3064
1031784,1249640,150,0.878111,3064
1033832,1249640,150,0.876698,3064
1034808,1249640,149,0.876001,3104
1036368,1249640,149,0.874882,3104
1034424,1249640,148,0.876298,3104
1037672,1249640,148,0.873994,3104
1039496,1249640,148,0.872647,3104
1036488,1249640,148,0.874832,3104
1038360,1249640,148,0.873468,3104
1037864,1249640,149,0.873823,3104
1033776,1249640,150,0.876703,3064
1031264,1249640,151,0.878393,3064
1030880,1249640,152,0.878652,3056
1029440,1249640,152,0.879627,3056
1032976,1249640,151,0.877273,3072
1035592,1249640,151,0.875447,3072
1037512,1249640,151,0.874062,3072
1039840,1249640,151,0.872349,3072
1041736,1249640,151,0.870912,3072
1037640,1249640,150,0.873971,3072
1039480,1249640,150,0.872612,3072
1037248,1249640,151,0.874222,3064
1036904,1249640,152,0.874465,3064
1037328,1249640,151,0.874165,3064
1034864,1249640,151,0.875924,3064
1032816,1249640,151,0.877354,3064
1036464,1249640,151,0.874809,3064
1035096,1249640,150,0.875841,3048
1033344,1249640,150,0.877073,3048
1034656,1249640,149,0.876144,3096
1031536,1249640,149,0.878286,3096
1028920,1249640,150,0.880026,3056
1028680,1249640,151,0.880191,3040
1029880,1249640,151,0.879382,3040
1027712,1249640,151,0.880811,3040
1031152,1249640,151,0.878546,3040
1033256,1249640,151,0.877106,3040
1036320,1249640,150,0.874972,3072
1036848,1249640,149,0.874601,3072
1040816,1249640,149,0.871703,3072
1044296,1249640,149,0.869044,3072
1042216,1249640,149,0.870697,3024
1041848,1249640,149,0.871020,3008
1039232,1249640,149,0.872978,3008
1041024,1249640,149,0.871632,3008
1039496,1249640,150,0.872751,3008
1039448,1249640,151,0.872786,3008
1041344,1249640,151,0.871359,3008
1043144,1249640,151,0.869973,3008
1045792,1249640,150,0.867927,3016
1044568,1249640,151,0.868878,3016
1047952,1249640,151,0.866177,3016
1046696,1249640,151,0.867216,3016
1046392,1249640,151,0.867494,3016
1048016,1249640,151,0.866164,3016
1044520,1249640,152,0.868915,3016
1042616,1249640,152,0.870420,2992
1039904,1249640,153,0.872437,2984
1037344,1249640,153,0.874312,2984
1039096,1249640,153,0.873024,2984
1035504,1249640,154,0.875569,2984
1035624,1249640,153,0.875486,2984
1039520,1249640,153,0.872682,2984
1040488,1249640,153,0.871939,2984
1040200,1249640,153,0.872185,2984
1040360,1249640,152,0.872068,2984
1041008,1249640,151,0.871567,3016
1041392,1249640,150,0.871282,3016
1044664,1249640,150,0.868767,3016
1043872,1249640,151,0.869376,3016
1045712,1249640,151,0.867915,3016
1043392,1249640,152,0.869705,3016
1042560,1249640,152,0.870378,3008
1040280,1249640,153,0.872074,3008
1037912,1249640,153,0.873823,3008
1040224,1249640,152,0.872144,3016
1042320,1249640,152,0.870553,3016
1038960,1249640,153,0.873047,2992
1042392,1249640,153,0.870481,2992
1044424,1249640,153,0.868896,2992
1045728,1249640,153,0.867846,2992
1044328,1249640,153,0.868970,2992
1040384,1249640,154,0.871939,2992
1041240,1249640,153,0.871294,3008
1041800,1249640,153,0.870841,3008
1039456,1249640,154,0.872571,3008
1036648,1249640,155,0.874584,3008
1038912,1249640,155,0.872931,3008
1038864,1249640,155,0.873001,3008
1039784,1249640,154,0.872314,3032
1041704,1249640,154,0.870859,3032
1040072,1249640,153,0.872138,3032
1041352,1249640,153,0.871157,3032
1040200,1249640,154,0.872044,2984
1042464,1249640,154,0.870324,2984
1039704,1249640,155,0.872396,2952
1042424,1249640,155,0.870342,2952
1041432,1249640,155,0.871121,2952
1044352,1249640,155,0.868872,2952
1041288,1249640,155,0.871229,2952
1043424,1249640,155,0.869584,2952
1040680,1249640,155,0.871679,2952
1040336,1249640,155,0.871968,2952
1042824,1249640,155,0.870076,2952
1041304,1249640,156,0.871217,2952
1044744,1249640,156,0.868569,2952
1041832,1249640,156,0.870823,2952
1044472,1249640,156,0.868779,2952
1048328,1249640,156,0.865693,2952
1046408,1249640,156,0.867273,2944
1045208,1249640,155,0.868289,2944
1048688,1249640,155,0.865486,2944
1050280,1249640,155,0.864142,2944
1047296,1249640,155,0.866606,2944
1047912,1249640,154,0.866106,2952
1046112,1249640,154,0.867576,2952
1050000,1249640,154,0.864406,2952
1048568,1249640,154,0.865616,2952
1044712,1249640,154,0.868705,2952
1043864,1249640,153,0.869431,2952
1041104,1249640,154,0.871508,2952
1044536,1249640,154,0.868878,2952
1044800,1249640,153,0.868674,2952
1048528,1249640,153,0.865687,2952
1049272,1249640,152,0.865049,2992
1045656,1249640,153,0.867940,2992
1044944,1249640,152,0.868569,2992
1048256,1249640,151,0.865932,3016
1049632,1249640,151,0.864774,3016
1046360,1249640,152,0.867406,3016
1045336,1249640,152,0.868258,3000
1042576,1249640,151,0.870444,3000
1043896,1249640,151,0.869406,3000
1042704,1249640,151,0.870348,3000
1046072,1249640,150,0.867745,3016
1048992,1249640,150,0.865375,3016
1047120,1249640,150,0.866918,3016
1049864,1249640,149,0.864689,3032
1047744,1249640,149,0.866446,3032
1045512,1249640,149,0.868246,3032
1041984,1249640,150,0.870936,3032
